3 0 0 1 0
3 0 0 1 0
3 0 0 1 0
4 0 0 1 0
4 0 0 1 0
4 0 0 1 0
4 0 0 1 0
5 0 0 1 0
5 0 0 1 0
5 0 0 1 0
6 0 0 1 0
6 0 0 1 0
6 0 0 1 0
6 0 0 1 0
7 0 0 1 0
7 0 0 1 0
7 0 0 1 0
7 0 0 1 0
7 0 0 1 0
8 0 0 1 0
8 0 0 1 0
8 0 0 1 0
9 0 0 1 0
9 0 0 1 0
9 0 0 1 0
9 0 0 1 0
10 0 0 1 0
10 0 0 1 0
10 0 0 1 0
10 0 0 1 0
11 1 0 2 0
11 1 0 2 0
11 0 0 1 0
11 0 0 1 0
11 0 0 1 0
11 0 0 1 0
11 0 0 1 0
12 0 0 1 0
12 0 0 1 0
12 0 0 1 0
13 0 0 1 0
13 0 0 1 0
13 0 0 1 0
13 0 0 1 0
13 0 0 1 0
13 0 0 1 0
14 0 0 1 0
14 1 0 2 0
14 0 0 1 0
14 0 0 1 0
14 0 0 1 0
14 0 0 1 0
15 1 0 2 0
15 0 0 1 0
15 0 0 1 0
15 0 0 1 0
15 0 0 1 0
16 0 0 1 0
16 0 0 1 0
16 0 0 1 0
16 0 0 1 0
16 0 0 1 0
17 0 0 1 0
17 0 0 1 0
17 0 0 1 0
17 0 0 1 0
17 0 0 1 0
18 0 0 1 0
18 0 0 1 0
18 0 0 2 0
18 0 0 1 0
18 0 0 1 0
19 0 0 1 0
19 0 0 1 0
19 0 0 1 0
19 0 0 1 0
20 1 0 2 0
20 1 0 2 0
20 0 0 1 0
20 0 0 1 0
20 0 0 1 0
20 0 0 1 0
21 0 0 1 0
21 0 0 1 0
21 1 0 2 0
21 0 0 1 0
21 0 0 1 0
21 0 0 1 0
22 0 0 1 0
22 0 0 1 0
22 0 0 1 0
22 0 0 1 0
22 0 0 1 0
23 1 0 2 0
23 0 0 1 0
23 0 0 1 0
23 0 0 1 0
23 0 0 1 0
24 0 0 1 0
24 0 0 1 0
24 0 0 1 0
25 0 0 1 0
25 0 0 1 0
25 0 0 1 0
25 0 0 1 0
25 0 0 1 0
26 1 0 2 0
26 0 0 1 0
26 0 0 1 0
26 0 0 1 0
26 0 0 1 0
26 0 0 1 0
27 1 0 2 0
27 1 0 2 0
27 1 0 2 0
27 0 0 1 0
27 0 0 1 0
27 0 0 1 0
27 0 0 1 0
27 0 0 1 0
28 0 0 1 0
28 0 0 1 0
28 0 0 1 0
28 0 0 1 0
28 0 0 1 0
29 0 0 1 0
29 0 0 1 0
29 0 0 1 0
29 0 0 1 0
29 0 0 1 0
30 0 0 1 0
30 0 0 1 0
30 0 0 1 0
30 0 0 1 0
31 0 0 1 0
31 0 0 1 0
31 0 0 1 0
31 0 0 1 0
31 0 0 1 0
32 0 0 1 0
32 0 0 1 0
32 0 0 1 0
32 0 0 1 0
33 0 0 2 0
33 0 0 1 0
33 0 0 1 0
33 0 0 1 0
33 0 0 1 0
34 0 0 1 0
34 1 0 2 0
34 0 0 1 0
34 0 0 1 0
34 0 0 1 0
34 0 0 1 0
34 0 0 1 0
35 0 0 1 0
35 0 0 1 0
35 0 0 1 0
35 0 0 1 0
35 0 0 1 0
36 1 0 2 0
36 0 0 1 0
36 0 0 1 0
36 0 0 1 0
36 0 0 1 0
37 1 0 2 0
37 0 0 1 0
37 0 0 1 0
37 0 0 1 0
37 0 0 1 0
37 0 0 1 0
38 0 0 1 0
38 0 0 1 0
38 0 0 1 0
38 0 0 1 0
38 0 0 1 0
39 1 0 2 0
39 0 0 1 0
39 0 0 1 0
39 0 0 1 0
39 0 0 1 0
40 0 0 1 0
40 0 0 1 0
40 0 0 1 0
40 0 0 1 0
40 0 0 1 0
41 0 0 1 0
41 0 0 1 0
41 0 0 1 0
41 0 0 1 0
41 0 0 1 0
42 0 0 1 0
42 0 0 1 0
42 0 0 1 0
42 0 0 1 0
42 0 0 1 0
43 1 0 2 0
43 0 0 1 0
43 0 0 1 0
43 0 0 1 0
43 0 0 1 0
43 0 0 1 0
44 0 0 1 0
44 0 0 1 0
44 0 0 1 0
44 0 0 1 0
44 0 0 1 0
45 0 0 1 0
45 0 0 1 0
45 0 0 1 0
45 0 0 1 0
46 1 0 2 0
46 1 0 2 0
46 0 0 1 0
46 0 0 1 0
46 0 0 1 0
46 0 0 1 0
46 0 0 1 0
47 1 0 2 0
47 0 0 2 0
47 0 0 1 0
47 0 0 1 0
47 0 0 1 0
47 0 0 1 0
48 0 0 1 0
48 0 0 1 0
48 0 0 1 0
48 0 0 1 0
48 0 0 1 0
49 0 0 1 0
49 0 0 1 0
49 0 0 1 0
49 0 0 1 0
49 0 0 1 0
50 1 0 2 0
50 0 0 1 0
50 0 0 1 0
50 0 0 1 0
51 1 0 2 0
51 0 0 1 0
51 0 0 1 0
51 0 0 1 0
51 0 0 1 0
51 0 0 1 0
52 0 0 1 0
52 0 0 1 0
52 0 0 1 0
53 0 0 1 0
53 1 0 2 0
53 0 0 1 0
53 0 0 1 0
53 0 0 1 0
53 0 0 1 0
54 0 0 1 0
54 0 0 1 0
54 0 0 1 0
54 0 0 1 0
54 0 0 1 0
55 1 0 2 0
55 0 0 1 0
55 0 0 1 0
55 0 0 1 0
55 0 0 1 0
56 0 0 1 0
56 0 0 1 0
56 0 0 1 0
56 0 0 1 0
56 0 0 1 0
57 1 0 2 0
57 1 0 2 0
57 6 0 4 0
57 0 0 1 0
57 0 0 1 0
57 1 0 2 0
57 0 0 1 0
57 0 0 1 0
58 1 0 2 0
58 0 0 1 0
58 0 0 1 0
58 0 0 1 0
58 0 0 1 0
58 0 0 1 0
59 0 0 1 0
59 0 0 1 0
59 0 0 1 0
59 0 0 1 0
59 0 0 1 0
60 0 0 1 0
60 0 0 1 0
60 0 0 1 0
60 0 0 1 0
61 0 0 1 0
61 0 0 1 0
61 0 0 1 0
62 0 0 1 0
62 0 0 1 0
62 0 0 1 0
62 0 0 1 0
62 0 0 1 0
63 0 0 2 0
63 0 0 1 0
63 0 0 1 0
63 0 0 1 0
63 0 0 1 0
63 0 0 1 0
64 0 0 1 0
64 1 0 2 0
64 0 0 1 0
64 0 0 1 0
64 0 0 1 0
64 1 0 2 0
65 0 0 1 0
65 0 0 1 0
65 0 0 1 0
65 0 0 1 0
65 0 0 1 0
66 0 0 1 0
66 1 0 2 0
66 0 0 1 0
66 0 0 1 0
66 0 0 1 0
67 0 0 1 0
67 0 0 1 0
67 0 0 1 0
67 0 0 1 0
67 0 0 1 0
68 1 0 2 0
68 0 0 1 0
68 0 0 1 0
68 1 0 2 0
68 0 0 1 0
69 1 0 2 0
69 0 0 1 0
69 0 0 1 0
69 0 0 1 0
69 0 0 2 0
69 0 0 1 0
70 0 0 1 0
70 0 0 1 0
70 0 0 1 0
70 0 0 1 0
71 0 0 1 0
71 0 0 1 0
71 0 0 1 0
72 0 0 1 0
72 0 0 1 0
72 0 0 1 0
72 0 0 1 0
72 0 0 1 0
73 0 0 2 0
73 0 0 1 0
73 0 0 1 0
73 0 0 1 0
73 0 0 1 0
74 1 0 2 0
74 0 0 2 0
74 0 0 1 0
74 0 0 1 0
74 0 0 1 0
74 0 0 1 0
75 0 0 1 0
75 0 0 1 0
75 0 0 1 0
75 0 0 1 0
76 0 0 1 0
76 0 0 1 0
76 0 0 1 0
76 0 0 1 0
76 0 0 1 0
76 0 0 1 0
77 0 0 1 0
77 0 0 2 0
77 0 0 1 0
77 0 0 1 0
78 1 0 2 0
78 1 0 3 0
78 0 0 1 0
78 0 0 1 0
78 0 0 1 0
78 0 0 1 0
79 1 0 2 0
79 0 0 1 0
79 0 0 1 0
79 0 0 1 0
79 0 0 1 0
80 0 0 1 0
80 0 0 1 0
80 0 0 1 0
80 0 0 1 0
80 0 0 1 0
81 1 0 2 0
81 0 0 1 0
81 0 0 1 0
81 0 0 1 0
81 0 0 1 0
81 0 0 1 0
82 1 0 2 0
82 0 0 1 0
82 0 0 1 0
82 0 0 1 0
82 0 0 1 0
83 0 0 1 0
83 0 0 1 0
83 0 0 2 0
83 0 0 1 0
83 0 0 1 0
84 0 0 1 0
84 0 0 1 0
84 0 0 1 0
84 0 0 1 0
85 1 0 2 0
85 0 0 1 0
85 0 0 1 0
85 0 0 1 0
85 0 0 1 0
85 0 0 2 0
86 1 0 2 0
86 1 0 2 0
86 0 0 1 0
86 0 0 1 0
86 0 0 1 0
86 0 0 1 0
86 0 0 1 0
87 0 0 1 0
87 0 0 2 0
87 0 0 1 0
87 0 0 1 0
87 0 0 1 0
87 0 0 1 0
88 0 0 1 0
88 0 0 1 0
88 0 0 1 0
88 0 0 1 0
88 0 0 1 0
89 0 0 1 0
89 0 0 1 0
89 0 0 1 0
89 0 0 1 0
89 0 0 1 0
90 0 0 1 0
90 0 0 1 0
90 0 0 1 0
91 0 0 1 0
91 0 0 1 0
91 0 0 1 0
91 0 0 1 0
92 0 0 2 0
92 0 0 1 0
92 0 0 1 0
92 0 0 1 0
92 0 0 1 0
93 1 0 3 0
93 0 0 1 0
93 0 0 1 0
93 0 0 1 0
93 0 0 1 0
93 0 0 1 0
94 1 0 2 0
94 0 0 1 0
94 0 0 1 0
94 0 0 1 0
94 0 0 1 0
94 0 0 1 0
95 0 0 1 0
95 0 0 1 0
95 0 0 1 0
95 0 0 1 0
96 0 0 1 0
96 0 0 1 0
96 0 0 1 0
96 0 0 1 0
96 0 0 1 0
97 0 0 2 0
97 0 0 1 0
97 0 0 1 0
97 0 0 1 0
97 0 0 1 0
97 0 0 1 0
98 0 0 2 0
98 0 0 2 0
98 1 0 2 0
98 0 0 1 0
98 0 0 1 0
98 0 0 1 0
98 0 0 1 0
98 0 0 1 0
99 0 0 1 0
99 0 0 1 0
99 0 0 1 0
99 0 0 1 0
99 0 0 1 0
99 0 0 1 0
100 0 0 1 0
100 0 0 1 0
100 0 0 1 0
100 0 0 1 0
100 0 0 1 0
100 0 0 1 0
101 0 0 1 0
101 0 0 1 0
101 0 0 1 0
101 0 0 1 0
102 1 0 2 0
102 2 0 2 0
102 0 0 1 0
102 0 0 1 0
102 0 0 1 0
102 0 0 1 0
103 0 0 1 0
103 0 0 1 0
103 0 0 1 0
103 0 0 1 0
103 0 0 1 0
103 0 0 1 0
104 1 0 2 0
104 0 0 1 0
104 0 0 1 0
104 0 0 1 0
104 0 0 1 0
104 0 0 2 0
105 0 0 1 0
105 0 0 1 0
105 0 0 1 0
105 0 0 1 0
105 0 0 1 0
105 0 0 1 0
106 0 0 1 0
106 0 0 1 0
106 0 0 1 0
106 0 0 1 0
107 0 0 2 0
107 0 0 1 0
107 0 0 1 0
107 0 0 1 0
107 0 0 1 0
108 0 0 1 0
108 0 0 1 0
108 0 0 2 0
108 0 0 2 0
109 1 0 2 0
109 0 0 1 0
109 0 0 1 0
109 0 0 1 0
109 0 0 1 0
109 0 0 1 0
110 0 0 1 0
110 0 0 1 0
110 0 0 1 0
110 0 0 1 0
110 0 0 1 0
111 0 0 1 0
111 0 0 1 0
111 0 0 1 0
111 0 0 1 0
111 0 0 1 0
112 0 0 1 0
112 0 0 1 0
112 0 0 1 0
112 0 0 1 0
112 0 0 1 0
113 0 0 1 0
113 0 0 2 0
113 0 0 1 0
113 0 0 1 0
113 1 0 2 0
113 1 0 2 0
114 0 0 1 0
114 0 0 1 0
114 0 0 1 0
114 0 0 1 0
114 0 0 1 0
115 0 0 1 0
115 0 0 1 0
115 0 0 1 0
115 0 0 1 0
115 0 0 1 0
116 0 0 1 0
116 1 0 2 0
116 0 0 1 0
116 0 0 1 0
116 0 0 1 0
116 0 0 1 0
116 0 0 1 0
117 1 0 2 0
117 0 0 1 0
117 0 0 1 0
117 0 0 1 0
117 0 0 1 0
117 0 0 1 0
118 1 0 2 0
118 0 0 1 0
118 0 0 1 0
118 0 0 1 0
118 0 0 1 0
118 0 0 1 0
119 0 0 1 0
119 0 0 1 0
119 0 0 1 0
119 0 0 1 0
119 1 0 2 0
120 0 0 1 0
120 0 0 1 0
120 0 0 1 0
121 1 0 2 0
121 0 0 1 0
121 0 0 1 0
121 0 0 2 0
121 0 0 1 0
121 0 0 1 0
122 0 0 2 0
122 0 0 1 0
122 0 0 1 0
122 0 0 1 0
122 0 0 1 0
123 1 0 2 0
123 0 0 1 0
123 0 0 1 0
123 0 0 1 0
123 0 0 1 0
123 0 0 1 0
124 1 0 1 0
124 0 0 1 0
124 0 0 1 0
124 0 0 1 0
124 0 0 1 0
124 0 0 1 0
125 1 0 2 0
125 0 0 1 0
125 0 0 1 0
125 0 0 1 0
125 0 0 1 0
126 0 0 1 0
126 0 0 1 0
126 1 0 2 0
126 0 0 1 0
126 0 0 1 0
126 0 0 1 0
127 0 0 1 0
127 0 0 1 0
127 0 0 1 0
127 0 0 1 0
127 0 0 1 0
128 0 0 1 0
128 0 0 1 0
128 0 0 1 0
128 0 0 1 0
128 0 0 1 0
128 0 0 1 0
129 0 0 1 0
129 0 0 1 0
129 0 0 1 0
129 0 0 1 0
129 0 0 1 0
130 1 0 2 0
130 0 0 1 0
130 0 0 1 0
130 0 0 1 0
130 0 0 1 0
131 1 0 2 0
131 0 0 1 0
131 0 0 1 0
131 0 0 1 0
131 0 0 1 0
131 0 0 1 0
132 1 0 2 0
132 0 0 1 0
132 1 0 3 0
132 0 0 1 0
132 1 0 3 0
132 0 0 1 0
133 1 0 2 0
133 0 0 1 0
133 0 0 1 0
133 0 0 1 0
133 0 0 1 0
134 1 0 2 0
134 0 0 1 0
134 0 0 1 0
134 0 0 1 0
134 0 0 1 0
135 1 0 2 0
135 0 0 1 0
135 0 0 1 0
135 0 0 1 0
135 0 0 1 0
136 0 0 1 0
136 0 0 1 0
136 0 0 1 0
136 0 0 1 0
136 0 0 2 0
136 0 0 1 0
137 0 0 1 0
137 0 0 1 0
137 0 0 1 0
137 0 0 1 0
137 0 0 1 0
138 0 0 1 0
138 0 0 1 0
138 0 0 1 0
138 0 0 1 0
139 2 0 2 0
139 0 0 1 0
139 0 0 1 0
139 0 0 1 0
139 0 0 1 0
140 0 0 1 0
140 0 0 1 0
140 0 0 1 0
140 0 0 1 0
140 0 0 1 0
141 0 0 1 0
141 0 0 1 0
141 0 0 1 0
141 0 0 1 0
142 1 0 2 0
142 0 0 1 0
142 0 0 1 0
142 0 0 1 0
142 0 0 1 0
143 1 0 2 0
143 1 0 2 0
143 0 0 1 0
143 0 0 1 0
143 0 0 1 0
143 0 0 1 0
143 0 0 1 0
144 1 0 2 0
144 0 0 1 0
144 0 0 1 0
144 0 0 1 0
144 0 0 1 0
145 0 0 1 0
145 0 0 1 0
145 0 0 1 0
145 0 0 1 0
145 0 0 1 0
146 0 0 1 0
146 1 0 2 0
146 0 0 1 0
146 0 0 1 0
146 0 0 1 0
147 0 0 1 0
147 0 0 1 0
147 0 0 1 0
147 0 0 1 0
147 0 0 1 0
148 0 0 1 0
148 1 0 2 0
148 0 0 1 0
148 0 0 1 0
148 0 0 1 0
149 1 0 2 0
149 0 0 1 0
149 0 0 1 0
149 0 0 1 0
149 0 0 1 0
150 1 0 2 0
150 1 0 3 0
150 0 0 1 0
150 0 0 1 0
150 0 0 1 0
151 0 0 1 0
151 0 0 1 0
151 0 0 1 0
151 0 0 1 0
152 1 0 3 0
152 0 0 1 0
152 0 0 1 0
152 0 0 1 0
152 0 0 1 0
152 0 0 1 0
153 0 0 1 0
153 0 0 1 0
153 0 0 1 0
153 0 0 1 0
153 0 0 1 0
154 0 0 1 0
154 0 0 1 0
154 0 0 1 0
154 0 0 1 0
155 0 0 1 0
155 0 0 1 0
155 1 0 2 0
155 0 0 1 0
155 0 0 1 0
156 0 0 1 0
156 0 0 1 0
156 0 0 1 0
156 0 0 1 0
157 1 0 2 0
157 0 0 1 0
157 0 0 1 0
157 0 0 1 0
157 0 0 1 0
157 0 0 1 0
158 1 0 2 0
158 0 0 1 0
158 0 0 1 0
158 0 0 1 0
158 0 0 1 0
158 0 0 1 0
159 0 0 1 0
159 1 0 2 0
159 1 0 2 0
159 0 0 1 0
159 0 0 1 0
159 0 0 1 0
159 0 0 1 0
159 0 0 1 0
160 0 0 1 0
160 0 0 1 0
160 0 0 1 0
160 0 0 1 0
161 1 0 2 0
161 0 0 1 0
161 0 0 1 0
161 0 0 1 0
161 0 0 1 0
161 0 0 1 0
162 0 0 1 0
162 1 0 2 0
162 0 0 1 0
162 1 0 2 0
162 0 0 1 0
162 0 0 1 0
163 1 0 2 0
163 0 0 1 0
163 0 0 1 0
163 0 0 1 0
163 0 0 1 0
163 0 0 1 0
164 1 0 2 0
164 0 0 1 0
164 0 0 1 0
164 0 0 1 0
164 0 0 1 0
165 1 0 1 0
165 0 0 1 0
165 1 0 2 0
165 0 0 1 0
165 0 0 2 0
166 0 0 1 0
166 0 0 1 0
166 0 0 1 0
167 0 0 1 0
167 0 0 1 0
167 0 0 1 0
167 0 0 1 0
168 1 0 2 0
168 0 0 1 0
168 0 0 1 0
168 0 0 1 0
168 0 0 1 0
168 0 0 1 0
169 2 0 2 0
169 0 0 1 0
169 1 0 3 0
169 0 0 1 0
169 0 0 1 0
169 0 0 1 0
169 0 0 1 0
170 1 0 2 0
170 0 0 1 0
170 0 0 1 0
170 0 0 1 0
170 0 0 1 0
171 1 0 2 0
171 0 0 1 0
171 0 0 1 0
171 1 0 2 0
171 0 0 1 0
171 0 0 1 0
172 0 0 1 0
172 0 0 1 0
172 0 0 1 0
172 0 0 1 0
172 0 0 1 0
173 1 0 1 0
173 1 0 2 0
173 0 0 1 0
173 0 0 1 0
173 0 0 1 0
173 0 0 1 0
173 0 0 1 0
174 0 0 1 0
174 0 0 1 0
174 0 0 1 0
174 0 0 1 0
174 0 0 1 0
175 0 0 1 0
175 0 0 1 0
175 0 0 1 0
175 0 0 1 0
176 0 0 1 0
176 1 0 2 0
176 0 0 1 0
176 0 0 1 0
176 0 0 1 0
176 0 0 1 0
177 0 0 1 0
177 0 0 1 0
177 0 0 1 0
177 0 0 1 0
177 0 0 1 0
178 0 0 1 0
178 0 0 1 0
178 0 0 1 0
178 0 0 1 0
178 0 0 1 0
179 0 0 1 0
179 1 0 4 0
179 0 0 1 0
179 0 0 1 0
180 0 0 1 0
180 0 0 1 0
180 0 0 1 0
180 0 0 1 0
181 0 0 1 0
181 0 0 1 0
181 0 0 1 0
181 0 0 1 0
181 0 0 1 0
182 1 0 2 0
182 1 0 2 0
182 0 0 1 0
182 0 0 1 0
182 0 0 1 0
182 0 0 1 0
183 0 0 1 0
183 0 0 1 0
183 0 0 1 0
183 0 0 1 0
183 0 0 1 0
184 0 0 1 0
184 0 0 1 0
184 0 0 1 0
185 1 0 2 0
185 0 0 1 0
185 0 0 1 0
185 0 0 1 0
185 0 0 1 0
186 0 0 2 0
186 0 0 1 0
186 0 0 1 0
186 0 0 1 0
186 0 0 1 0
187 0 0 1 0
187 0 0 1 0
187 0 0 1 0
187 0 0 1 0
187 0 0 1 0
188 0 0 1 0
188 0 0 1 0
188 0 0 1 0
188 0 0 1 0
188 0 0 1 0
189 0 0 1 0
189 0 0 1 0
189 0 0 1 0
189 0 0 1 0
190 1 0 2 0
190 0 0 1 0
190 0 0 1 0
190 0 0 1 0
190 0 0 1 0
190 0 0 1 0
191 1 0 2 0
191 0 0 1 0
191 0 0 1 0
191 0 0 1 0
191 0 0 1 0
192 2 0 2 0
192 0 0 1 0
192 1 0 2 0
192 0 0 1 0
192 0 0 1 0
192 0 0 1 0
193 1 0 2 0
193 0 0 1 0
193 0 0 1 0
193 0 0 1 0
193 0 0 1 0
193 0 0 1 0
194 0 0 1 0
194 0 0 1 0
194 0 0 1 0
194 0 0 1 0
195 0 0 1 0
195 0 0 1 0
195 0 0 1 0
195 0 0 1 0
195 0 0 1 0
196 0 0 1 0
196 0 0 1 0
196 0 0 2 0
196 0 0 1 0
197 0 0 1 0
197 0 0 1 0
197 0 0 1 0
197 0 0 1 0
197 0 0 1 0
198 1 0 2 0
198 0 0 1 0
198 1 0 2 0
198 0 0 1 0
198 0 0 1 0
199 2 0 3 0
199 0 0 1 0
199 0 0 1 0
199 0 0 1 0
199 0 0 1 0
199 0 0 1 0
200 0 0 1 0
200 0 0 1 0
200 0 0 1 0
200 0 0 1 0
201 0 0 1 0
201 0 0 2 0
202 1 0 2 0
202 0 0 1 0
202 0 0 1 0
202 0 0 1 0
202 0 0 1 0
202 0 0 1 0
203 0 0 1 0
203 0 0 1 0
203 0 0 1 0
203 0 0 1 0
203 0 0 1 0
203 0 0 1 0
204 2 0 3 0
204 0 0 1 0
204 0 0 1 0
204 0 0 1 0
204 0 0 1 0
204 0 0 1 0
205 0 0 1 0
205 0 0 2 0
205 0 0 1 0
205 0 0 1 0
205 0 0 1 0
205 0 0 2 0
206 0 0 1 0
206 0 0 1 0
206 0 0 1 0
206 0 0 1 0
207 1 0 2 0
207 1 0 2 0
207 0 0 1 0
207 0 0 1 0
207 0 0 1 0
207 0 0 1 0
207 0 0 1 0
208 1 0 2 0
208 0 0 1 0
208 0 0 1 0
208 0 0 1 0
208 0 0 1 0
208 0 0 1 0
209 0 0 1 0
209 0 0 1 0
209 0 0 1 0
209 0 0 1 0
209 0 0 1 0
210 1 0 2 0
210 0 0 1 0
210 0 0 1 0
210 0 0 1 0
210 0 0 1 0
211 0 0 2 0
211 0 0 1 0
211 0 0 1 0
211 0 0 1 0
212 0 0 2 0
212 0 0 1 0
212 0 0 1 0
212 0 0 2 0
213 1 0 2 0
213 0 0 1 0
213 0 0 1 0
213 0 0 1 0
213 0 0 1 0
213 0 0 1 0
214 1 0 2 0
214 0 0 1 0
214 0 0 1 0
214 0 0 1 0
214 0 0 1 0
215 0 0 1 0
215 0 0 1 0
215 0 0 1 0
215 0 0 1 0
216 0 0 1 0
216 0 0 1 0
216 0 0 1 0
216 0 0 1 0
216 0 0 1 0
217 2 0 2 0
217 0 0 1 0
217 0 0 1 0
217 0 0 1 0
217 0 0 1 0
218 1 0 2 0
218 1 0 2 0
218 0 0 1 0
218 0 0 1 0
218 0 0 2 0
218 0 0 1 0
219 0 0 1 0
219 0 0 1 0
219 0 0 1 0
219 0 0 1 0
219 0 0 1 0
220 0 0 1 0
220 0 0 1 0
220 0 0 1 0
220 0 0 1 0
221 0 0 1 0
221 0 0 1 0
221 0 0 2 0
221 0 0 1 0
222 1 0 2 0
222 1 0 3 0
222 0 0 1 0
222 0 0 1 0
222 0 0 1 0
222 0 0 1 0
222 0 0 1 0
223 1 0 2 0
223 2 0 2 0
223 0 0 1 0
223 0 0 1 0
223 0 0 1 0
223 0 0 1 0
223 0 0 1 0
224 1 0 2 0
224 0 0 1 0
224 0 0 1 0
224 0 0 1 0
224 0 0 1 0
224 0 0 1 0
225 0 0 1 0
225 0 0 1 0
225 0 0 2 0
225 0 0 1 0
226 0 0 1 0
226 0 0 1 0
226 0 0 1 0
227 0 0 2 0
227 0 0 1 0
227 0 0 1 0
227 0 0 1 0
227 0 0 1 0
227 0 0 1 0
228 1 0 3 0
228 0 0 1 0
228 0 0 1 0
228 0 0 1 0
228 0 0 1 0
228 0 0 1 0
229 0 0 1 0
229 0 0 1 0
229 0 0 1 0
229 0 0 1 0
229 0 0 1 0
230 1 0 2 0
230 0 0 1 0
230 1 0 2 0
230 0 0 1 0
230 0 0 1 0
230 0 0 1 0
231 0 0 1 0
231 0 0 1 0
231 0 0 1 0
232 0 0 1 0
232 0 0 1 0
232 0 0 1 0
232 0 0 1 0
232 0 0 1 0
233 0 0 2 0
233 0 0 1 0
233 0 0 1 0
234 0 0 1 0
234 0 0 1 0
234 0 0 1 0
234 0 0 1 0
234 0 0 2 0
235 1 0 2 0
235 0 0 1 0
235 0 0 1 0
235 0 0 1 0
235 0 0 1 0
236 0 0 2 0
236 0 0 1 0
236 0 0 1 0
236 0 0 1 0
236 0 0 1 0
236 0 0 1 0
237 0 0 2 0
237 0 0 1 0
237 0 0 1 0
237 0 0 2 0
238 1 0 2 0
238 0 0 1 0
238 0 0 1 0
238 0 0 1 0
238 0 0 1 0
238 0 0 1 0
239 1 0 2 0
239 0 0 1 0
239 0 0 1 0
239 0 0 1 0
239 0 0 1 0
239 0 0 1 0
240 0 0 1 0
240 0 0 1 0
240 0 0 1 0
240 0 0 1 0
241 1 0 2 0
241 0 0 1 0
241 0 0 1 0
241 0 0 1 0
241 0 0 1 0
241 0 0 1 0
242 1 0 2 0
242 0 0 1 0
242 0 0 1 0
242 0 0 1 0
242 0 0 1 0
242 0 0 1 0
243 0 0 1 0
243 0 0 1 0
243 0 0 1 0
243 0 0 1 0
243 0 0 1 0
244 0 0 1 0
244 0 0 1 0
244 0 0 1 0
244 0 0 1 0
244 0 0 1 0
245 0 0 2 0
245 0 0 1 0
245 0 0 1 0
245 0 0 1 0
245 0 0 1 0
246 0 0 1 0
246 1 0 2 0
246 0 0 1 0
246 0 0 1 0
246 0 0 1 0
247 1 0 2 0
247 0 0 1 0
247 0 0 1 0
247 0 0 1 0
247 0 0 1 0
247 0 0 1 0
248 1 0 2 0
248 0 0 1 0
248 0 0 1 0
248 0 0 1 0
248 0 0 1 0
248 0 0 1 0
249 0 0 1 0
249 0 0 1 0
249 0 0 1 0
249 0 0 2 0
249 0 0 1 0
250 0 0 1 0
250 0 0 1 0
250 0 0 1 0
250 0 0 2 0
251 0 0 1 0
251 0 0 1 0
251 0 0 1 0
251 0 0 1 0
251 0 0 1 0
252 0 0 1 0
252 0 0 1 0
252 0 0 1 0
252 0 0 1 0
252 0 0 1 0
253 0 0 1 0
253 0 0 1 0
253 0 0 1 0
253 0 0 1 0
253 0 0 1 0
254 0 0 1 0
254 0 0 1 0
254 0 0 1 0
254 0 0 1 0
254 0 0 1 0
255 1 0 2 0
255 0 0 1 0
255 0 0 1 0
255 0 0 1 0
255 1 0 2 0
255 1 0 2 0
256 0 0 1 0
256 0 0 1 0
256 1 0 3 0
256 0 0 1 0
256 0 0 1 0
257 1 0 2 0
257 0 0 1 0
257 0 0 1 0
257 0 0 1 0
257 0 0 1 0
258 0 0 2 0
258 0 0 1 0
258 0 0 1 0
258 0 0 1 0
258 0 0 1 0
258 0 0 1 0
259 1 0 2 0
259 1 0 2 0
259 0 0 1 0
259 0 0 1 0
259 0 0 1 0
259 0 0 1 0
260 0 0 1 0
260 0 0 1 0
260 0 0 1 0
260 0 0 1 0
260 0 0 1 0
261 0 0 1 0
261 0 0 1 0
261 0 0 1 0
261 0 0 1 0
262 1 0 2 0
262 0 0 1 0
262 0 0 1 0
262 0 0 1 0
262 1 0 2 0
262 0 0 1 0
263 1 0 2 0
263 0 0 1 0
263 0 0 1 0
263 0 0 1 0
263 0 0 1 0
263 0 0 1 0
264 0 0 1 0
264 0 0 1 0
264 0 0 1 0
264 0 0 1 0
265 0 0 2 0
265 0 0 1 0
265 0 0 1 0
266 0 0 1 0
266 0 0 1 0
266 0 0 1 0
266 0 0 1 0
266 0 0 1 0
267 1 0 2 0
267 0 0 1 0
267 0 0 1 0
267 0 0 1 0
267 0 0 1 0
267 0 0 1 0
268 0 0 1 0
268 0 0 1 0
268 0 0 1 0
268 1 0 2 0
268 0 0 1 0
269 0 0 1 0
269 0 0 1 0
269 0 0 1 0
269 0 0 1 0
269 0 0 1 0
269 0 0 1 0
270 0 0 1 0
270 0 0 1 0
270 0 0 1 0
270 0 0 1 0
270 0 0 1 0
271 0 0 1 0
271 0 0 1 0
271 0 0 1 0
271 0 0 1 0
271 0 0 1 0
272 0 0 1 0
272 1 0 2 0
272 0 0 1 0
272 0 0 1 0
272 0 0 1 0
273 0 0 1 0
273 0 0 1 0
273 0 0 1 0
273 0 0 1 0
273 0 0 1 0
274 1 0 1 0
274 2 0 4 0
274 0 0 1 0
274 0 0 1 0
274 0 0 1 0
274 0 0 1 0
274 1 0 2 0
275 1 0 2 0
275 0 0 1 0
275 0 0 1 0
275 0 0 1 0
275 0 0 1 0
276 1 0 2 0
276 1 0 2 0
276 0 0 1 0
276 0 0 1 0
276 0 0 1 0
276 0 0 1 0
276 0 0 1 0
277 0 0 1 0
277 0 0 1 0
277 0 0 1 0
277 0 0 1 0
277 0 0 1 0
278 0 0 1 0
278 0 0 1 0
278 0 0 1 0
278 0 0 1 0
278 0 0 1 0
279 1 0 2 0
279 0 0 1 0
279 0 0 1 0
279 0 0 1 0
279 0 0 1 0
279 0 0 1 0
280 0 0 1 0
280 0 0 1 0
280 0 0 1 0
280 0 0 1 0
281 0 0 1 0
281 0 0 1 0
281 0 0 1 0
281 0 0 1 0
282 0 0 1 0
282 0 0 1 0
282 0 0 1 0
282 0 0 1 0
282 0 0 1 0
283 1 0 2 0
283 0 0 1 0
283 0 0 1 0
283 0 0 1 0
283 0 0 1 0
284 0 0 1 0
284 0 0 1 0
284 0 0 1 0
284 0 0 1 0
284 0 0 2 0
285 0 0 1 0
285 0 0 1 0
285 0 0 1 0
285 0 0 1 0
285 0 0 1 0
286 1 0 2 0
286 0 0 1 0
286 0 0 1 0
286 0 0 1 0
286 0 0 1 0
287 1 0 2 0
287 0 0 1 0
287 0 0 1 0
287 0 0 1 0
287 0 0 1 0
287 0 0 1 0
288 1 0 2 0
288 0 0 1 0
288 0 0 1 0
288 0 0 1 0
288 0 0 1 0
288 0 0 1 0
289 1 0 2 0
289 0 0 1 0
289 0 0 1 0
289 0 0 1 0
289 0 0 1 0
290 0 0 1 0
290 0 0 1 0
290 0 0 1 0
290 0 0 1 0
290 0 0 1 0
290 0 0 1 0
291 0 0 1 0
291 0 0 1 0
291 0 0 1 0
291 0 0 1 0
291 0 0 1 0
292 0 0 1 0
292 0 0 1 0
292 0 0 1 0
292 0 0 1 0
292 0 0 2 0
293 0 0 1 0
293 0 0 1 0
293 0 0 1 0
293 0 0 1 0
293 0 0 1 0
293 0 0 1 0
294 1 0 2 0
294 0 0 1 0
294 0 0 1 0
294 0 0 1 0
294 0 0 1 0
294 0 0 1 0
295 0 0 1 0
295 0 0 1 0
295 0 0 1 0
295 0 0 1 0
295 0 0 1 0
296 1 0 2 0
296 0 0 1 0
296 0 0 1 0
296 0 0 1 0
296 0 0 1 0
296 0 0 1 0
297 0 0 1 0
297 0 0 1 0
297 0 0 1 0
297 0 0 1 0
297 0 0 1 0
298 1 0 2 0
298 0 0 1 0
298 0 0 1 0
298 0 0 1 0
298 0 0 1 0
298 0 0 1 0
299 0 0 1 0
299 0 0 1 0
299 0 0 1 0
299 4 0 0 1 0
299 5 0 0 1 0
300 1 0 0 1 0
300 2 0 0 1 0
300 3 0 0 1 0
300 4 0 0 1 0
300 5 0 0 1 0
301 1 0 0 1 0
301 2 0 0 1 0
301 3 0 0 1 0
301 5 0 0 1 0
301 5 1 0 2 0
302 1 0 0 1 0
302 2 0 0 1 0
302 3 0 0 1 0
302 4 0 0 1 0
302 5 0 0 1 0
303 1 0 0 1 0
303 2 0 0 1 0
303 3 0 0 1 0
303 5 0 0 1 0
304 1 0 0 1 0
304 2 0 0 1 0
304 3 0 0 1 0
304 4 0 0 1 0
304 5 0 0 1 0
305 1 0 0 1 0
305 2 0 0 1 0
305 3 0 0 1 0
305 4 0 0 1 0
306 0 1 0 2 0
306 1 0 0 1 0
306 2 0 0 2 0
306 3 0 0 1 0
306 4 0 0 1 0
306 5 0 0 1 0
307 0 1 0 2 0
307 1 0 0 1 0
307 2 0 0 1 0
307 3 0 0 1 0
307 4 0 0 1 0
307 5 0 0 1 0
308 1 0 0 1 0
308 2 0 0 1 0
308 3 0 0 1 0
308 4 0 0 1 0
308 5 0 0 1 0
309 0 1 0 2 0
309 1 0 0 1 0
309 2 0 0 1 0
309 3 0 0 1 0
309 4 0 0 1 0
309 5 0 0 1 0
310 2 0 0 1 0
310 3 1 0 3 0
310 4 0 0 1 0
310 5 0 0 1 0
311 0 1 0 2 0
311 1 0 0 1 0
311 2 0 0 1 0
311 3 0 0 1 0
311 4 0 0 1 0
311 5 0 0 1 0
312 0 1 0 2 0
312 1 0 0 1 0
312 3 1 0 3 0
312 3 1 0 2 0
312 3 0 0 1 0
312 4 0 0 1 0
312 5 0 0 1 0
313 1 0 0 1 0
313 2 0 0 1 0
313 3 0 0 1 0
313 4 0 0 1 0
313 5 0 0 1 0
314 1 0 0 1 0
314 2 0 0 1 0
314 3 0 0 1 0
314 4 0 0 1 0
315 1 1 0 3 0
315 2 0 0 1 0
315 3 0 0 1 0
315 4 0 0 1 0
315 5 0 0 1 0
316 0 2 0 2 0
316 0 1 0 3 0
316 1 0 0 1 0
316 2 0 0 1 0
316 3 0 0 1 0
316 4 0 0 1 0
316 5 0 0 1 0
317 1 0 0 1 0
317 2 0 0 1 0
317 3 0 0 1 0
317 4 0 0 1 0
317 5 0 0 1 0
318 1 1 0 2 0
318 2 0 0 1 0
318 3 1 0 2 0
318 4 0 0 1 0
318 5 0 0 1 0
319 1 0 0 1 0
319 2 0 0 1 0
319 3 0 0 1 0
319 4 0 0 1 0
319 5 0 0 1 0
320 1 0 0 1 0
320 2 0 0 1 0
320 3 0 0 1 0
320 4 0 0 1 0
321 1 0 0 1 0
321 3 0 0 1 0
321 4 0 0 1 0
321 5 0 0 1 0
322 0 1 0 2 0
322 2 0 0 1 0
322 3 0 0 1 0
322 4 0 0 2 0
322 5 1 0 2 0
323 0 1 0 2 0
323 0 1 0 2 0
323 1 0 0 1 0
323 2 0 0 1 0
323 3 0 0 1 0
323 4 0 0 1 0
324 2 0 0 1 0
324 3 0 0 1 0
324 4 0 0 1 0
324 5 0 0 1 0
325 0 1 0 2 0
325 1 0 0 1 0
325 2 0 0 1 0
325 3 0 0 1 0
325 4 0 0 1 0
325 5 0 0 1 0
326 1 0 0 1 0
326 2 0 0 1 0
326 3 0 0 1 0
326 4 0 0 1 0
326 5 0 0 1 0
327 0 0 0 1 0
327 1 0 0 1 0
327 2 0 0 1 0
327 3 0 0 1 0
327 4 0 0 1 0
327 5 0 0 1 0
328 2 0 0 1 0
328 3 0 0 1 0
328 4 0 0 1 0
328 5 0 0 1 0
329 0 1 0 1 0
329 1 0 0 1 0
329 2 0 0 1 0
329 3 0 0 1 0
329 4 0 0 1 0
329 5 0 0 1 0
330 0 1 0 3 0
330 1 0 0 1 0
330 2 0 0 1 0
330 3 0 0 1 0
330 4 0 0 1 0
330 5 0 0 1 0
331 0 1 0 2 0
331 1 0 0 1 0
331 3 1 0 3 0
331 4 0 0 1 0
331 5 0 0 1 0
332 0 0 0 1 0
332 1 0 0 1 0
332 2 0 0 1 0
332 3 0 0 1 0
332 5 0 0 1 0
333 1 0 0 1 0
333 2 0 0 1 0
333 2 1 0 2 0
333 3 0 0 1 0
333 4 0 0 1 0
333 5 0 0 1 0
334 1 0 0 1 0
334 2 0 0 1 0
334 3 0 0 1 0
334 4 0 0 1 0
334 5 0 0 1 0
335 0 1 0 3 0
335 0 1 0 2 0
335 2 0 0 1 0
335 3 0 0 1 0
335 4 0 0 1 0
335 5 0 0 1 0
336 0 1 0 2 0
336 1 0 0 1 0
336 2 0 0 1 0
336 3 0 0 1 0
336 4 0 0 1 0
336 5 0 0 1 0
337 0 1 0 2 0
337 1 0 0 1 0
337 2 0 0 1 0
337 4 0 0 1 0
337 5 0 0 1 0
338 1 0 0 1 0
338 2 1 0 3 0
338 3 0 0 1 0
338 4 0 0 1 0
338 5 0 0 1 0
339 2 0 0 1 0
339 4 0 0 1 0
339 5 0 0 1 0
340 1 0 0 1 0
340 2 0 0 1 0
340 3 0 0 1 0
340 5 0 0 1 0
341 1 0 0 1 0
341 2 0 0 1 0
341 3 0 0 1 0
341 4 0 0 1 0
341 5 0 0 1 0
342 1 0 0 1 0
342 2 0 0 1 0
342 3 0 0 1 0
342 4 0 0 1 0
342 5 0 0 1 0
343 0 1 0 2 0
343 1 0 0 1 0
343 2 0 0 1 0
343 3 0 0 1 0
343 4 0 0 1 0
343 5 0 0 1 0
344 0 1 0 2 0
344 1 0 0 1 0
344 2 0 0 1 0
344 3 0 0 1 0
344 4 0 0 1 0
344 5 0 0 1 0
345 1 0 0 1 0
345 2 1 0 2 0
345 3 0 0 1 0
345 4 0 0 1 0
345 5 0 0 1 0
346 0 1 0 2 0
346 3 0 0 1 0
346 4 0 0 1 0
346 5 0 0 1 0
347 1 0 0 1 0
347 2 0 0 1 0
347 3 0 0 1 0
347 4 0 0 1 0
347 5 0 0 1 0
348 1 0 0 1 0
348 2 1 0 2 0
348 3 0 0 1 0
348 4 0 0 1 0
348 5 0 0 1 0
349 0 1 0 2 0
349 1 0 0 1 0
349 2 0 0 1 0
349 3 0 0 1 0
349 5 0 0 1 0
350 0 0 0 2 0
350 1 0 0 1 0
350 2 0 0 1 0
350 3 0 0 1 0
350 4 0 0 1 0
350 5 1 0 2 0
351 1 0 0 1 0
351 2 0 0 1 0
351 3 0 0 1 0
351 4 0 0 1 0
351 5 0 0 1 0
352 0 1 0 2 0
352 1 0 0 1 0
352 2 0 0 1 0
352 3 0 0 1 0
352 4 0 0 1 0
352 5 0 0 1 0
353 0 1 0 2 0
353 1 0 0 1 0
353 2 0 0 1 0
353 3 1 0 2 0
353 4 0 0 1 0
354 0 0 0 1 0
354 1 0 0 1 0
354 2 0 0 1 0
354 3 0 0 1 0
354 4 0 0 1 0
355 1 0 0 1 0
355 2 0 0 1 0
355 3 0 0 1 0
355 4 0 0 1 0
355 5 0 0 1 0
356 0 1 0 2 0
356 1 0 0 1 0
356 2 0 0 1 0
356 3 0 0 1 0
356 4 0 0 1 0
356 5 0 0 1 0
357 1 0 0 1 0
357 2 0 0 1 0
357 4 0 0 1 0
357 5 0 0 1 0
358 0 1 0 2 0
358 1 0 0 1 0
358 2 0 0 1 0
358 3 0 0 1 0
358 5 0 0 1 0
359 0 1 0 2 0
359 1 0 0 1 0
359 2 0 0 1 0
359 4 0 0 1 0
359 5 0 0 1 0
360 1 0 0 2 0
360 2 0 0 1 0
360 3 0 0 1 0
360 4 0 0 1 0
360 5 0 0 1 0
361 0 1 0 1 0
361 0 1 0 2 0
361 1 0 0 1 0
361 2 0 0 1 0
361 3 0 0 1 0
361 5 0 0 1 0
362 0 1 0 2 0
362 1 0 0 1 0
362 2 0 0 1 0
362 4 0 0 1 0
362 5 0 0 1 0
363 0 1 0 2 0
363 1 0 0 1 0
363 2 0 0 1 0
363 3 0 0 1 0
363 4 0 0 1 0
363 5 0 0 1 0
364 0 1 0 2 0
364 0 1 0 2 0
364 1 0 0 1 0
364 2 0 0 1 0
364 3 0 0 1 0
364 4 0 0 1 0
364 5 0 0 1 0
365 0 1 0 2 0
365 1 0 0 1 0
365 2 0 0 1 0
365 3 0 0 1 0
365 5 0 0 1 0
366 0 1 0 2 0
366 1 0 0 1 0
366 2 0 0 1 0
366 3 0 0 1 0
366 4 0 0 1 0
366 5 0 0 1 0
367 0 0 0 1 0
367 0 1 0 2 0
367 1 0 0 1 0
367 2 0 0 1 0
367 3 0 0 1 0
367 4 1 0 2 0
368 0 1 0 2 0
368 1 0 0 1 0
368 2 0 0 1 0
368 3 0 0 1 0
368 4 0 0 1 0
368 5 0 0 1 0
369 1 0 0 1 0
369 2 0 0 1 0
369 3 0 0 1 0
369 4 0 0 1 0
369 5 0 0 1 0
370 1 0 0 1 0
370 2 0 0 1 0
370 3 0 0 1 0
370 4 0 0 1 0
370 5 0 0 1 0
371 1 0 0 1 0
371 2 0 0 1 0
371 4 0 0 1 0
372 0 0 0 1 0
372 1 0 0 1 0
372 2 0 0 1 0
372 4 0 0 1 0
372 5 0 0 1 0
373 1 0 0 1 0
373 2 0 0 1 0
373 3 0 0 1 0
373 4 0 0 1 0
373 5 0 0 1 0
374 1 0 0 1 0
374 2 0 0 1 0
374 4 0 0 2 0
374 5 0 0 2 0
375 1 0 0 1 0
375 2 0 0 1 0
375 3 0 0 1 0
375 4 0 0 1 0
375 5 0 0 1 0
376 0 1 0 2 0
376 1 0 0 1 0
376 2 0 0 1 0
376 3 0 0 1 0
376 4 0 0 1 0
376 5 0 0 1 0
377 0 1 0 2 0
377 1 0 0 1 0
377 2 0 0 1 0
377 3 0 0 1 0
377 4 0 0 1 0
377 5 0 0 1 0
378 0 1 0 2 0
378 1 0 0 1 0
378 2 0 0 1 0
378 3 0 0 1 0
378 4 0 0 1 0
379 0 1 0 2 0
379 0 1 0 2 0
379 0 1 0 2 0
379 1 0 0 1 0
379 2 0 0 1 0
379 3 0 0 1 0
379 4 0 0 1 0
379 5 0 0 1 0
380 1 0 0 1 0
380 2 0 0 1 0
380 3 0 0 1 0
380 4 0 0 1 0
380 5 0 0 1 0
381 1 0 0 1 0
381 2 0 0 1 0
381 3 0 0 1 0
381 4 0 0 1 0
381 5 1 0 2 0
382 1 0 0 1 0
382 2 0 0 1 0
382 3 0 0 1 0
382 4 0 0 1 0
383 1 0 0 1 0
383 2 0 0 1 0
383 3 0 0 1 0
383 4 0 0 1 0
383 5 0 0 1 0
384 0 0 0 1 0
384 0 0 0 2 0
384 1 0 0 1 0
384 2 0 0 1 0
384 3 0 0 1 0
384 5 0 0 1 0
385 1 0 0 1 0
385 2 0 0 1 0
385 3 0 0 1 0
385 4 0 0 2 0
385 5 0 0 1 0
386 1 0 0 1 0
386 2 0 0 1 0
386 3 0 0 1 0
386 4 0 0 1 0
387 1 0 0 1 0
387 2 0 0 1 0
387 3 0 0 1 0
387 4 0 0 1 0
387 5 0 0 2 0
388 1 0 0 1 0
388 2 0 0 1 0
388 3 0 0 1 0
388 4 0 0 1 0
388 5 0 0 1 0
389 1 0 0 1 0
389 2 0 0 1 0
389 3 0 0 1 0
389 4 0 0 1 0
389 5 0 0 1 0
390 1 0 0 1 0
390 2 0 0 1 0
390 3 0 0 1 0
390 4 0 0 1 0
390 5 0 0 1 0
391 1 0 0 1 0
391 2 0 0 1 0
391 3 0 0 1 0
391 4 0 0 1 0
391 5 0 0 1 0
392 0 1 0 2 0
392 1 0 0 1 0
392 2 0 0 1 0
392 4 0 0 1 0
392 5 0 0 1 0
393 1 0 0 1 0
393 2 0 0 1 0
393 3 0 0 1 0
393 5 0 0 1 0
394 0 1 0 2 0
394 1 0 0 1 0
394 2 0 0 1 0
394 3 0 0 1 0
394 4 0 0 2 0
394 5 0 0 1 0
395 2 0 0 1 0
395 3 0 0 1 0
395 4 0 0 1 0
395 5 0 0 1 0
396 1 0 0 1 0
396 2 0 0 1 0
396 3 0 0 1 0
396 4 0 0 1 0
396 5 0 0 1 0
397 2 0 0 1 0
397 3 1 0 2 0
397 3 0 0 1 0
397 4 0 0 1 0
397 5 0 0 1 0
398 0 1 0 2 0
398 0 1 0 2 0
398 1 0 0 1 0
398 2 0 0 1 0
398 3 0 0 1 0
398 4 0 0 1 0
398 5 0 0 1 0
399 0 1 0 2 0
399 1 0 0 1 0
399 2 0 0 1 0
399 3 0 0 1 0
399 4 0 0 1 0
400 0 0 0 2 0
400 1 0 0 1 0
400 2 0 0 1 0
400 4 0 0 1 0
400 5 0 0 1 0
401 0 1 0 2 0
401 1 0 0 1 0
401 2 0 0 1 0
401 3 0 0 2 0
401 4 0 0 1 0
401 5 0 0 1 0
402 1 0 0 1 0
402 2 0 0 1 0
402 3 0 0 1 0
402 4 0 0 1 0
402 5 0 0 1 0
403 0 1 0 1 0
403 1 0 0 1 0
403 3 1 0 2 0
403 4 0 0 1 0
403 4 0 0 1 0
404 0 1 0 1 0
404 1 0 0 1 0
404 2 0 0 1 0
404 3 0 0 1 0
404 4 0 0 1 0
404 5 0 0 1 0
405 1 0 0 1 0
405 2 0 0 1 0
405 3 0 0 1 0
405 4 0 0 1 0
405 5 0 0 1 0
406 1 1 0 2 0
406 1 0 0 1 0
406 2 0 0 1 0
406 3 0 0 1 0
406 4 0 0 1 0
406 5 0 0 1 0
407 0 1 0 2 0
407 1 0 0 1 0
407 3 0 0 1 0
407 4 0 0 1 0
407 5 0 0 1 0
408 1 1 0 3 0
408 2 0 0 1 0
408 3 0 0 1 0
408 4 0 0 1 0
408 5 0 0 1 0
409 0 1 0 2 0
409 1 0 0 1 0
409 2 0 0 1 0
409 3 0 0 1 0
410 0 0 0 1 0
410 1 0 0 1 0
410 2 0 0 1 0
410 3 0 0 1 0
410 4 0 0 1 0
410 5 0 0 1 0
411 0 1 0 2 0
411 3 0 0 1 0
411 4 0 0 1 0
411 5 0 0 1 0
412 0 1 0 2 0
412 0 1 0 2 0
412 1 0 0 1 0
412 2 0 0 1 0
412 3 0 0 1 0
412 4 0 0 1 0
413 0 1 0 2 0
413 0 0 0 1 0
413 1 0 0 1 0
413 2 0 0 1 0
413 4 0 0 1 0
413 5 0 0 2 0
414 0 0 0 1 0
414 1 0 0 1 0
414 2 0 0 1 0
414 3 0 0 1 0
414 5 0 0 1 0
415 0 0 0 1 0
415 1 0 0 1 0
415 2 0 0 1 0
415 3 0 0 1 0
415 4 0 0 1 0
415 5 0 0 1 0
416 0 1 0 2 0
416 1 0 0 1 0
416 2 0 0 1 0
416 3 0 0 1 0
416 4 0 0 1 0
416 5 0 0 1 0
417 0 1 0 2 0
417 1 0 0 1 0
417 2 0 0 1 0
417 3 0 0 1 0
417 4 0 0 1 0
418 1 0 0 1 0
418 2 0 0 1 0
418 3 0 0 1 0
418 4 0 0 1 0
418 5 0 0 1 0
419 0 1 0 2 0
419 1 0 0 1 0
419 2 0 0 1 0
419 3 0 0 1 0
419 4 0 0 1 0
419 5 0 0 1 0
420 1 0 0 1 0
420 2 0 0 1 0
420 3 0 0 1 0
420 4 0 0 1 0
420 5 0 0 1 0
421 0 1 0 1 0
421 1 0 0 1 0
421 2 0 0 1 0
421 3 0 0 1 0
421 4 0 0 1 0
422 0 1 0 2 0
422 1 0 0 1 0
422 2 0 0 1 0
422 3 0 0 1 0
422 5 0 0 1 0
423 2 0 0 1 0
423 3 0 0 1 0
423 4 0 0 1 0
423 5 0 0 1 0
424 1 0 0 1 0
424 2 0 0 1 0
424 3 0 0 1 0
424 4 0 0 1 0
424 5 0 0 1 0
425 0 1 0 2 0
425 0 1 0 2 0
425 1 0 0 1 0
425 2 0 0 1 0
425 3 0 0 1 0
425 4 0 0 1 0
425 5 0 0 1 0
426 1 0 0 1 0
426 2 0 0 1 0
426 3 0 0 1 0
426 4 0 0 1 0
426 5 0 0 1 0
427 1 0 0 1 0
427 2 1 0 2 0
427 3 0 0 1 0
427 4 0 0 1 0
427 5 0 0 1 0
428 0 1 0 2 0
428 1 0 0 1 0
428 2 0 0 1 0
428 3 0 0 1 0
428 4 0 0 2 0
428 5 0 0 1 0
429 0 1 0 2 0
429 1 0 0 1 0
429 2 0 0 1 0
429 3 0 0 1 0
429 4 0 0 1 0
429 5 0 0 1 0
430 0 0 0 1 0
430 0 2 0 2 0
430 1 0 0 1 0
430 2 0 0 1 0
430 3 0 0 1 0
430 4 0 0 1 0
430 5 0 0 1 0
431 1 0 0 1 0
431 2 0 0 1 0
431 3 0 0 1 0
431 4 0 0 1 0
431 5 0 0 1 0
432 0 1 0 2 0
432 1 0 0 1 0
432 2 0 0 1 0
432 3 0 0 1 0
432 5 0 0 2 0
433 0 1 0 2 0
433 1 0 0 1 0
433 2 0 0 1 0
433 3 0 0 1 0
433 4 0 0 1 0
433 5 0 0 1 0
434 2 0 0 1 0
434 3 0 0 1 0
434 4 0 0 1 0
434 5 0 0 1 0
435 0 1 0 2 0
435 1 0 0 1 0
435 2 0 0 1 0
435 3 0 0 1 0
435 4 0 0 1 0
435 5 0 0 1 0
436 1 0 0 1 0
436 2 0 0 1 0
436 3 0 0 1 0
436 4 0 0 1 0
436 5 0 0 1 0
437 0 2 0 2 0
437 1 0 0 1 0
437 2 0 0 1 0
437 3 0 0 1 0
437 4 0 0 1 0
438 0 1 0 2 0
438 1 0 0 1 0
438 2 0 0 1 0
438 3 0 0 1 0
438 4 0 0 1 0
439 2 0 0 1 0
439 3 0 0 1 0
439 4 0 0 1 0
439 5 0 0 1 0
440 1 0 0 1 0
440 2 0 0 1 0
440 3 0 0 1 0
440 4 0 0 1 0
440 5 0 0 1 0
441 1 0 0 1 0
441 2 0 0 1 0
441 3 0 0 1 0
441 4 0 0 2 0
442 1 0 0 1 0
442 2 0 0 1 0
442 3 0 0 1 0
442 4 0 0 1 0
442 5 0 0 1 0
443 0 1 0 2 0
443 2 0 0 1 0
443 3 0 0 1 0
443 4 0 0 1 0
443 5 0 0 1 0
444 0 1 0 2 0
444 1 0 0 1 0
444 3 0 0 1 0
444 4 0 0 1 0
444 5 0 0 1 0
445 0 0 0 2 0
445 1 0 0 1 0
445 3 0 0 1 0
445 4 0 0 1 0
446 0 1 0 3 0
446 0 1 0 2 0
446 1 0 0 2 0
446 2 0 0 1 0
446 3 0 0 1 0
446 4 0 0 1 0
447 0 1 0 2 0
447 1 0 0 1 0
447 2 0 0 1 0
447 3 0 0 1 0
447 4 0 0 1 0
447 5 0 0 1 0
448 0 1 0 2 0
448 1 0 0 1 0
448 2 0 0 1 0
448 3 0 0 1 0
448 4 0 0 1 0
448 5 0 0 1 0
449 1 0 0 1 0
449 2 0 0 1 0
449 3 0 0 1 0
449 4 0 0 1 0
450 1 0 0 1 0
450 2 0 0 1 0
450 3 0 0 1 0
450 5 0 0 1 0
451 1 0 0 1 0
451 2 0 0 1 0
451 3 1 0 2 0
451 4 0 0 1 0
451 5 0 0 1 0
452 0 1 0 2 0
452 1 0 0 1 0
452 2 0 0 1 0
452 3 0 0 1 0
452 4 0 0 1 0
452 5 0 0 1 0
453 1 0 0 1 0
453 2 0 0 1 0
453 3 0 0 1 0
453 4 0 0 1 0
453 5 0 0 1 0
454 0 1 0 2 0
454 1 0 0 1 0
454 2 0 0 1 0
454 3 0 0 1 0
454 4 0 0 1 0
455 0 1 0 2 0
455 1 0 0 1 0
455 2 0 0 1 0
455 3 0 0 1 0
455 4 0 0 1 0
455 5 0 0 1 0
456 0 0 0 1 0
456 1 0 0 1 0
456 2 0 0 1 0
456 3 0 0 1 0
456 4 0 0 1 0
456 5 0 0 1 0
457 0 1 0 2 0
457 1 0 0 1 0
457 2 0 0 1 0
457 3 0 0 1 0
457 4 0 0 1 0
457 5 0 0 1 0
458 0 1 0 2 0
458 1 0 0 1 0
458 2 0 0 1 0
458 3 0 0 1 0
458 4 0 0 1 0
458 5 0 0 1 0
459 1 0 0 1 0
459 2 0 0 1 0
459 3 0 0 1 0
459 4 0 0 1 0
459 5 0 0 1 0
460 1 0 0 1 0
460 2 0 0 1 0
460 3 0 0 1 0
460 4 0 0 1 0
460 5 0 0 2 0
461 0 1 0 2 0
461 1 0 0 1 0
461 2 0 0 1 0
461 3 0 0 1 0
461 5 0 0 1 0
462 1 0 0 1 0
462 2 0 0 1 0
462 3 0 0 1 0
462 4 0 0 1 0
462 5 0 0 1 0
463 1 0 0 1 0
463 2 0 0 1 0
463 3 0 0 1 0
463 4 0 0 1 0
463 5 0 0 1 0
464 0 0 0 2 0
464 1 0 0 1 0
464 2 0 0 1 0
464 3 0 0 1 0
464 4 0 0 1 0
464 5 0 0 1 0
465 1 0 0 1 0
465 3 0 0 1 0
465 4 0 0 1 0
465 5 0 0 1 0
466 1 0 0 1 0
466 2 0 0 1 0
466 3 0 0 1 0
466 4 0 0 1 0
466 5 0 0 1 0
467 0 0 0 1 0
467 1 0 0 2 0
467 2 0 0 1 0
467 3 0 0 1 0
467 4 0 0 1 0
467 5 0 0 1 0
468 2 0 0 1 0
468 3 0 0 1 0
468 4 0 0 1 0
468 5 0 0 1 0
469 0 1 0 2 0
469 1 1 0 3 0
469 2 1 0 3 0
469 3 0 0 1 0
469 4 0 0 1 0
469 5 0 0 1 0
470 1 0 0 1 0
470 2 0 0 1 0
470 4 0 0 1 0
470 5 0 0 1 0
471 1 0 0 1 0
471 2 0 0 1 0
471 4 0 0 1 0
471 5 0 0 1 0
472 0 1 0 2 0
472 0 1 0 2 0
472 1 0 0 1 0
472 2 0 0 1 0
472 3 0 0 1 0
472 4 0 0 1 0
472 5 0 0 1 0
473 1 0 0 1 0
473 2 0 0 1 0
473 3 0 0 1 0
473 4 0 0 1 0
473 5 0 0 1 0
474 0 0 0 1 0
474 1 0 0 1 0
474 2 0 0 1 0
474 4 0 0 1 0
474 5 0 0 1 0
475 0 1 0 2 0
475 0 1 0 2 0
475 1 0 0 1 0
475 4 0 0 2 0
475 5 0 0 1 0
476 0 1 0 2 0
476 1 0 0 1 0
476 2 0 0 1 0
476 3 0 0 1 0
476 4 0 0 1 0
476 5 0 0 1 0
477 0 1 0 2 0
477 1 0 0 1 0
477 2 0 0 1 0
477 3 0 0 1 0
477 5 0 0 1 0
478 0 1 0 1 0
478 1 0 0 1 0
478 2 0 0 1 0
478 3 0 0 1 0
478 4 0 0 1 0
478 5 0 0 1 0
479 0 1 0 2 0
479 0 1 0 2 0
479 1 0 0 1 0
479 2 0 0 1 0
479 3 0 0 1 0
479 5 0 0 1 0
480 1 0 0 1 0
480 2 0 0 1 0
480 3 1 0 2 0
480 4 0 0 1 0
480 5 0 0 1 0
481 0 1 0 2 0
481 1 0 0 1 0
481 3 0 0 1 0
481 4 0 0 1 0
481 5 0 0 2 0
482 1 0 0 1 0
482 2 0 0 1 0
482 3 0 0 1 0
482 4 0 0 1 0
482 5 0 0 1 0
483 1 0 0 1 0
483 3 0 0 1 0
483 4 0 0 1 0
483 5 0 0 1 0
484 1 0 0 1 0
484 2 0 0 1 0
484 3 0 0 1 0
484 4 0 0 1 0
485 0 1 0 2 0
485 2 0 0 2 0
485 3 0 0 1 0
485 4 0 0 1 0
486 1 0 0 1 0
486 2 0 0 1 0
486 3 0 0 1 0
486 4 0 0 1 0
486 5 0 0 1 0
487 0 1 0 2 0
487 1 0 0 1 0
487 2 0 0 1 0
487 3 0 0 1 0
487 4 0 0 1 0
488 0 1 0 2 0
488 0 0 0 1 0
488 1 0 0 1 0
488 2 0 0 1 0
488 3 0 0 1 0
488 5 0 0 1 0
489 0 1 0 2 0
489 1 0 0 1 0
489 2 0 0 1 0
489 3 0 0 1 0
489 4 0 0 1 0
489 5 0 0 1 0
490 1 0 0 1 0
490 2 0 0 1 0
490 3 0 0 1 0
490 4 0 0 1 0
490 5 0 0 1 0
491 1 0 0 1 0
491 2 0 0 1 0
491 3 0 0 1 0
491 4 0 0 1 0
491 5 0 0 1 0
492 0 1 0 2 0
492 1 0 0 1 0
492 3 0 0 1 0
492 4 0 0 1 0
492 5 0 0 1 0
493 1 0 0 1 0
493 2 0 0 1 0
493 3 0 0 2 0
493 4 0 0 1 0
493 5 0 0 1 0
494 0 1 0 2 0
494 0 1 0 2 0
494 1 0 0 1 0
494 2 0 0 1 0
494 4 0 0 1 0
494 5 0 0 1 0
495 1 0 0 1 0
495 2 0 0 1 0
495 3 0 0 1 0
495 4 0 0 1 0
495 5 0 0 1 0
496 0 1 0 2 0
496 0 1 0 2 0
496 1 0 0 1 0
496 2 0 0 1 0
496 3 0 0 1 0
496 4 0 0 1 0
496 5 0 0 1 0
497 1 0 0 1 0
497 2 0 0 1 0
497 3 0 0 1 0
497 4 0 0 1 0
497 5 0 0 1 0
498 1 0 0 1 0
498 3 0 0 1 0
498 4 0 0 1 0
498 5 0 0 1 0
499 0 1 0 2 0
499 2 0 0 1 0
499 3 0 0 1 0
499 5 0 0 1 0
500 1 0 0 1 0
500 2 0 0 1 0
500 3 0 0 1 0
500 5 1 0 3 0
500 5 0 0 1 0
501 1 0 0 2 0
501 2 0 0 1 0
501 3 0 0 1 0
501 4 0 0 2 0
502 0 1 0 2 0
502 1 0 0 1 0
502 2 0 0 1 0
502 3 0 0 1 0
502 4 0 0 1 0
502 5 0 0 1 0
503 0 2 0 3 0
503 1 0 0 1 0
503 3 0 0 1 0
503 4 0 0 1 0
503 5 0 0 1 0
504 2 0 0 2 0
504 3 0 0 1 0
504 4 0 0 1 0
504 5 0 0 1 0
505 0 0 0 1 0
505 0 1 0 3 0
505 1 0 0 1 0
505 2 0 0 1 0
505 3 0 0 1 0
505 5 0 0 1 0
506 0 0 0 2 0
506 1 0 0 1 0
506 2 0 0 1 0
506 3 0 0 1 0
506 4 0 0 1 0
506 5 0 0 1 0
507 1 0 0 1 0
507 2 0 0 1 0
507 3 0 0 1 0
507 5 0 0 1 0
508 0 1 0 2 0
508 2 0 0 1 0
508 3 0 0 1 0
508 4 0 0 1 0
508 5 0 0 1 0
509 1 0 0 1 0
509 2 0 0 1 0
509 3 0 0 1 0
509 5 0 0 1 0
510 0 0 0 1 0
510 1 1 0 2 0
510 1 0 0 1 0
510 2 1 0 2 0
510 3 0 0 1 0
510 4 0 0 1 0
510 5 0 0 1 0
511 1 0 0 1 0
511 2 0 0 1 0
511 3 0 0 1 0
511 4 0 0 1 0
511 5 0 0 1 0
512 1 0 0 1 0
512 2 0 0 1 0
512 3 0 0 1 0
512 4 0 0 1 0
512 5 0 0 1 0
513 0 1 0 2 0
513 1 0 0 1 0
513 2 0 0 1 0
513 4 0 0 1 0
513 5 0 0 2 0
514 0 1 0 2 0
514 0 1 0 2 0
514 1 0 0 1 0
514 3 1 0 2 0
514 3 0 0 1 0
514 4 0 0 1 0
514 5 0 0 1 0
515 1 0 0 1 0
515 2 0 0 1 0
515 3 0 0 1 0
515 4 0 0 1 0
515 5 0 0 1 0
516 1 0 0 1 0
516 2 0 0 1 0
516 3 0 0 1 0
516 4 0 0 1 0
516 5 0 0 1 0
517 0 1 0 2 0
517 0 1 0 2 0
517 1 0 0 1 0
517 2 0 0 1 0
517 3 0 0 1 0
517 4 0 0 1 0
518 1 0 0 1 0
518 2 0 0 1 0
518 4 0 0 1 0
518 5 0 0 1 0
519 0 2 0 3 0
519 2 0 0 1 0
519 4 0 0 1 0
519 5 0 0 1 0
520 0 1 0 2 0
520 2 0 0 1 0
520 3 0 0 1 0
520 4 0 0 1 0
520 5 0 0 2 0
521 1 0 0 1 0
521 2 0 0 1 0
521 3 0 0 1 0
521 4 0 0 1 0
521 5 0 0 1 0
522 0 1 0 2 0
522 1 0 0 1 0
522 2 0 0 1 0
522 3 0 0 1 0
522 4 1 0 2 0
522 5 0 0 1 0
523 1 0 0 1 0
523 2 0 0 1 0
523 3 0 0 1 0
523 4 0 0 1 0
523 5 0 0 1 0
524 0 1 0 2 0
524 1 0 0 1 0
524 2 0 0 1 0
524 3 0 0 1 0
524 4 0 0 1 0
524 5 0 0 1 0
525 1 0 0 1 0
525 3 0 0 1 0
525 4 0 0 1 0
525 5 0 0 1 0
526 1 0 0 1 0
526 2 0 0 1 0
526 3 0 0 1 0
526 4 0 0 1 0
526 5 0 0 1 0
527 0 1 0 2 0
527 0 1 0 2 0
527 1 1 0 2 0
527 1 0 0 1 0
527 2 0 0 1 0
527 3 0 0 1 0
527 4 0 0 1 0
527 5 0 0 1 0
528 1 0 0 1 0
528 2 0 0 1 0
528 3 0 0 1 0
528 4 0 0 1 0
528 5 0 0 1 0
529 1 0 0 1 0
529 2 0 0 1 0
529 3 0 0 1 0
529 5 0 0 1 0
530 1 0 0 1 0
530 2 0 0 1 0
530 3 0 0 1 0
530 4 0 0 1 0
530 5 0 0 1 0
531 1 0 0 1 0
531 2 0 0 1 0
531 3 0 0 1 0
531 4 1 0 2 0
531 5 0 0 1 0
532 0 1 0 2 0
532 1 0 0 1 0
532 3 0 0 1 0
532 4 0 0 1 0
532 5 0 0 1 0
533 1 0 0 1 0
533 2 0 0 1 0
533 3 0 0 1 0
533 4 1 0 2 0
533 4 0 0 1 0
534 0 1 0 3 0
534 1 0 0 1 0
534 2 0 0 1 0
534 3 0 0 1 0
534 4 0 0 1 0
534 5 0 0 1 0
535 1 0 0 1 0
535 2 0 0 1 0
535 3 0 0 1 0
535 4 0 0 1 0
535 5 0 0 1 0
536 1 0 0 1 0
536 2 0 0 1 0
536 3 1 0 2 0
536 4 0 0 1 0
536 5 0 0 1 0
537 0 1 0 2 0
537 1 0 0 1 0
537 2 0 0 1 0
537 3 0 0 1 0
537 4 0 0 1 0
537 5 0 0 1 0
538 1 0 0 1 0
538 2 0 0 1 0
538 3 0 0 1 0
538 4 0 0 1 0
538 5 0 0 1 0
539 0 1 0 2 0
539 1 0 0 1 0
539 2 0 0 1 0
539 4 0 0 1 0
539 5 0 0 1 0
540 0 0 0 1 0
540 1 1 0 3 0
540 2 0 0 1 0
540 3 0 0 1 0
540 4 0 0 1 0
541 2 0 0 1 0
541 3 0 0 1 0
541 4 0 0 1 0
541 5 0 0 1 0
542 1 0 0 1 0
542 2 0 0 1 0
542 3 0 0 2 0
542 5 0 0 1 0
543 1 0 0 1 0
543 2 0 0 1 0
543 3 0 0 1 0
543 4 0 0 1 0
543 5 0 0 1 0
544 0 1 0 2 0
544 0 1 0 2 0
544 1 0 0 1 0
544 2 0 0 1 0
544 3 0 0 1 0
544 4 0 0 1 0
544 5 0 0 1 0
545 1 0 0 1 0
545 2 0 0 1 0
545 3 0 0 1 0
545 4 0 0 1 0
545 5 0 0 1 0
546 0 1 0 2 0
546 1 0 0 1 0
546 2 0 0 1 0
546 3 0 0 1 0
546 4 0 0 1 0
546 5 0 0 1 0
547 1 0 0 2 0
547 2 0 0 1 0
547 3 0 0 1 0
547 4 0 0 1 0
547 5 1 0 2 0
548 1 0 0 1 0
548 3 1 0 3 0
548 4 0 0 1 0
548 5 0 0 1 0
549 2 0 0 1 0
549 3 0 0 1 0
549 4 0 0 1 0
549 5 0 0 1 0
550 0 1 0 3 0
550 1 0 0 1 0
550 2 0 0 1 0
550 3 0 0 1 0
550 4 0 0 1 0
550 5 0 0 1 0
551 0 1 0 2 0
551 1 0 0 1 0
551 2 0 0 1 0
551 3 0 0 1 0
551 4 0 0 1 0
551 5 0 0 1 0
552 0 1 0 1 0
552 1 0 0 1 0
552 2 0 0 1 0
552 3 0 0 1 0
552 4 0 0 1 0
552 5 0 0 1 0
553 0 1 0 2 0
553 1 0 0 1 0
553 3 0 0 1 0
553 4 0 0 1 0
553 5 0 0 1 0
554 1 0 0 1 0
554 2 0 0 1 0
554 3 0 0 1 0
554 4 0 0 1 0
554 5 0 0 1 0
555 0 1 0 2 0
555 1 0 0 1 0
555 2 0 0 1 0
555 3 0 0 1 0
555 4 0 0 2 0
555 5 0 0 1 0
556 1 0 0 1 0
556 2 0 0 1 0
556 4 0 0 1 0
556 5 0 0 1 0
557 0 1 0 2 0
557 1 0 0 1 0
557 2 0 0 1 0
557 4 0 0 1 0
557 5 0 0 1 0
558 0 1 0 2 0
558 1 0 0 1 0
558 2 0 0 1 0
558 3 0 0 1 0
558 4 0 0 1 0
558 5 0 0 1 0
559 0 0 0 2 0
559 1 0 0 1 0
559 2 0 0 1 0
559 4 0 0 1 0
559 5 0 0 1 0
560 0 0 0 1 0
560 0 1 0 2 0
560 0 1 0 2 0
560 2 0 0 1 0
560 3 0 0 1 0
560 4 0 0 1 0
560 5 0 0 1 0
561 1 0 0 1 0
561 2 0 0 1 0
561 3 0 0 1 0
561 4 0 0 1 0
561 5 0 0 1 0
562 0 0 0 2 0
562 1 0 0 1 0
562 3 0 0 1 0
562 4 0 0 1 0
562 5 0 0 1 0
563 0 1 0 2 0
563 1 0 0 1 0
563 2 0 0 1 0
563 3 0 0 1 0
563 4 0 0 1 0
563 5 0 0 1 0
564 2 0 0 1 0
564 3 0 0 1 0
564 4 0 0 1 0
565 1 0 0 1 0
565 2 0 0 1 0
565 3 0 0 1 0
565 4 0 0 1 0
565 5 0 0 1 0
566 0 0 0 2 0
566 2 0 0 1 0
566 3 0 0 1 0
566 4 0 0 1 0
566 5 0 0 1 0
567 0 2 0 2 0
567 1 0 0 1 0
567 2 0 0 1 0
567 3 0 0 1 0
567 4 0 0 1 0
567 5 0 0 1 0
568 1 0 0 1 0
568 2 0 0 1 0
568 3 0 0 1 0
568 4 0 0 1 0
568 5 0 0 1 0
569 1 0 0 1 0
569 2 0 0 1 0
569 3 0 0 1 0
569 5 0 0 1 0
570 1 0 0 1 0
570 2 0 0 1 0
570 3 0 0 1 0
570 4 0 0 1 0
570 5 0 0 1 0
571 1 0 0 1 0
571 2 0 0 1 0
571 3 0 0 1 0
571 4 0 0 1 0
571 5 0 0 1 0
572 0 0 0 1 0
572 1 0 0 1 0
572 2 0 0 1 0
572 3 0 0 1 0
572 4 0 0 1 0
572 5 0 0 1 0
573 1 0 0 1 0
573 2 0 0 1 0
573 3 0 0 1 0
573 4 0 0 1 0
573 5 0 0 1 0
574 0 0 0 1 0
574 1 0 0 1 0
574 2 0 0 1 0
574 3 0 0 1 0
574 4 0 0 1 0
574 5 0 0 1 0
575 2 0 0 1 0
575 2 1 0 2 0
575 3 0 0 1 0
575 4 0 0 1 0
575 5 0 0 1 0
576 0 1 0 2 0
576 1 0 0 1 0
576 2 0 0 1 0
576 3 0 0 1 0
576 5 0 0 1 0
577 0 2 0 2 0
577 1 0 0 1 0
577 2 0 0 1 0
577 3 0 0 1 0
577 5 0 0 1 0
578 0 1 0 2 0
578 1 0 0 1 0
578 2 0 0 1 0
578 3 0 0 1 0
578 4 0 0 1 0
578 5 0 0 1 0
579 0 1 0 2 0
579 1 0 0 1 0
579 2 0 0 1 0
579 3 0 0 1 0
579 4 0 0 1 0
579 5 1 0 2 0
580 1 0 0 1 0
580 2 0 0 1 0
580 3 0 0 1 0
580 4 0 0 1 0
580 5 0 0 1 0
581 1 0 0 1 0
581 2 0 0 1 0
581 4 0 0 1 0
581 5 0 0 1 0
582 1 0 0 1 0
582 2 0 0 1 0
582 3 0 0 1 0
582 4 0 0 1 0
582 5 0 0 1 0
583 0 1 0 2 0
583 1 0 0 1 0
583 2 0 0 1 0
583 3 0 0 1 0
583 4 0 0 1 0
583 5 0 0 1 0
584 0 1 0 2 0
584 1 0 0 1 0
584 2 0 0 1 0
584 3 0 0 1 0
584 4 0 0 1 0
584 5 0 0 1 0
585 1 0 0 1 0
585 2 0 0 1 0
585 3 0 0 1 0
585 4 0 0 1 0
585 5 0 0 1 0
586 0 1 0 2 0
586 1 0 0 1 0
586 2 0 0 1 0
586 3 0 0 1 0
586 5 0 0 1 0
587 0 1 0 3 0
587 1 0 0 1 0
587 2 0 0 1 0
587 3 0 0 1 0
587 4 0 0 1 0
587 5 0 0 1 0
588 1 0 0 1 0
588 2 0 0 1 0
588 3 0 0 1 0
588 4 0 0 1 0
588 5 0 0 1 0
589 1 0 0 1 0
589 2 0 0 1 0
589 3 0 0 1 0
589 4 0 0 1 0
589 5 0 0 1 0
590 0 1 0 2 0
590 1 0 0 1 0
590 2 0 0 1 0
590 4 0 0 1 0
590 5 0 0 1 0
591 0 1 0 2 0
591 1 0 0 1 0
591 2 0 0 1 0
591 3 0 0 1 0
591 4 0 0 1 0
591 5 0 0 1 0
592 0 0 0 1 0
592 1 0 0 1 0
592 2 0 0 1 0
592 3 0 0 1 0
592 4 0 0 1 0
592 5 0 0 1 0
593 0 0 0 1 0
593 1 0 0 1 0
593 2 0 0 1 0
593 3 0 0 1 0
593 4 0 0 1 0
593 5 0 0 1 0
594 0 1 0 2 0
594 1 0 0 1 0
594 2 0 0 1 0
594 3 0 0 1 0
594 4 0 0 1 0
594 5 0 0 1 0
595 1 0 0 1 0
595 2 0 0 1 0
595 3 0 0 1 0
596 0 1 0 2 0
596 1 0 0 1 0
596 2 0 0 1 0
596 3 0 0 1 0
596 4 0 0 1 0
596 5 0 0 1 0
597 0 1 0 1 0
597 2 1 0 2 0
597 2 0 0 1 0
597 3 0 0 1 0
597 4 0 0 1 0
597 5 0 0 1 0
598 0 0 0 1 0
598 1 0 0 1 0
598 2 0 0 1 0
598 3 0 0 1 0
598 4 0 0 1 0
598 5 0 0 1 0
599 0 1 0 2 0
599 1 0 0 2 0
599 2 0 0 1 0
599 3 0 0 1 0
599 4 1 0 3 0
599 5 0 0 1 0
600 1 0 0 1 0
600 2 0 0 1 0
600 3 0 0 1 0
600 4 0 0 1 0
600 5 0 0 1 0
601 0 2 0 2 0
601 1 0 0 1 0
601 2 0 0 1 0
601 3 0 0 1 0
601 4 0 0 1 0
601 5 0 0 1 0
602 1 0 0 1 0
602 3 0 0 1 0
602 4 0 0 1 0
603 0 0 0 2 0
603 1 0 0 1 0
603 2 0 0 1 0
603 3 0 0 1 0
603 4 0 0 1 0
604 0 0 0 1 0
604 1 0 0 1 0
604 2 0 0 1 0
604 3 0 0 1 0
604 4 0 0 1 0
604 5 0 0 1 0
605 0 1 0 2 0
605 0 1 0 2 0
605 1 0 0 1 0
605 2 0 0 1 0
605 3 0 0 1 0
605 4 0 0 1 0
605 5 0 0 1 0
606 0 1 0 2 0
606 1 0 0 1 0
606 2 0 0 1 0
606 3 0 0 1 0
606 4 0 0 1 0
606 5 0 0 1 0
607 1 0 0 1 0
607 2 0 0 1 0
607 3 0 0 1 0
607 4 0 0 1 0
607 5 0 0 1 0
608 1 0 0 1 0
608 2 0 0 1 0
608 3 0 0 1 0
608 4 0 0 1 0
608 5 0 0 1 0
609 1 0 0 1 0
609 2 0 0 1 0
609 3 0 0 1 0
609 4 0 0 1 0
609 5 0 0 1 0
610 0 1 0 2 0
610 1 0 0 1 0
610 2 0 0 1 0
610 3 0 0 1 0
610 4 0 0 1 0
610 5 0 0 1 0
611 0 1 0 1 0
611 0 1 0 2 0
611 0 1 0 2 0
611 1 0 0 1 0
611 2 0 0 1 0
611 3 0 0 1 0
611 4 0 0 1 0
612 0 2 0 2 0
612 1 0 0 1 0
612 2 0 0 1 0
612 3 0 0 1 0
612 4 0 0 1 0
612 5 0 0 1 0
613 1 0 0 1 0
613 2 0 0 1 0
613 3 0 0 1 0
613 4 0 0 1 0
613 5 0 0 1 0
614 0 2 0 2 0
614 1 0 0 1 0
614 2 0 0 1 0
614 3 0 0 1 0
614 4 0 0 1 0
614 5 0 0 1 0
615 1 0 0 1 0
615 2 0 0 1 0
615 3 0 0 1 0
615 4 0 0 1 0
616 0 1 0 2 0
616 1 0 0 1 0
616 2 0 0 1 0
616 3 0 0 1 0
616 4 0 0 1 0
616 5 0 0 1 0
617 2 0 0 1 0
617 3 0 0 1 0
617 4 0 0 1 0
617 5 0 0 1 0
618 1 0 0 1 0
618 2 0 0 1 0
618 3 0 0 1 0
618 4 0 0 1 0
618 5 0 0 1 0
619 2 0 0 1 0
619 3 0 0 1 0
619 4 0 0 1 0
619 5 0 0 1 0
620 0 1 0 2 0
620 1 0 0 1 0
620 2 0 0 1 0
620 3 0 0 1 0
620 4 0 0 1 0
620 5 0 0 1 0
621 2 0 0 1 0
621 3 0 0 1 0
621 4 0 0 1 0
622 0 0 0 2 0
622 1 0 0 1 0
622 2 0 0 1 0
622 3 0 0 1 0
623 1 0 0 1 0
623 2 0 0 1 0
623 3 0 0 2 0
623 4 0 0 1 0
624 0 1 0 2 0
624 1 0 0 1 0
624 2 0 0 1 0
624 3 0 0 1 0
624 4 0 0 1 0
624 5 0 0 1 0
625 0 1 0 2 0
625 1 0 0 1 0
625 2 0 0 1 0
625 3 0 0 1 0
625 4 0 0 1 0
625 5 0 0 1 0
626 2 0 0 1 0
626 3 0 0 1 0
626 5 0 0 2 0
627 0 1 0 2 0
627 1 0 0 1 0
627 2 0 0 1 0
627 3 0 0 1 0
627 4 0 0 1 0
627 5 0 0 1 0
628 1 0 0 1 0
628 2 0 0 1 0
628 3 0 0 1 0
628 4 0 0 1 0
628 5 0 0 1 0
629 0 1 0 2 0
629 1 0 0 1 0
629 2 0 0 1 0
629 3 0 0 1 0
629 4 0 0 1 0
629 5 0 0 1 0
630 0 1 0 2 0
630 1 0 0 1 0
630 2 0 0 1 0
630 3 0 0 1 0
630 5 0 0 1 0
631 0 1 0 2 0
631 1 0 0 1 0
631 2 0 0 1 0
631 3 0 0 1 0
631 4 0 0 1 0
631 5 0 0 1 0
632 0 0 0 1 0
632 0 1 0 3 0
632 2 0 0 1 0
632 3 0 0 1 0
632 4 0 0 1 0
632 5 0 0 1 0
633 1 0 0 1 0
633 2 0 0 1 0
633 3 0 0 1 0
633 4 0 0 1 0
633 5 0 0 1 0
634 0 0 0 2 0
634 1 0 0 1 0
634 2 0 0 1 0
634 3 0 0 1 0
634 4 0 0 1 0
634 5 0 0 1 0
635 0 0 0 1 0
635 1 0 0 1 0
635 2 0 0 1 0
635 3 0 0 1 0
635 4 0 0 1 0
635 5 0 0 1 0
636 0 1 0 2 0
636 0 1 0 2 0
636 2 0 0 1 0
636 3 0 0 1 0
636 4 0 0 2 0
636 5 0 0 1 0
637 1 0 0 1 0
637 2 0 0 1 0
637 3 0 0 1 0
637 4 0 0 1 0
638 2 0 0 1 0
638 3 0 0 1 0
638 4 0 0 1 0
638 5 0 0 1 0
639 0 0 0 1 0
639 1 0 0 1 0
639 2 1 0 2 0
639 2 0 0 1 0
639 3 0 0 1 0
639 4 0 0 1 0
640 1 1 0 2 0
640 1 0 0 1 0
640 2 0 0 1 0
640 3 0 0 1 0
640 4 0 0 1 0
640 5 0 0 1 0
641 1 0 0 1 0
641 2 0 0 1 0
641 3 0 0 1 0
641 4 0 0 1 0
641 5 0 0 1 0
642 1 0 0 1 0
642 3 1 0 2 0
642 3 0 0 1 0
642 4 0 0 1 0
642 5 0 0 1 0
643 1 0 0 1 0
643 2 0 0 1 0
643 3 0 0 1 0
643 4 0 0 1 0
643 5 0 0 1 0
644 0 1 0 2 0
644 1 0 0 1 0
644 2 0 0 1 0
644 4 0 0 1 0
644 5 0 0 1 0
645 0 1 0 2 0
645 1 0 0 1 0
645 2 0 0 1 0
645 3 0 0 1 0
645 4 0 0 1 0
645 5 1 0 2 0
646 0 1 0 2 0
646 2 0 0 1 0
646 4 0 0 1 0
646 5 0 0 1 0
647 1 0 0 1 0
647 2 0 0 1 0
647 3 0 0 1 0
647 4 0 0 2 0
647 5 0 0 1 0
648 2 0 0 1 0
648 3 0 0 1 0
648 4 0 0 1 0
648 5 0 0 1 0
649 0 0 0 1 0
649 0 1 0 2 0
649 1 0 0 1 0
649 2 0 0 1 0
649 4 1 0 3 0
649 4 0 0 1 0
649 5 0 0 1 0
650 2 0 0 1 0
650 3 0 0 1 0
650 5 0 0 1 0
651 1 0 0 1 0
651 2 0 0 1 0
651 3 0 0 1 0
651 4 0 0 1 0
651 5 0 0 1 0
652 1 0 0 1 0
652 2 0 0 1 0
652 3 0 0 1 0
652 4 0 0 1 0
652 5 0 0 2 0
653 1 0 0 1 0
653 2 0 0 1 0
653 3 0 0 1 0
653 4 0 0 1 0
653 5 0 0 1 0
654 0 1 0 2 0
654 1 0 0 1 0
654 2 0 0 1 0
654 4 1 0 2 0
654 4 0 0 1 0
655 0 1 0 2 0
655 1 0 0 1 0
655 2 0 0 1 0
655 4 0 0 1 0
656 0 1 0 3 0
656 1 0 0 1 0
656 2 0 0 1 0
656 3 0 0 1 0
656 4 0 0 1 0
656 5 0 0 2 0
657 0 1 0 2 0
657 2 0 0 2 0
657 4 0 0 1 0
657 5 0 0 1 0
658 0 1 0 2 0
658 0 1 0 2 0
658 1 0 0 1 0
658 2 0 0 1 0
658 3 0 0 1 0
658 4 0 0 1 0
658 5 0 0 1 0
659 1 0 0 1 0
659 2 0 0 1 0
659 3 0 0 1 0
659 4 0 0 1 0
659 5 0 0 1 0
660 1 0 0 1 0
660 2 0 0 1 0
660 3 0 0 1 0
660 4 0 0 1 0
660 5 0 0 1 0
661 0 1 0 2 0
661 2 0 0 1 0
661 3 0 0 1 0
661 4 0 0 1 0
661 5 0 0 1 0
662 1 0 0 1 0
662 2 0 0 1 0
662 3 0 0 1 0
662 4 0 0 1 0
662 5 0 0 1 0
663 0 1 0 2 0
663 1 0 0 1 0
663 2 0 0 1 0
663 3 0 0 1 0
663 4 0 0 1 0
663 5 0 0 1 0
664 0 1 0 2 0
664 1 0 0 1 0
664 2 0 0 1 0
664 3 0 0 1 0
664 4 0 0 1 0
664 5 0 0 2 0
665 1 0 0 1 0
665 4 1 0 3 0
665 5 0 0 1 0
666 1 0 0 1 0
666 2 0 0 1 0
666 3 0 0 1 0
666 4 0 0 1 0
666 5 0 0 1 0
667 0 0 0 1 0
667 1 0 0 1 0
667 2 0 0 1 0
667 3 0 0 1 0
667 4 0 0 1 0
667 5 0 0 1 0
668 0 1 0 2 0
668 1 1 0 2 0
668 2 0 0 1 0
668 3 0 0 1 0
668 4 0 0 1 0
668 5 0 0 1 0
669 2 0 0 1 0
669 3 0 0 1 0
669 4 0 0 1 0
670 1 0 0 1 0
670 2 0 0 1 0
670 4 1 0 2 0
670 4 0 0 1 0
670 5 0 0 1 0
671 1 0 0 1 0
671 2 0 0 1 0
671 3 0 0 1 0
671 4 0 0 1 0
671 5 0 0 1 0
672 0 1 0 1 0
672 1 0 0 1 0
672 2 0 0 1 0
672 3 0 0 1 0
672 5 0 0 1 0
673 0 1 0 2 0
673 1 0 0 1 0
673 2 0 0 1 0
673 3 0 0 1 0
673 4 0 0 1 0
673 5 0 0 1 0
674 1 0 0 1 0
674 2 0 0 1 0
674 4 0 0 1 0
674 5 0 0 1 0
675 0 1 0 2 0
675 1 0 0 1 0
675 2 0 0 1 0
675 3 0 0 1 0
675 4 0 0 1 0
675 5 0 0 1 0
676 1 0 0 1 0
676 2 1 0 2 0
676 2 0 0 1 0
676 4 0 0 1 0
676 5 0 0 1 0
677 2 1 0 2 0
677 3 0 0 1 0
677 4 0 0 1 0
677 5 0 0 1 0
677 5 0 0 1 0
678 0 1 0 2 0
678 1 1 0 3 0
678 3 0 0 1 0
678 4 0 0 1 0
678 5 0 0 1 0
679 1 0 0 1 0
679 2 0 0 1 0
679 3 0 0 1 0
679 4 0 0 1 0
679 5 0 0 1 0
680 1 0 0 1 0
680 2 1 0 2 0
680 3 0 0 1 0
680 4 0 0 1 0
681 0 0 0 2 0
681 1 0 0 1 0
681 2 0 0 1 0
681 3 0 0 1 0
681 4 0 0 1 0
681 5 0 0 1 0
682 1 0 0 1 0
682 1 1 0 2 0
682 2 0 0 1 0
682 3 0 0 1 0
682 4 0 0 1 0
682 5 0 0 1 0
683 0 1 0 2 0
683 2 0 0 1 0
683 3 0 0 1 0
684 0 0 0 2 0
684 1 0 0 1 0
684 2 0 0 1 0
684 3 0 0 1 0
684 4 0 0 1 0
684 5 0 0 1 0
685 0 1 0 2 0
685 1 0 0 1 0
685 2 0 0 1 0
685 3 0 0 1 0
685 5 0 0 1 0
686 0 1 0 2 0
686 1 0 0 1 0
686 2 0 0 1 0
686 4 0 0 1 0
687 1 0 0 1 0
687 2 0 0 1 0
687 3 0 0 1 0
687 5 0 0 1 0
687 5 0 0 2 0
688 0 1 0 2 0
688 1 0 0 1 0
688 2 0 0 1 0
688 3 0 0 1 0
688 4 0 0 1 0
688 5 0 0 1 0
689 0 1 0 2 0
689 1 0 0 1 0
689 2 0 0 1 0
689 3 0 0 1 0
689 4 0 0 1 0
689 5 0 0 1 0
690 0 0 0 2 0
690 1 0 0 1 0
690 2 0 0 1 0
690 4 0 0 1 0
690 5 0 0 1 0
691 1 0 0 1 0
691 2 0 0 1 0
691 3 0 0 1 0
691 4 0 0 1 0
692 0 0 0 1 0
692 1 0 0 1 0
692 2 0 0 1 0
692 3 0 0 1 0
692 4 0 0 1 0
692 5 0 0 1 0
693 1 0 0 1 0
693 2 0 0 1 0
693 3 0 0 1 0
693 4 0 0 1 0
693 5 0 0 1 0
694 0 1 0 2 0
694 1 0 0 1 0
694 2 0 0 1 0
694 3 0 0 1 0
694 4 0 0 1 0
694 5 0 0 1 0
695 2 1 0 2 0
695 3 0 0 1 0
695 5 1 0 3 0
696 1 0 0 1 0
696 3 0 0 1 0
696 4 0 0 1 0
696 4 1 0 2 0
696 5 0 0 1 0
697 1 0 0 1 0
697 2 0 0 1 0
697 3 0 0 1 0
697 4 0 0 1 0
697 5 0 0 1 0
698 1 0 0 1 0
698 2 0 0 1 0
698 3 0 0 1 0
698 4 0 0 1 0
698 5 0 0 1 0
699 2 0 0 1 0
699 3 0 0 1 0
699 4 0 0 1 0
700 1 0 0 1 0
700 2 0 0 1 0
700 3 0 0 1 0
700 4 0 0 1 0
700 5 0 0 1 0
701 0 1 0 2 0
701 0 1 0 2 0
701 1 0 0 1 0
701 2 0 0 1 0
701 3 0 0 1 0
701 4 0 0 2 0
701 5 0 0 1 0
702 1 0 0 1 0
702 4 0 0 1 0
703 0 1 0 2 0
703 1 0 0 1 0
703 2 0 0 1 0
703 3 0 0 1 0
703 4 0 0 1 0
703 5 0 0 1 0
704 1 0 0 1 0
704 2 0 0 1 0
704 3 0 0 1 0
704 4 0 0 1 0
704 5 0 0 1 0
705 0 1 0 2 0
705 1 0 0 1 0
705 2 0 0 1 0
705 3 0 0 1 0
705 4 0 0 1 0
705 5 0 0 1 0
706 0 1 0 2 0
706 1 0 0 1 0
706 2 0 0 1 0
706 3 0 0 1 0
706 4 0 0 1 0
706 5 0 0 1 0
707 1 0 0 1 0
707 2 0 0 1 0
707 3 0 0 1 0
707 4 0 0 1 0
707 5 0 0 1 0
708 0 1 0 2 0
708 1 0 0 1 0
708 2 0 0 1 0
708 3 0 0 1 0
708 4 0 0 1 0
708 5 0 0 1 0
709 1 0 0 1 0
709 2 0 0 1 0
709 3 0 0 1 0
709 4 0 0 1 0
709 5 0 0 1 0
710 1 0 0 1 0
710 2 0 0 1 0
710 3 0 0 1 0
710 5 0 0 1 0
711 0 1 0 2 0
711 1 0 0 1 0
711 2 0 0 1 0
711 4 0 0 1 0
712 0 1 0 2 0
712 0 1 0 2 0
712 1 0 0 1 0
712 2 1 0 2 0
712 3 0 0 1 0
712 4 0 0 1 0
712 5 0 0 1 0
713 1 0 0 1 0
713 2 0 0 1 0
713 4 0 0 1 0
713 5 0 0 1 0
714 2 0 0 1 0
714 3 0 0 1 0
714 5 0 0 1 0
715 0 1 0 3 0
715 1 0 0 1 0
715 2 0 0 1 0
715 3 0 0 1 0
715 4 0 0 1 0
715 5 0 0 1 0
716 0 0 0 1 0
716 1 0 0 1 0
716 2 0 0 1 0
716 3 0 0 2 0
716 4 0 0 1 0
716 5 0 0 1 0
717 0 1 0 2 0
717 0 1 0 2 0
717 1 0 0 1 0
717 2 0 0 1 0
717 3 0 0 1 0
717 4 0 0 1 0
717 5 0 0 1 0
718 0 0 0 1 0
718 1 0 0 1 0
718 2 1 0 3 0
718 3 1 0 3 0
718 4 0 0 1 0
719 0 1 0 2 0
719 0 0 0 2 0
719 1 1 0 3 0
719 2 0 0 1 0
719 3 0 0 1 0
719 4 0 0 1 0
719 5 0 0 1 0
