0 0 540 0 0
0 1 540 0 1
0 2 540 0 2
0 3 540 0 3
0 4 540 0 4
0 5 540 0 5
1 0 540 0 6
1 1 540 0 7
1 2 540 0 8
1 3 540 0 9
1 4 540 0 10
1 5 540 0 11
2 0 540 0 12
2 1 540 0 13
2 2 540 0 14
2 3 540 0 15
2 4 540 0 16
2 5 540 0 16
3 0 540 0 17
3 1 540 0 18
3 2 540 0 19
3 3 540 0 19
3 4 540 0 19
3 5 540 0 20
4 0 540 0 21
4 1 540 0 21
4 2 540 0 21
4 3 540 0 22
4 4 540 0 22
4 5 540 0 22
5 0 540 0 23
5 1 540 0 23
5 2 540 0 23
5 3 540 0 23
5 4 540 0 24
5 5 540 0 25
6 0 539 0 22
6 0 611 0 22
6 1 611 0 22
6 2 611 0 22
6 3 611 0 22
