3 0 0 0 1 0 0.067795743909474098787
3 0 0 0 1 0 0.00021890332732547903281
3 0 0 0 1 0 0.00079542525847704651041
4 0 0 0 1 0 0.00096706783903975862635
4 0 0 0 1 0 0.0063983170824731200668
5 0 1 0 2 0 0.018007676603248569391
5 0 0 0 1 0 0.0045317372334114187568
5 0 0 0 1 0 0.0061560778349841766693
5 0 0 0 1 0 0.0012575837595465845335
5 0 0 0 1 0 0.0013795408273334442209
5 0 0 0 1 0 0.0049385703921522132454
5 0 0 0 1 0 0.0032771271259887796434
5 0 0 0 1 0 0.0052840697198993698963
5 0 0 0 1 0 0.0024509714561221380286
6 0 0 0 1 0 0.00084590272844403116212
6 0 0 0 1 0 0.0022576251491634932722
6 0 0 0 1 0 0.0045060214314206299344
6 0 0 0 1 0 0.0022406441356307431507
6 0 0 0 1 0 0.00022903491294025356251
6 0 0 0 1 0 0.00095603271326236399091
6 0 0 0 1 0 0.0083564488952240032621
7 0 0 0 1 0 0.0027339816964677948058
7 0 0 0 1 0 0.0026886014090414687636
7 0 0 0 1 0 0.0035310743585078826004
7 0 0 0 1 0 0.0029519738947311048409
7 0 0 0 1 0 0.0013032763911038495238
7 0 0 0 1 0 0.004409544366278886178
7 0 0 0 1 0 1.8745617970132549119e-05
8 0 0 0 1 0 0.0077380730499605910461
8 0 0 0 1 0 0.0064386907178610817276
8 0 0 0 1 0 0.0075603708981748741699
8 0 0 0 1 0 0.0060349720453052035918
8 0 0 0 1 0 0.0060108031456937169659
8 0 0 0 1 0 0.012664500336504052463
8 0 0 0 1 0 0.0070915048789809897664
9 0 0 0 1 0 0.0043777461791789998302
9 0 0 0 1 0 0.0050851238916066804005
9 0 0 0 1 0 0.0092575289173581348789
9 0 0 0 1 0 0.009682609456562967995
9 0 0 0 1 0 0.0026687557784910169618
9 0 0 0 1 0 0.0043185252111378226447
9 0 0 0 1 0 0.010589153074196173965
9 0 0 0 1 0 0.010261384994576277369
9 0 0 0 1 0 0.0048348638831363366375
9 0 0 0 1 0 0.010564614501955936834
10 0 0 0 1 0 0.0074036497737737178362
10 0 0 0 1 0 0.0061024843049738569656
10 0 0 0 1 0 0.0092579104138865216805
10 0 0 0 1 0 0.0041928239383848334154
10 0 0 0 1 0 0.0044259780665368885291
10 0 0 0 1 0 0.000502701274941744756
10 0 0 0 1 0 0.00046328447424667996328
10 0 0 0 1 0 0.010337900403072747615
10 0 0 0 1 0 0.0085059433267545558888
10 0 0 0 1 0 0.0063110272662784544506
11 0 0 0 1 0 0.0026555628591590210372
11 0 0 0 1 0 0.0046956965135158913391
11 0 0 0 1 0 0.0012605088148280423066
11 0 0 0 1 0 0.0040486462745130957774
11 0 0 0 1 0 0.005226769106083641904
11 0 0 0 1 0 0.0037676989537623133651
11 0 0 0 1 0 0.0042559106886349241591
12 0 0 0 1 0 0.0019298529268908771149
12 0 0 0 1 0 0.00033465068556653466969
12 0 0 0 1 0 0.0082765347702096342397
12 0 0 0 1 0 0.0069029112942633977928
12 0 0 0 1 0 0.010047036780725401503
12 0 0 0 1 0 0.0099681261408157331022
12 0 0 0 1 0 0.010705701188811107133
12 0 0 0 1 0 0.0090215715214039728792
13 0 0 0 1 0 0.0099667809800410237658
13 0 0 0 1 0 0.0088360465346560296968
13 0 0 0 1 0 0.0098347608213511586439
13 0 0 0 1 0 0.010483068366133104637
13 0 0 0 1 0 0.0062823404747381975111
13 0 0 0 1 0 0.00015696951312487846474
13 0 0 0 1 0 0.0093314090056649014182
13 0 0 0 1 0 0.010565332895418907619
13 0 0 0 1 0 0.0068421512787673489236
13 0 0 0 1 0 0.0076995850163403076888
14 0 0 0 1 0 0.001410013047409757218
14 0 0 0 1 0 0.00095425857899290834289
14 0 0 0 1 0 0.00078177888321689004061
14 0 0 0 1 0 0.0088948963626140058886
14 0 0 0 1 0 0.0020407183128521881252
14 0 0 0 1 0 0.0029996110612681521276
14 0 0 0 1 0 0.0024875540672239238038
14 0 0 0 1 0 0.0049118528184766280242
14 0 0 0 1 0 0.0058301167232503031679
15 0 0 0 1 0 0.0001179431235193888688
15 0 0 0 1 0 0.010506639409441902167
15 0 0 0 1 0 0.0098967565975746144002
15 0 0 0 1 0 0.0092496471004413390038
15 0 0 0 1 0 0.003337384991846291827
15 0 0 0 1 0 0.0073918030440917152635
15 0 0 0 1 0 0.0071648427508236465708
15 0 0 0 1 0 0.0095732164191227216155
15 0 0 0 1 0 0.0056170840563079015365
16 0 1 0 2 0 0.03289009612227263013
16 0 0 0 1 0 0.0064772368913400589843
16 0 0 0 1 0 0.0060196458456197353762
16 0 0 0 1 0 0.0061375845712024947737
16 0 0 0 1 0 0.0014665884223708030524
16 0 0 0 1 0 0.0015145200256072297636
16 0 0 0 1 0 0.0043411538136422598427
16 0 0 0 1 0 0.0053890407859791891743
16 0 0 0 1 0 0.0052635638889865811463
16 0 0 0 1 0 0.0017490270173052251818
17 0 0 0 1 0 0.000671161190907667367
17 0 0 0 1 0 0.0084410473225813055509
17 0 0 0 1 0 0.0078561005134153635843
17 0 0 0 1 0 0.0063020484847338903781
17 0 0 0 1 0 0.0048492577402895441219
17 0 0 0 1 0 0.0033824032064938545396
17 0 0 0 1 0 0.0050852047970413758946
17 0 0 0 1 0 0.0034238400288825869035
18 0 0 0 1 0 0.004441134680277197648
18 0 0 0 1 0 0.0057591331786693402209
18 0 0 0 1 0 0.0088273740304416949826
18 0 0 0 1 0 0.010759914408626641835
18 0 0 0 1 0 0.008340782334677899687
18 0 0 0 1 0 0.0041926420409162824116
18 0 0 0 1 0 0.0045643137661799376009
18 0 0 0 1 0 0.0019129918410206510782
18 0 0 0 1 0 0.0030501625891799213561
18 0 0 0 1 0 0.0053011929789929662649
19 0 0 0 1 0 0.0015082330306052040177
19 0 0 0 1 0 0.0019431740705807977031
19 0 0 0 1 0 0.0021494790474142276386
19 0 0 0 1 0 0.0019841858153819102832
19 0 0 0 1 0 0.00075866550993811934702
19 0 0 0 1 0 0.0019109972140714873157
19 0 0 0 1 0 0.0037103965001307843627
19 0 0 0 1 0 0.0040925369354426659532
19 0 0 0 1 0 0.0038579188962507855037
20 0 0 0 1 0 0.0064353205410385425425
20 0 0 0 1 0 0.0080087728753151839894
20 0 0 0 1 0 0.006563580120609936383
20 0 0 0 1 0 0.0078182545957146791504
20 0 0 0 1 0 0.01030353098104045545
20 0 0 0 1 0 0.0081150332498763858707
20 0 0 0 1 0 0.008378100811252122207
20 0 0 0 1 0 0.0063329884933235802355
20 0 0 0 1 0 0.0053724922266602907761
21 0 0 0 1 0 0.0014492947467156951959
21 0 0 0 1 0 0.0018127989682490757654
21 0 0 0 1 0 0.0042149396707149679522
21 0 0 0 1 0 0.0066417597159229629575
21 0 0 0 1 0 0.005941772904844272972
21 0 1 0 2 0 0.011119199215758145474
21 0 0 0 1 0 0.0024299276179379249163
21 0 0 0 1 0 0.0022856817870646780992
21 0 0 0 1 0 0.0014910600939289555406
21 0 0 0 1 0 0.0038295529941353924526
21 0 0 0 1 0 0.0039335387373125888996
22 0 1 0 2 0 0.02919463606547371276
22 0 0 0 1 0 0.0095277983169703654026
22 0 0 0 1 0 0.0085749038647735548874
22 0 0 0 1 0 0.0087327534711971015191
22 0 0 0 1 0 0.0042561347536666576871
22 0 0 0 1 0 0.0067806888427984005063
22 0 0 0 1 0 0.0044223564625691814262
22 0 0 0 1 0 0.010276444933321983097
22 0 0 0 1 0 0.0088085957057566586365
22 0 0 0 1 0 0.009188961754110568092
22 0 0 0 1 0 0.006540834817896055281
23 0 0 0 1 0 0.0058757500781542260429
23 0 0 0 1 0 0.0043568364009571574486
23 0 0 0 1 0 0.00084337858499435481175
23 0 0 0 1 0 0.0039494661925290868582
23 0 0 0 1 0 0.0025550114316179317608
23 0 0 0 1 0 0.0033946685111735839212
23 0 0 0 1 0 0.0025379598066721906387
23 0 0 0 1 0 0.00031843941875999543477
24 0 0 0 1 0 0.0050038871686091702939
24 0 0 0 1 0 0.0041757239242427709666
24 0 0 0 1 0 0.00056706621661593522611
24 0 0 0 1 0 0.010362676772500415551
24 0 0 0 1 0 0.010672832484626039104
24 0 0 0 1 0 0.01055317727904646688
24 0 0 0 1 0 0.007329158775957979842
25 0 0 0 1 0 0.027294782560048164166
25 0 0 0 1 0 0.0041772860067314085061
25 0 0 0 1 0 0.0039689881789718179511
25 0 0 0 1 0 0.0038167366317403764175
25 0 0 0 1 0 0.0083852899568136341629
25 0 1 0 2 0 0.013753622836241756466
25 0 0 0 1 0 5.6072503740103918411e-05
25 0 0 0 1 0 0.0070532946019733538598
25 0 0 0 1 0 0.0084065411699862004763
25 0 0 0 1 0 0.003635622503477703351
26 0 1 0 1 0 0.032063319678722508599
26 0 1 0 2 0 0.018988998273054433219
26 0 0 0 1 0 0.0041764273455781337346
26 0 0 0 1 0 0.0022894728583824327031
26 0 0 0 1 0 0.0036996160109773281767
26 0 0 0 1 0 0.0011804828381675788046
26 0 0 0 1 0 0.0023397184882425333882
26 0 0 0 1 0 0.0078975257413329419398
26 0 0 0 1 0 0.0082013328393139330041
26 0 0 0 1 0 0.011442867431967280317
26 0 0 0 1 0 0.010047222645465281668
26 0 0 0 1 0 0.0051031771173855053694
26 0 0 0 1 0 0.0037425173759885578886
26 0 0 0 1 0 0.0075681011917266500025
26 0 0 0 1 0 0.0075180300018630411701
27 0 1 0 1 0 0.023512796856597351081
27 0 0 0 1 0 2.5528468079379598206e-05
27 0 0 0 1 0 0.00057374089788012245811
27 0 0 0 1 0 0.0099507298311041509492
27 0 0 0 1 0 0.0067071988540370252804
27 0 0 0 1 0 0.00060664010781711740893
27 0 0 0 1 0 0.00064143709251935721125
27 0 0 0 1 0 0.0088094925110921325218
27 0 0 0 1 0 0.01253272069593242867
28 0 0 0 1 0 0.0018492167386758861809
28 0 0 0 1 0 0.0030221538830349191362
28 0 0 0 1 0 0.0054946092433499306093
28 0 0 0 1 0 0.0017495124110611965252
28 0 0 0 1 0 0.0066617632278537395815
28 0 0 0 1 0 0.0035838643573574487274
28 0 0 0 1 0 0.0030417218817773384806
28 0 0 0 1 0 0.0038585134574847879466
28 0 0 0 1 0 0.00050126533034289592027
28 0 1 0 3 0 0.012832379970593580862
28 0 1 0 3 0 0.0039489633450926590885
29 0 2 0 2 0 0.012198936577196534126
29 0 0 0 1 0 0.0056616327141839166426
29 0 0 0 1 0 0.0045398536593571434811
29 0 0 0 1 0 0.0091423337207779259428
29 0 0 0 1 0 0.0079099428317731413501
29 0 0 0 1 0 0.0066144726041633015653
29 0 0 0 1 0 0.0069317579123353368145
29 0 0 0 1 0 0.0087660311676222794214
29 0 0 0 1 0 0.0080112922291313126005
29 0 0 0 1 0 0.0080939333054933677858
29 0 0 0 1 0 0.0029497889678537533679
30 0 5 0 3 0 0.0058270754664796189579
30 0 0 0 1 0 0.0021776472582025925562
30 0 0 0 1 0 0.0075429153074975802129
30 0 0 0 1 0 0.0093625663731668994083
30 0 0 0 1 0 0.0080441636467767085872
30 0 0 0 1 0 0.00030885674984256064135
30 0 0 0 1 0 0.00033875120505604282067
30 0 0 0 1 0 0.0086747055925631491591
30 0 0 0 1 0 0.0082946351844069149406
31 0 0 0 1 0 0.00083348103302637748836
31 0 0 0 1 0 0.0015913441470947937723
31 0 0 0 2 0 0.010579306033764057648
31 0 0 0 1 0 0.0038656809202095403222
31 0 0 0 1 0 0.0058815471825631234631
31 0 0 0 1 0 0.0076859595017662258112
31 0 0 0 1 0 0.0084914813617046475125
31 0 0 0 1 0 0.0034995466066500210967
31 0 0 0 1 0 0.0046122804121098365596
32 0 0 0 1 0 0.0071405001347503152184
32 0 0 0 1 0 0.0088667687363315466492
32 0 0 0 1 0 0.005712827591997734003
32 0 0 0 1 0 0.0098257401887993697093
32 0 1 0 2 0 0.013689193073367456749
32 0 0 0 1 0 0.00055778078103172119319
32 0 0 0 1 0 7.2707393332294855846e-05
32 0 0 0 1 0 0.0068313536062432978282
32 0 0 0 1 0 0.0082862068386902239941
33 0 0 0 1 0 0.00042870520185937869553
33 0 0 0 1 0 0.0093130673680529452857
33 0 0 0 1 0 0.0066433085339270402797
33 0 0 0 1 0 0.0092071696411151517092
33 0 0 0 1 0 0.0066102240562383790187
33 0 0 0 1 0 0.011091711214723819212
34 0 0 0 1 0 0.0050503416339054167314
34 0 0 0 1 0 0.0049051522509601852215
34 0 0 0 1 0 0.0085467745803827713941
34 0 0 0 1 0 0.0051139990314054912038
34 0 0 0 1 0 0.0023529599400921199885
34 0 0 0 1 0 0.0092246716566711083746
34 0 0 0 1 0 0.0070973479478165903481
35 0 1 0 3 0 0.03496560587674709536
35 0 0 0 1 0 0.0044360550215902915666
35 0 0 0 1 0 0.0041179856373231736241
35 0 0 0 1 0 0.004548782801670364119
35 0 0 0 1 0 0.0049530153169278483966
35 0 0 0 1 0 4.7708415238938053481e-05
35 0 0 0 1 0 0.0078868363347537155661
35 0 0 0 1 0 0.0049527816254006130914
35 0 0 0 1 0 0.0028908935065301418973
35 0 0 0 1 0 0.0066042830487764627584
35 0 0 0 1 0 0.0055125002662718735127
36 0 0 0 1 0 0.0035996467848266504655
36 0 0 0 1 0 0.0057829864563252470627
36 0 0 0 1 0 0.004917422267529085976
36 0 0 0 1 0 0.0037107342009953820511
36 0 0 0 1 0 0.010587654770133713908
36 0 0 0 1 0 0.0095943519907998285612
36 0 0 0 1 0 0.010998830969326894164
36 0 0 0 1 0 0.0096069834416282091916
37 0 0 0 1 0 0.00080762839814742357243
37 0 0 0 1 0 0.0099799243557368039897
37 0 0 0 1 0 0.007395087921144635236
37 0 0 0 1 0 0.012388250460103762338
37 0 0 0 1 0 0.0064299123454588250418
37 0 0 0 1 0 0.0077761001914513454281
37 0 0 0 1 0 0.0067086617981269953612
37 0 0 0 1 0 0.0061814011509734763383
38 0 0 0 1 0 0.00057490245908469437847
38 0 0 0 1 0 0.0017559740529028938609
38 0 0 0 1 0 0.0016585357144984138201
38 0 0 0 1 0 0.0080853768541941338499
38 0 0 0 1 0 0.0015259293303032564048
38 0 0 0 1 0 0.0011007735192674944404
38 0 0 0 1 0 0.0093652751272564668111
38 0 0 0 1 0 0.0085774193980151409999
39 0 0 0 1 0 0.021362364011033495304
39 0 1 0 2 0 0.020643367707372534819
39 0 0 0 1 0 0.0017660319631413283481
39 0 0 0 2 0 0.018957746591578145123
39 0 0 0 1 0 0.00024892045323454984815
39 0 0 0 1 0 0.00061797184335143321311
39 0 0 0 1 0 0.0096646251494253675174
39 0 0 0 1 0 0.0054786377974213994885
39 0 0 0 1 0 0.0044341099675832256616
39 0 0 0 1 0 0.0037426121124151260147
39 0 0 0 1 0 0.0025232038890355057079
39 0 0 0 1 0 0.011056040662372805528
40 0 0 0 1 0 0.0048324461523752120645
40 0 0 0 1 0 0.006434646401130013349
40 0 0 0 1 0 0.0045847306743004726318
40 0 0 0 1 0 0.0053840268708810574624
40 0 0 0 1 0 0.0014820908595644048233
40 0 0 0 1 0 0.0026038412604330622366
40 0 0 0 1 0 0.0012748361655962709652
40 0 0 0 1 0 0.011028713195880189557
41 0 1 0 2 0 0.024834135239587440402
41 0 0 0 2 0 0.016677424754969000231
41 0 1 0 2 0 0.0095779948212896450638
41 0 0 0 1 0 0.0064606879806136767452
41 0 0 0 1 0 0.0094937486935574091906
41 0 0 0 1 0 0.0067328014114139307644
41 0 0 0 1 0 0.0033379769638123761404
41 0 0 0 1 0 0.0061709644260216200279
41 0 0 0 2 0 0.01212893626018609998
41 0 0 0 1 0 0.0033825586859601943814
42 0 1 0 2 0 0.019422566420068641813
42 0 0 0 1 0 0.00062694753894564536796
42 0 0 0 2 0 0.019146731930784435805
42 0 0 0 1 0 0.0072531828476276264533
42 0 0 0 1 0 0.0091805367302623588216
42 0 0 0 1 0 0.0011397981486070409788
42 0 0 0 1 0 0.0022335898221344419219
42 0 0 0 1 0 0.0010758968342922709156
42 0 0 0 1 0 0.0002659698390014657559
42 0 0 0 1 0 0.0002271602747625865574
43 0 0 0 1 0 0.0027470022623603609913
43 0 0 0 1 0 0.0069411280564352943398
43 0 0 0 1 0 0.0064370953986001280475
43 0 0 0 1 0 0.004101525186470386837
43 0 0 0 1 0 0.0039461230627484723821
43 0 0 0 1 0 0.0026559868821468741486
43 0 0 0 1 0 0.0034476133758812640279
43 0 0 0 1 0 0.0013193754200565316771
43 0 0 0 1 0 0.0015628474130994272993
43 0 0 0 2 0 0.014866977680033912831
44 0 0 0 1 0 0.0029487283816984882073
44 0 0 0 1 0 0.0077678446100871859428
44 0 0 0 1 0 0.0047955478198699373962
44 0 0 0 1 0 0.0034595934368149296699
44 0 0 0 1 0 0.0027124985626682841799
44 0 0 0 1 0 0.0097057408193634130827
45 0 0 0 2 0 0.0099619435068968257424
45 0 0 0 1 0 0.0035169868809414427807
45 0 0 0 1 0 0.013164454043155797425
45 0 0 0 1 0 0.0086134244268612075723
45 0 0 0 1 0 0.0086852027993950964985
45 0 0 0 1 0 0.010083013383327907656
45 0 0 0 1 0 0.0076949810163138834471
46 0 0 0 1 0 0.00051631477526514800783
46 0 0 0 2 0 0.010397916004523992395
46 0 0 0 1 0 0.0052788243186122768558
46 0 0 0 1 0 0.0072970886692132188797
46 0 0 0 1 0 0.013359735000900775301
46 0 0 0 1 0 0.0016418836407279921615
46 0 0 0 1 0 0.0050407396164084102355
46 0 0 0 1 0 0.0035103682439225057134
46 0 0 0 1 0 0.010299173946150767117
46 0 1 0 4 0 0.014581266754259707488
46 0 0 0 1 0 0.0091143176784068951485
47 0 1 0 2 0 0.023174477421345849454
47 0 0 0 1 0 0.00099932398922206676882
47 0 0 0 1 0 0.0018826287543614002914
47 0 0 0 1 0 0.0088979463936949849262
47 0 0 0 1 0 0.0073264965982719988322
47 0 0 0 1 0 0.00060444353901349548528
47 0 0 0 1 0 0.0010102402800525936682
47 0 0 0 1 0 0.0014193087683409451056
47 0 0 0 1 0 0.0010097752304820846719
47 0 0 0 1 0 0.00339845733240525796
48 0 1 0 2 0 0.0082614523642669211723
48 0 1 0 2 0 0.01265411115858020713
48 0 0 0 1 0 0.006189223729623600026
48 0 0 0 1 0 0.0073930003271604179463
48 0 0 0 1 0 0.0050442156431517960399
48 0 1 0 3 0 0.0080798265712694206792
48 0 0 0 1 0 0.0066543754588773819728
48 0 0 0 1 0 0.0049404196529221969247
49 0 0 0 1 0 0.0067895740670955526813
49 0 0 0 1 0 0.010385927457080999445
49 0 0 0 1 0 0.010912703354710387091
49 0 0 0 1 0 0.0029910650145497557142
49 0 0 0 1 0 0.0063083160399970130902
49 0 0 0 1 0 0.0081338336039080902373
49 0 0 0 1 0 0.0099066382057199555561
49 0 0 0 1 0 0.007085463694007786313
50 0 0 0 1 0 0.0039343882450398742767
50 0 0 0 1 0 0.011294208785673456874
50 0 0 0 1 0 0.0093204506412339193505
50 0 0 0 1 0 0.010361325706042055772
50 0 0 0 1 0 0.00054721930386177986081
50 0 0 0 1 0 0.0017337155614079193238
50 0 0 0 1 0 0.0099806436532971568032
50 0 0 0 1 0 0.0033566553547889703933
50 0 0 0 1 0 0.0049138350691174201984
51 0 1 0 2 0 0.0084489988721711747899
51 0 0 0 1 0 0.0018722161143811142867
51 0 0 0 1 0 0.0034466079120301540591
51 0 0 0 1 0 0.0067402539363014043333
51 0 0 0 1 0 0.0062243911095804368636
51 0 0 0 1 0 0.0062295378908390460285
51 0 0 0 1 0 0.00015580784645525259089
51 0 0 0 1 0 0.0011895750913637659525
51 0 0 0 1 0 0.0035099005366154164241
51 0 0 0 1 0 0.005391570960468760991
51 0 0 0 1 0 0.0036107050947101378136
51 0 0 0 1 0 0.00439278232668182788
51 0 0 0 1 0 0.0097380380132071637372
52 0 1 0 2 0 0.024248475642008465725
52 0 0 0 1 0 0.0094215572908828652127
52 0 0 0 1 0 0.0073761227805476991051
52 0 0 0 1 0 0.0044563150277830351764
52 0 0 0 1 0 0.0068155140175004689032
52 0 0 0 1 0 0.009575852445747060071
52 0 0 0 1 0 0.0045671008307228864662
52 0 0 0 1 0 0.0077338994213115028545
52 0 0 0 1 0 0.0031050986822893705472
52 0 0 0 1 0 0.008462467960622032867
52 0 0 0 1 0 0.015602971609750174165
53 0 0 0 1 0 0.0092229139069303547188
53 0 0 0 1 0 0.0055367966903639743992
53 0 0 0 1 0 0.011023145113706896148
53 0 0 0 1 0 0.0099306886704176571684
53 0 0 0 1 0 0.0089897233158990046825
53 0 0 0 1 0 0.00014328592733891254971
53 0 0 0 1 0 0.0026973228543261695313
53 0 0 0 1 0 0.0044779902103104160527
53 0 0 0 1 0 0.0049234638708367892829
53 0 0 0 1 0 0.0080526634613107290345
54 0 1 0 2 0 0.022605243007313698816
54 0 0 0 1 0 0.0025584402123292621783
54 0 0 0 1 0 0.0096354770323302044166
54 0 0 0 2 0 0.01557223062045477377
54 0 0 0 1 0 0.0098054942590650936984
54 0 0 0 1 0 0.0062104829356495350884
54 0 0 0 2 0 0.0098437028888894440026
55 0 2 0 2 0 0.019382833255528694044
55 0 0 0 1 0 0.00071448545525469608387
55 0 0 0 1 0 0.0040551522511043727737
55 0 0 0 1 0 0.0083325299187282843988
55 0 0 0 1 0 0.0097260782692300193353
55 0 0 0 1 0 0.0026815713417100732127
55 0 0 0 1 0 0.0002402853240930441709
55 0 0 0 1 0 0.010054986643868170718
55 0 0 0 1 0 0.0063995819179287300946
55 0 0 0 1 0 0.0042513644969866138529
56 0 1 0 2 0 0.016998252025859014736
56 0 0 0 1 0 0.00053025854072558901032
56 0 0 0 1 0 0.0025139061068444666473
56 0 0 0 1 0 0.0078153482559532496537
56 0 0 0 1 0 0.0059394090148551306751
56 0 0 0 1 0 0.001415488395019226216
56 0 0 0 1 0 0.00023275964730372193396
56 0 0 0 1 0 0.0043725286999945498292
57 0 0 0 1 0 0.0026900445340530430502
57 0 0 0 1 0 0.004551913393513193698
57 0 0 0 2 0 0.008759006364950468887
57 0 0 0 1 0 0.0037427229420727401062
57 0 0 0 1 0 0.0042667182940296912927
57 0 0 0 1 0 0.0018079938821932081683
57 0 0 0 1 0 0.0050817836004920331414
57 0 0 0 1 0 0.0026179045630960987197
57 0 0 0 1 0 0.0080674629294531195745
57 0 0 0 1 0 0.0088377648716896021336
57 0 0 0 2 0 0.010019763639040387554
58 0 0 0 1 0 0.0059400294974548527999
58 0 0 0 1 0 0.010632680497564585276
58 0 1 0 2 0 0.010645670369993726068
58 0 0 0 1 0 0.013227851613963309552
58 0 0 0 1 0 0.0068804106981533736526
58 0 0 0 1 0 0.0081383237184333816205
58 0 0 0 1 0 0.0093205874891134129351
58 0 0 0 1 0 0.010291725571578438925
58 0 0 0 1 0 0.012575914437123960829
59 0 0 0 1 0 0.0028795609563579661026
59 0 0 0 1 0 0.0041921357516911516433
59 0 1 0 2 0 0.012855833593589395189
59 0 0 0 1 0 0.004682529898991123242
59 0 0 0 1 0 0.00056659052501483635547
59 0 0 0 1 0 0.0048206735977271344268
59 0 0 0 1 0 0.0088500764453088489464
59 0 0 0 1 0 0.0063156608387224958193
59 0 0 0 1 0 0.012388979831536030621
59 0 0 0 1 0 0.0069025222050617361658
60 0 1 0 2 0 0.016612034953062751463
60 0 0 0 1 0 0.0028605012205084536132
60 0 0 0 1 0 0.0053841178121350223226
60 0 0 0 1 0 0.0097786165129434970966
60 0 0 0 1 0 0.010624744476347643823
60 0 0 0 1 0 0.0023617390499133610569
60 0 1 0 2 0 0.012205590620547929551
60 0 0 0 1 0 0.0094028369682054267764
60 0 0 0 1 0 0.0083771237666571112673
60 0 0 0 1 0 0.0064436002977433289723
61 0 1 0 2 0 0.017955208808575567891
61 0 0 0 1 0 0.0046725491881739276284
61 0 0 0 1 0 0.00122685138340949745
61 0 0 0 1 0 0.0034694937933734452083
61 0 0 0 1 0 0.0062665972289875767828
61 0 0 0 1 0 0.0010848841079054822277
61 0 0 0 1 0 0.00040421701720920108752
61 0 0 0 1 0 0.0074690089344251935424
62 0 0 0 1 0 0.0013910170928453653282
62 0 0 0 1 0 0.0031214695315550065879
62 0 0 0 2 0 0.012029010849670833394
62 0 0 0 1 0 0.003858323475333881071
62 0 0 0 1 0 0.0044414838079412767916
62 0 0 0 1 0 0.0022694524590972358496
62 0 0 0 1 0 0.0029050431041208885086
62 0 0 0 1 0 0.0064768332495798381157
62 0 0 0 1 0 0.0052901602954577280763
62 0 0 0 1 0 0.0048645418712971481498
63 0 0 0 1 0 0.0074234500797918066828
63 0 0 0 2 0 0.019565265178885578312
63 0 0 0 1 0 0.0048899156318428131998
63 0 0 0 1 0 0.0067298072697874484344
63 0 0 0 1 0 0.0037548847850620869528
63 0 0 0 1 0 0.0035065427194262278714
63 0 0 0 1 0 0.0075476900769092178378
63 0 0 0 1 0 0.0082728488588794547171
63 0 0 0 1 0 0.0055772119899394796694
63 0 0 0 1 0 0.011011778299891628735
63 0 0 0 1 0 0.012482941228621979857
64 0 0 0 1 0 0.0038527850139554111093
64 0 0 0 1 0 0.0084014824124070790201
64 0 0 0 1 0 0.0082574851133482857907
64 0 0 0 1 0 0.0078625054830633415992
64 0 0 0 1 0 0.00054037586789785281745
64 0 0 0 1 0 0.0011079072990148122486
64 0 0 0 1 0 0.0018450613598926842839
64 0 0 0 1 0 0.008060698998188542061
64 0 0 0 1 0 0.0059556524915143080681
64 0 0 0 1 0 0.0054892282020569090409
64 0 0 0 1 0 0.0064075881913206560181
65 0 0 0 1 0 0.0026477268227921152421
65 0 0 0 1 0 0.0012514894002204428845
65 0 0 0 1 0 0.001128064800513293043
65 0 0 0 1 0 0.00099171911909642245821
65 0 0 0 1 0 0.0029399921746595353116
65 0 0 0 1 0 0.0025239561766714920486
65 0 0 0 1 0 0.0034794329587027102851
65 0 0 0 1 0 0.0033337833598174261736
65 0 0 0 1 0 0.0043723956332997089558
65 0 0 0 1 0 0.0016418472197893077286
66 0 0 0 1 0 0.0023631161207275756808
66 0 0 0 2 0 0.014856104187470903569
66 0 0 0 1 0 0.0028234690283173800168
66 0 0 0 1 0 0.0010681048295127148692
66 0 0 0 1 0 0.0061595298903271223159
66 0 0 0 1 0 0.0023634495600911359023
66 0 0 0 1 0 0.012320168450741679489
67 0 1 0 2 0 0.031328563567367267995
67 0 1 0 3 0 0.020734381532830446077
67 0 1 0 2 0 0.01572519926757816669
67 0 0 0 1 0 0.0068514796994336678304
67 0 0 0 1 0 0.008766243913095378773
67 0 0 0 1 0 0.004505924367517755505
67 0 0 0 1 0 0.0090838413602435628957
67 0 0 0 1 0 0.0072598901781675134748
67 0 0 0 1 0 0.0018556273685374823166
67 0 0 0 1 0 0.0016150288968211862304
67 0 0 0 1 0 0.0016243630508989627577
67 0 0 0 1 0 0.00033935096520583510641
67 0 0 0 1 0 0.0019975530281444984528
68 0 0 0 1 0 0.0001342126944891917765
68 0 0 0 1 0 0.0089952405194742082739
68 0 0 0 1 0 0.0035241851808588222673
68 0 0 0 1 0 0.0019122101157211105534
69 0 0 0 2 0 0.020008930792769899498
69 0 1 0 2 0 0.027440978373387773376
69 0 1 0 2 0 0.011161886898184435885
69 0 2 0 2 0 0.014504192804749484885
69 0 0 0 1 0 0.00028378281853731442737
69 0 0 0 1 0 0.0011857984699885741608
69 0 0 0 2 0 0.017314192874254945298
69 0 6 0 3 0 0.0059696013428905602902
69 0 0 0 1 0 0.0086765917913565610009
69 0 0 0 1 0 0.0095301806694196040254
69 0 0 0 1 0 0.0062356330856976928401
70 0 0 0 1 0 0.0015422221807037744205
70 0 0 0 1 0 0.00065789908026278414149
70 0 0 0 1 0 0.0080666071833186345219
70 0 0 0 1 0 0.0041039914090468393448
70 0 0 0 1 0 0.0083951480807292738068
70 0 0 0 1 0 0.0073843083657065614056
70 0 0 0 1 0 0.0081426735175563619284
70 0 0 0 1 0 0.0065477708814430830853
70 0 0 0 1 0 0.0094816882626070995294
71 0 0 0 1 0 0.0059043357165329164726
71 0 0 0 1 0 0.0076042036716944668914
71 0 1 0 2 0 0.01713286228446957854
71 0 0 0 1 0 0.0069484815062443756883
71 0 0 0 1 0 0.0012066033474334098355
71 0 0 0 1 0 0.0038642727948635744589
71 0 0 0 1 0 0.0069595665567176038038
71 0 0 0 1 0 0.0077808720873936637955
71 0 1 0 2 0 0.015522541825144970523
72 0 1 0 3 0 0.017060915885310338341
72 0 0 0 1 0 0.0087944966865797224997
72 0 0 0 1 0 0.0076192477459483941987
72 0 0 0 1 0 0.0027141553231124484688
72 0 0 0 1 0 0.0069078137518680856471
72 0 0 0 1 0 0.0026311744655784490704
72 0 0 0 2 0 0.012101421488932107701
73 0 0 0 1 0 0.0078603489806120738215
73 0 0 0 1 0 0.011039368721900304215
73 0 0 0 1 0 0.0096304198562144633505
73 0 0 0 1 0 0.0052434117868408389174
73 0 0 0 1 0 0.00034528730095460032773
73 0 0 0 1 0 0.0030287482785646387476
73 0 0 0 1 0 0.0042680980535462998901
74 0 0 0 1 0 0.0062966726343860086879
74 0 0 0 1 0 0.0061999254511209819438
74 0 0 0 2 0 0.020247004604917510917
74 0 0 0 1 0 0.0041552219404524335516
74 0 0 0 1 0 0.0022379682901654180706
74 0 0 0 1 0 0.0051548234609855034596
74 0 0 0 2 0 0.0046104024647837960754
75 0 0 0 1 0 8.3808497649277114523e-05
75 0 0 0 2 0 0.017140087838276432675
75 0 0 0 1 0 0.0015996345178961111477
75 0 0 0 1 0 0.00087578125638933679992
75 0 0 0 1 0 0.010029722258250821365
75 0 0 0 1 0 0.0064074974115187503451
75 0 0 0 1 0 0.0086978458979531589335
75 0 0 0 1 0 0.010426362738061070376
75 0 0 0 1 0 0.013435965018813167404
76 0 0 0 1 0 0.0076365453241959146968
76 0 0 0 1 0 0.0021035808415306523136
76 0 0 0 1 0 0.0080398943437785010124
76 0 0 0 1 0 0.0033923937452060679183
76 0 0 0 1 0 0.005073983817311816108
76 0 0 0 1 0 0.00074150714997574100097
76 0 0 0 1 0 0.0059349285002992828095
76 0 0 0 1 0 0.002337411120721108633
76 0 0 0 1 0 0.0024276442339713289256
76 0 0 0 1 0 0.0013210188806485178431
76 0 0 0 1 0 0.0064052712358749572946
76 0 0 0 1 0 0.010347790150507641879
76 0 0 0 1 0 0.0062851188763291985714
76 0 0 0 1 0 0.010184177996408272718
76 0 0 0 1 0 0.0063152216202908553408
76 0 1 0 3 0 0.0098340287040189298257
77 0 0 0 1 0 0.0014759238948373360357
77 0 0 0 1 0 0.0028148340161875192063
77 0 0 0 1 0 0.001469302727337456994
77 0 0 0 1 0 1.6711495402117535191e-05
77 0 0 0 1 0 0.0063415255490819931808
77 0 0 0 1 0 0.0092545794027207167742
78 0 0 0 1 0 0.006569557063274634838
78 0 0 0 1 0 0.0043610880231858299358
78 0 0 0 1 0 0.0056948107588514693123
78 0 0 0 1 0 0.0031134981834808391626
78 0 0 0 1 0 0.001693090394737335443
78 0 0 0 1 0 0.0049755176806010655705
79 0 0 0 1 0 0.0019282430384861518231
79 0 0 0 1 0 0.00049090056635236751625
79 0 0 0 1 0 0.0035491331553113140453
79 0 0 0 1 0 0.0084021174748817699374
79 0 0 0 1 0 0.005702296101222880699
79 0 0 0 1 0 0.0023717259963122790806
79 0 0 0 1 0 0.0090418038450436662851
79 0 0 0 1 0 0.012191362850557727407
79 0 0 0 1 0 0.0046995252580120296798
80 0 0 0 1 0 0.0052415341637516614862
80 0 0 0 1 0 0.00070146518191059733724
80 0 0 0 1 0 0.00060703180706399458271
80 0 0 0 1 0 0.0054770131035461501467
80 0 0 0 1 0 0.007320836805284662574
80 0 0 0 1 0 0.0086946149295699572818
80 0 0 0 1 0 0.0025238019036126178862
80 0 0 0 1 0 0.0079901071837098353035
81 0 0 0 1 0 0.0040059313026471737168
81 0 0 0 1 0 0.0085901655152258588055
81 0 0 0 1 0 0.012133794119409634787
81 0 0 0 1 0 0.0096105915788703370067
81 0 0 0 1 0 3.3925291486211908243e-05
81 0 0 0 1 0 6.7258087508417625203e-05
81 0 0 0 1 0 0.0095884702922726678526
82 0 0 0 1 0 0.0061886815550140092737
82 0 0 0 1 0 0.0056332352838908035519
82 0 0 0 1 0 0.005204320250076464871
82 0 0 0 1 0 0.0028231887779295904498
82 0 0 0 1 0 0.0082449707195084310368
82 0 0 0 1 0 0.0055415257906584955427
82 0 0 0 1 0 0.0062323607866293642341
82 0 0 0 2 0 0.0085982579955682265915
83 0 1 0 2 0 0.017964980178124433791
83 0 2 0 2 0 0.010766105562038023533
83 0 0 0 1 0 0.0060884532137762507886
83 0 0 0 1 0 0.0065363365940198847256
83 0 0 0 1 0 0.0077634594345652868652
83 0 0 0 1 0 0.0083989014838164680749
83 0 0 0 1 0 0.007525808043894708331
83 0 0 0 1 0 0.0085843985601405051883
83 0 0 0 1 0 0.0057709166511021783158
83 0 0 0 1 0 0.0086736964856672042062
83 0 0 0 1 0 0.0074312161436227656269
83 0 1 0 2 0 0.01090099178919676573
84 0 0 0 1 0 0.0078188213275642119704
84 0 0 0 1 0 0.0039052483223229426945
84 0 0 0 1 0 0.0045812853269192755495
84 0 0 0 1 0 0.0064933611759300157926
84 0 0 0 1 0 0.0048383118685648403637
84 0 0 0 1 0 0.001027685688215602966
84 0 0 0 1 0 0.0084449392279455654658
84 0 0 0 1 0 0.0026375110040934715908
85 0 1 0 2 0 0.01093030832487365718
85 0 0 0 1 0 0.0079039122823491014813
85 0 0 0 1 0 0.0038223110510753445859
85 0 0 0 1 0 0.017336626887731441254
85 0 0 0 1 0 0.0096713273110662911769
85 0 0 0 1 0 0.0055566587235149483837
85 0 0 0 1 0 0.0018669077679504934592
85 0 0 0 1 0 0.0064208515246860810299
86 0 0 0 1 0 0.0019261189083630109956
86 0 0 0 1 0 0.0018996635636031760676
86 0 0 0 1 0 0.0058914145810240138232
86 0 0 0 1 0 0.0013221744347927694586
86 0 0 0 2 0 0.016464958023311153379
86 0 0 0 1 0 0.0054616106031582477287
87 0 1 0 2 0 0.020088444242578971238
87 0 1 0 2 0 0.0097177135238519715688
87 0 1 0 3 0 0.0082124160947903233204
87 0 0 0 1 0 0.0024769389491910535905
87 0 0 0 1 0 0.0024087616796919807984
87 0 0 0 1 0 0.0020148174930444181369
87 0 0 0 1 0 0.0044485955885103459911
87 0 0 0 1 0 0.0042249152502787665556
87 0 0 0 2 0 0.012216822295620785241
87 0 0 0 2 0 0.0037310100772479422998
87 0 0 0 1 0 0.0047347937156280231474
88 0 0 0 1 0 0.0033941019070523113614
88 0 0 0 1 0 0.0027671478876460631723
88 0 0 0 1 0 0.0030748746703565866568
88 0 0 0 1 0 0.0087180849191971533652
89 0 1 0 2 0 0.013748991569599505053
89 0 0 0 1 0 0.00096628887439125952727
89 0 0 0 1 0 0.0025269612834065277238
89 0 0 0 1 0 0.0022750537901537557645
89 0 0 0 1 0 0.00054095671282107353223
89 0 0 0 1 0 0.0077254615065551349509
89 0 0 0 1 0 0.00083777143601639016048
89 0 0 0 1 0 0.0043336040087533240356
89 0 0 0 1 0 0.0085030594476397328846
89 0 0 0 1 0 0.0072975487593428577451
89 0 1 0 2 0 0.0087184919177577587662
90 0 1 0 2 0 0.0098510328469731019141
90 0 0 0 1 0 0.0059768426365964582789
90 0 0 0 1 0 0.0023626960976303444141
90 0 0 0 1 0 0.00092132253577146107706
90 0 0 0 1 0 0.0015143170951787473123
90 0 0 0 1 0 0.0047531761901003352286
90 0 1 0 3 0 0.010813117133311914153
90 0 0 0 1 0 0.004518170233677221842
90 0 0 0 1 0 0.0047968571081114866339
90 0 0 0 1 0 0.0067031035421441301225
90 0 0 0 1 0 0.0066044731607414683405
91 0 0 0 1 0 0.0016173897595894977473
91 0 0 0 1 0 0.0024247549658281842416
91 0 0 0 1 0 0.0019849970318809168068
91 0 1 0 2 0 0.0050643572681687808179
91 0 0 0 1 0 0.0092393491149020453429
91 0 0 0 1 0 0.0056491111225877351648
91 0 0 0 1 0 0.0053467691092592643104
91 0 0 0 1 0 0.0012489872074144623554
91 0 0 0 1 0 0.0070144445573661201587
92 0 0 0 1 0 0.0062408791672871281181
92 0 0 0 1 0 0.0059293009268805048351
92 0 0 0 1 0 0.0029037810426478494717
92 0 0 0 1 0 0.00031076343423625999276
92 0 0 0 1 0 0.0044445354138723369014
92 0 0 0 1 0 0.0043019252374270284048
92 0 0 0 1 0 0.0018172600037704665903
92 0 0 0 1 0 0.0049648891534917914334
93 0 1 0 2 0 0.014398255540511172706
93 0 1 0 2 0 0.0062303809622683767322
93 0 0 0 1 0 0.0054140189145274481702
93 0 0 0 1 0 0.0013986252913600789871
93 0 0 0 1 0 0.0027091993327035307666
93 0 0 0 1 0 0.0066496319118450487179
93 0 0 0 1 0 0.006597727710309663797
93 0 0 0 1 0 0.0059101541735003355546
93 0 0 0 1 0 0.013781799007970808868
93 0 0 0 1 0 0.013150647678383881739
94 0 1 0 2 0 0.017599864796329803968
94 0 0 0 1 0 0.0025197035418181444773
94 0 0 0 1 0 0.002876147720026296737
94 0 0 0 1 0 0.0037741656571071559127
94 0 0 0 1 0 0.0099880230705387887391
94 0 0 0 1 0 0.00025198888886459491114
94 0 0 0 1 0 0.002585080866966792644
94 0 0 0 1 0 0.0049267411760605898247
94 0 0 0 1 0 0.011698964371575438018
94 0 0 0 1 0 0.0054556504669997646362
95 0 0 0 2 0 0.013960806533758661485
95 0 2 0 2 0 0.022297883690011188057
95 0 0 0 1 0 0.00027714870817626373464
95 0 0 0 1 0 0.0010477979759392528573
95 0 0 0 1 0 0.008598557829688551965
95 0 0 0 1 0 0.0075837568802769629583
95 0 1 0 2 0 0.0050043812621784183187
95 0 0 0 1 0 0.00032970709378607156647
95 0 0 0 1 0 0.0045601253283709215422
95 0 0 0 1 0 0.0059226160814836552315
95 0 0 0 1 0 0.0074565467224338112182
95 0 0 0 1 0 0.0068782412415375367154
96 0 0 0 1 0 0.00019433948051110095799
96 0 0 0 1 0 0.0055181177805081853271
96 0 0 0 1 0 0.0075512896973755454233
96 0 0 0 1 0 0.0039206130590529559773
96 0 0 0 1 0 0.0067400967247735286275
96 0 0 0 1 0 0.0083322867389895409473
96 0 0 0 1 0 0.0099251775433604472187
96 0 0 0 1 0 0.0064946877003784512714
97 0 1 0 2 0 0.017439603978243532756
97 0 0 0 1 0 0.00076451988329650274329
97 0 0 0 1 0 0.0018796181900261174549
97 0 0 0 1 0 0.0025889496871347250986
97 0 0 0 1 0 0.0099227090366676064942
97 0 0 0 1 0 0.004396945381497446674
97 0 0 0 1 0 0.0097017830727827228388
97 0 0 0 1 0 0.010773454335983262062
97 0 0 0 1 0 0.008692456313122529088
97 0 0 0 1 0 0.009276320887536852397
97 0 0 0 1 0 0.0092258472419198492981
98 0 0 0 1 0 0.0025396439713239269548
98 0 0 0 1 0 0.00018131779641783926887
98 0 1 0 3 0 0.010281653820001962138
98 0 0 0 1 0 0.0046152905924208963845
98 0 0 0 1 0 0.011929461383108592304
98 0 0 0 1 0 0.0026484991622220317199
98 0 0 0 1 0 0.0016817473751517767605
98 0 0 0 1 0 0.0015193280100210240693
98 0 0 0 1 0 0.00090067108994102611317
98 0 0 0 1 0 0.0089959102729125859504
98 0 0 0 1 0 0.010974690859362383824
99 0 0 0 1 0 0.010404729211990879426
99 0 0 0 1 0 0.0091851439601068722574
99 0 0 0 1 0 0.010292844854879719743
99 0 0 0 1 0 0.0080132487175355680137
99 0 0 0 1 0 0.0013393549566674649298
99 0 0 0 2 0 0.016344402507010007825
99 0 0 0 1 0 0.0039049775017576883636
99 0 0 0 1 0 0.0079420619718399525222
100 0 0 0 1 0 0.0036362722309323252008
100 0 0 0 1 0 0.0025775948427679473349
100 0 0 0 1 0 0.0039254367253885851657
100 0 0 0 1 0 0.0081705362630431696558
100 0 0 0 1 0 0.013826694379965876955
100 0 0 0 1 0 0.0017428638414986106879
100 0 0 0 1 0 0.0026093585625824432944
100 0 0 0 1 0 0.0030561241414626206039
100 0 0 0 1 0 0.014390605025296668296
101 0 1 0 2 0 0.013314173616622199808
101 0 0 0 1 0 0.0047800552043427676011
101 0 0 0 1 0 0.0083700303879633980442
101 0 0 0 1 0 0.0081483149885816143904
101 0 0 0 1 0 0.0070984816550575041347
101 0 0 0 1 0 0.010406972102537570893
101 0 0 0 1 0 0.0052327726444133665362
101 0 0 0 1 0 0.0043019774752894304401
101 0 0 0 1 0 0.0068909222192470474463
101 0 0 0 1 0 0.01509423257788850177
102 0 3 0 3 0 0.0041903148400008116345
102 0 0 0 1 0 0.01214954246067160952
102 0 0 0 1 0 0.015635126710218990448
102 0 0 0 1 0 0.013376654179282907939
102 0 0 0 1 0 0.010333562211523183647
102 0 0 0 1 0 0.010762931179755375402
102 0 0 0 1 0 0.0094820000050734598585
103 0 1 0 2 0 6.9957460858564875144e-06
103 0 1 0 2 0 0.03419524530630688175
103 0 0 0 1 0 0.0074118844480589776008
103 0 0 0 1 0 0.0078486339913976486959
103 0 0 0 1 0 0.0071202118330880095898
103 0 1 0 2 0 0.011995520156987956456
103 0 0 0 1 0 0.00088859702343853938858
103 0 0 0 1 0 0.0082721210946250268992
103 0 0 0 1 0 0.007247378369159075337
103 0 0 0 1 0 0.0054640008515100613531
103 0 0 0 1 0 0.0072745700125215456006
103 0 1 0 2 0 0.007464087064590698567
104 0 1 0 2 0 0.015118324387857181093
104 0 0 0 1 0 0.0023551625510834289443
104 0 0 0 1 0 0.0025084387337611343052
104 0 0 0 1 0 0.014134876726791761534
104 0 0 0 1 0 0.0038623834709907265035
104 0 0 0 1 0 0.0039875552461042787153
105 0 1 0 2 0 0.016476872355570819362
105 0 0 0 1 0 0.00053826008965681196305
105 0 0 0 1 0 0.0023631141098373721968
105 0 0 0 1 0 0.0087851285408325572451
105 0 0 0 1 0 0.0083126453915759908331
105 0 1 0 2 0 0.0080838275334705854414
105 0 0 0 1 0 0.0056926327636863498227
105 0 0 0 1 0 0.0083586499164291401531
105 0 0 0 1 0 0.012239673550003027022
106 0 1 0 2 0 0.018050163593033251991
106 0 0 0 1 0 0.012969033865834835723
106 0 0 0 1 0 0.012961402519727615451
106 0 0 0 1 0 0.013712389040525404388
106 0 0 0 1 0 0.013149132752887954245
106 0 0 0 1 0 0.0080780463338312631649
106 0 0 0 1 0 0.0087651457831372913548
106 0 0 0 1 0 0.014955008371468885703
107 0 0 0 2 0 0.011545528493162218742
107 0 0 0 1 0 0.0076006674293869758152
107 0 0 0 1 0 0.0079001035863945859999
107 0 0 0 1 0 0.012186232484434336362
107 0 0 0 1 0 0.007343386321357463567
107 0 0 0 1 0 0.0080330536141882177142
107 0 0 0 1 0 0.014125776002442911802
107 0 0 0 1 0 0.011155128160554878686
108 0 1 0 3 0 0.023040180966924141831
108 0 0 0 1 0 0.0099135063257455666857
108 0 0 0 1 0 0.01551661556149794112
108 0 0 0 1 0 0.01135947575005264755
108 0 0 0 1 0 0.010925236129563472426
108 0 0 0 2 0 0.0030860802891461164982
108 0 0 0 1 0 0.007803881598374042515
108 0 0 0 1 0 0.013090546964854133868
109 0 0 0 1 0 0.0074668590352939189989
109 0 0 0 1 0 0.0089870284564142529499
109 0 0 0 1 0 0.014030066709443594908
109 0 0 0 1 0 0.0095733582361788357312
109 0 0 0 1 0 0.0077165193170744585116
109 0 0 0 1 0 0.0078221959583663451532
109 0 0 0 1 0 0.014560584686013632733
109 0 0 0 1 0 0.0085882571877838615598
110 0 1 0 2 0 0.0219629812938302027
110 0 0 0 2 0 0.012514688151864171786
110 0 0 0 1 0 0.00030882101597727416734
110 0 0 0 1 0 0.010563472608590186025
110 0 0 0 1 0 0.013724182257703223045
110 0 0 0 1 0 0.011012397564057129287
110 0 0 0 1 0 0.0038716237275442885214
110 0 0 0 1 0 0.0065668492261645762531
110 0 0 0 1 0 0.0097299324245544542566
111 0 0 0 1 0 0.0087254946572240203034
111 0 0 0 1 0 0.0057885962859923027757
111 0 0 0 1 0 0.009953338145842250545
111 0 0 0 1 0 0.015132461519108967446
111 0 0 0 1 0 0.0068654868028689055443
111 0 0 0 1 0 0.0020380230814643152462
111 0 0 0 1 0 0.0063900769160132302876
111 0 0 0 1 0 0.015391097119745596536
112 0 0 0 1 0 0.0074293564822392847702
112 0 0 0 1 0 0.0073694190671952652938
112 0 0 0 1 0 0.011913568678030551223
112 0 0 0 1 0 0.0038015108360626237785
112 0 0 0 1 0 0.004167442714070953777
112 0 0 0 1 0 0.010335933808162174607
112 0 0 0 1 0 0.010804099723293873747
113 0 0 0 1 0 0.0079890429184708202509
113 0 0 0 1 0 0.01033164760022596898
113 0 0 0 1 0 0.0098357549327679517914
113 0 0 0 1 0 0.014308389501343117545
113 0 0 0 1 0 0.0082490599490478710987
113 0 0 0 1 0 0.0019153758040871765936
113 0 0 0 1 0 0.0021227338399712769069
113 0 0 0 1 0 0.0026024188627297170986
113 0 0 0 1 0 0.010373994781790216863
113 0 0 0 1 0 0.011901043358702815753
114 0 0 0 1 0 0.0044941365151993989055
114 0 0 0 1 0 0.0023375204605367693594
114 0 0 0 1 0 0.0033114664175590410519
114 0 0 0 1 0 0.008211371129561575305
114 0 0 0 1 0 0.0055617580993318777721
114 0 0 0 1 0 0.012738670340077281121
114 0 0 0 1 0 0.01309476923388000133
115 0 0 0 1 0 0.028761683779465051225
115 0 1 0 4 0 0.0060925381036283409245
115 0 0 0 1 0 0.0056086914308374896665
115 0 0 0 1 0 0.0035508858143310623699
115 0 0 0 1 0 0.0040886596030188480932
115 0 0 0 1 0 0.011119465783536114714
115 0 0 0 1 0 0.0087286720001577486339
115 0 0 0 1 0 0.010040287131511659371
115 0 0 0 1 0 0.012970564622650868764
116 0 2 0 2 0 0.012873019833770749792
116 0 1 0 4 0 0.015242258860090739797
116 0 0 0 1 0 0.007780577158832273181
116 0 0 0 1 0 0.0089294361317485762553
116 0 0 0 1 0 0.013152885935996998235
116 0 0 0 1 0 0.0075140429606512862404
116 0 0 0 1 0 0.007145402101091428114
116 0 0 0 1 0 0.013746668366186471852
117 0 0 0 1 0 0.0024750155354392121797
117 0 0 0 1 0 0.0028335807186803088804
117 0 0 0 1 0 0.010163417427858211645
117 0 0 0 2 0 0.012267854836204478836
117 0 0 0 1 0 0.01422181656355897203
118 0 2 0 2 0 0.018198122182189514079
118 0 0 0 1 0 0.0058004306410847795289
118 0 0 0 1 0 0.0040749836136155948713
118 0 0 0 1 0 0.0087805400213551518945
118 0 0 0 1 0 0.010246287299049073455
118 0 0 0 1 0 0.0063340962230788791509
118 0 0 0 1 0 0.010639896478589662074
118 0 0 0 1 0 0.011442785593852951645
118 0 0 0 1 0 0.0090274325498572016019
119 0 1 0 3 0 0.01090843831306882207
119 0 1 0 2 0 0.022439716566412706844
119 0 0 0 1 0 0.0021334882199449739168
119 0 0 0 1 0 0.0014649805167321163554
119 0 0 0 1 0 0.00088152665878180156041
119 0 0 0 2 0 0.012985850634565521827
119 0 0 0 1 0 0.0072226857878774529051
119 0 0 0 1 0 0.0032387489381309115567
119 0 0 0 1 0 0.0045520757001350289905
119 0 0 0 1 0 0.0036172331918102491877
119 0 0 0 1 0 0.0084528762101718120381
119 0 0 0 2 0 0.013565220655312511949
120 0 0 0 1 0 0.002567955797420870892
120 0 0 0 1 0 0.0049943043446118821904
120 0 0 0 1 0 0.010076562908024572912
120 0 0 0 2 0 0.006635256362538152243
120 0 0 0 1 0 0.0034773597014396118686
121 0 0 0 2 0 0.012819018049033490542
121 0 0 0 1 0 0.0099279582340098277565
121 0 0 0 1 0 0.0094850082205610586339
121 0 0 0 1 0 0.0027429270483129305179
121 0 0 0 1 0 0.0025030206167791380772
121 0 1 0 3 0 0.0068998612458818593327
121 0 0 0 1 0 0.0048090130280507258076
121 0 0 0 1 0 0.008153491583825882294
121 0 1 0 2 0 0.01334318993058167431
122 0 0 0 1 0 0.0010280085964473753904
122 0 0 0 1 0 0.0011099851853244063933
122 0 0 0 1 0 0.0015455658392345757602
122 0 0 0 1 0 0.0011951331459036157109
122 0 0 0 1 0 0.0015823499985171832552
122 0 0 0 1 0 0.0037364592158884201226
122 0 0 0 1 0 0.0036399684966450032708
123 0 0 0 1 0 0.0091016980319435451113
123 0 0 0 1 0 0.0071271143636300587215
123 0 0 0 1 0 0.0082617813908385275001
123 0 0 0 1 0 0.0081830840882127758168
123 0 0 0 1 0 0.0027370009405325475271
123 0 0 0 1 0 0.00053315086272231419079
123 0 0 0 1 0 0.0080548486642395902835
123 0 0 0 1 0 0.0084857973928856300638
124 0 0 0 2 0 0.010107643315025014244
124 0 0 0 1 0 0.0066796677063277205139
124 0 0 0 1 0 0.0073273132719074976146
124 0 0 0 1 0 0.0049917626650219110856
124 0 0 0 1 0 0.0043288199049296080534
124 0 0 0 1 0 0.001207561259335841004
124 0 0 0 1 0 0.0061525471122821197636
125 0 2 0 2 0 0.013016926583167895762
125 0 0 0 1 0 0.0025708696242509737617
125 0 0 0 1 0 0.0058547427482724670109
125 0 0 0 1 0 0.0085522929482123172251
125 0 0 0 1 0 0.0090657998110363659239
125 0 0 0 1 0 0.0076412811724654531448
125 0 0 0 1 0 0.0038868953918293211794
125 0 0 0 1 0 0.0059741734406046388683
125 0 0 0 1 0 0.0027828234465869751066
125 0 0 0 1 0 0.009487595182079158751
125 0 0 0 1 0 0.0092963071427019580706
126 0 1 0 2 0 0.01309195148965243416
126 0 0 0 1 0 0.0037174286530726706468
126 0 0 0 1 0 0.0012519626350275423962
126 0 0 0 1 0 0.0078493346581687065133
126 0 0 0 1 0 0.00087453508011451741144
126 0 0 0 1 0 0.0082159948675487592951
126 0 0 0 1 0 0.0078280430404628863206
127 0 0 0 1 0 0.0059302666899294087521
127 0 0 0 1 0 0.0029090953716457367516
127 0 0 0 1 0 0.0089185169454379705639
127 0 0 0 1 0 0.0058888940909936852292
127 0 0 0 1 0 0.0041499997185865215854
127 0 0 0 1 0 0.0030945567997747273903
127 0 0 0 1 0 0.0035526185509536546692
127 0 1 0 4 0 0.01262417641082318534
128 0 0 0 1 0 0.0011309965943855687567
128 0 0 0 1 0 0.0067204802084498537623
128 0 0 0 1 0 0.0079960542802299389153
128 0 0 0 1 0 0.010184468274827744236
128 0 0 0 1 0 0.0075800404081015695934
128 0 0 0 1 0 0.0064485984547509823603
128 0 0 0 1 0 0.0064444419295145126403
128 0 0 0 1 0 0.0036309955180758479894
128 0 0 0 1 0 0.0097003217833595643121
128 0 0 0 1 0 0.011158538637846888986
129 0 0 0 1 0 0.010184472299934497347
129 0 0 0 1 0 0.0090267395285371990199
129 0 0 0 1 0 0.0098267543105314721086
129 0 0 0 1 0 0.0058288245233864234215
129 0 0 0 1 0 0.0099949663364759730455
129 0 0 0 1 0 0.0064146567919912064748
129 0 0 0 1 0 0.0099010368853629793229
130 0 0 0 1 0 0.0014007979573247668348
130 0 0 0 1 0 0.0014083706630130122649
130 0 0 0 1 0 0.0055761001660466170612
130 0 0 0 1 0 0.0063287539535253449496
130 0 0 0 1 0 0.0090298932009294438639
130 0 0 0 1 0 0.0027568976336544738504
130 0 0 0 1 0 0.0027042849398372626434
130 0 0 0 1 0 0.0068351231396794340581
130 0 0 0 1 0 0.0033561517536954844215
131 0 0 0 1 0 0.0011075817139522801686
131 0 0 0 1 0 0.005427842773130023106
131 0 0 0 1 0 0.010112100607774315852
131 0 0 0 1 0 0.011919677776914962969
131 0 0 0 1 0 0.0077718980510916614579
131 0 0 0 1 0 0.010295690549209597642
131 0 0 0 1 0 0.011035981497234738022
132 0 0 0 1 0 0.0074588066360635509044
132 0 0 0 1 0 0.0016197019588522645981
132 0 0 0 1 0 0.0035904998568631811377
132 0 0 0 1 0 0.0040547774773165706774
132 0 0 0 1 0 0.0032081330842342989547
132 0 0 0 1 0 0.0042232530231462780262
132 0 0 0 1 0 0.0059534072525959103039
132 0 0 0 1 0 0.0046416589813985126983
132 0 1 0 2 0 0.013314659122726049331
132 0 0 0 1 0 0.0060838010820540820711
133 0 1 0 2 0 0.013880709067766670503
133 0 2 0 2 0 0.020986898778297867485
133 0 1 0 3 0 0.013777968731450705372
133 0 0 0 1 0 0.0013247795854155178154
133 0 0 0 1 0 0.0019488458321157307515
133 0 0 0 1 0 0.0073464422700358720381
133 0 0 0 1 0 0.0045990249557547897147
133 0 0 0 1 0 0.0059365328465017137838
133 0 0 0 1 0 0.0003240984582897536259
133 0 0 0 1 0 0.0021241789389033673835
133 0 0 0 1 0 0.0038350285856987974958
133 0 0 0 1 0 0.0098410100941517305445
134 0 0 0 1 0 0.0047890851474690345965
134 0 0 0 1 0 0.0038710998363476129339
134 0 0 0 1 0 0.0070650971845260535087
134 0 0 0 1 0 0.0081623448423304954813
134 0 0 0 1 0 0.00078790497672291247983
134 0 0 0 1 0 0.0020143664676050485052
134 0 0 0 1 0 0.0023137605838580693057
134 0 0 0 1 0 0.0075436716717357504142
134 0 1 0 2 0 0.0094095832585575998191
135 0 0 0 1 0 0.0052286682730631585739
135 0 0 0 1 0 0.003543199664335017901
135 0 0 0 1 0 0.0018012385240084181817
135 0 0 0 1 0 0.0038943114661463933135
135 0 0 0 1 0 0.00039637276005480005488
135 0 0 0 1 0 0.0053407819411859401224
135 0 0 0 1 0 0.0034488590573300355498
135 0 0 0 1 0 0.010298092896013811767
136 0 0 0 1 0 0.0012774746035281823054
136 0 0 0 1 0 0.00038388852246321102189
136 0 0 0 1 0 0.0099341582109494733915
136 0 0 0 1 0 0.004745792316420777146
136 0 1 0 2 0 0.013745530912807167254
136 0 0 0 1 0 0.0051100365585240031807
136 0 0 0 1 0 0.0043238423800564433977
136 0 0 0 1 0 0.0038329994776098883988
136 0 0 0 1 0 0.0061200005676376283137
136 0 0 0 1 0 0.013238078073413636626
137 0 0 0 1 0 0.013321769540476082958
137 0 0 0 1 0 0.011371521822755734088
137 0 0 0 1 0 0.013342924288465608101
137 0 0 0 1 0 0.0071296216819291130529
137 0 0 0 1 0 0.013181978525696828528
138 0 3 0 2 0 0.0085577401140276444097
138 0 1 0 2 0 0.012474950174313824067
138 0 1 0 3 0 0.007044283755888921042
138 0 0 0 1 0 0.0033495028348495422231
138 0 0 0 1 0 0.0040478954921748973306
138 0 0 0 1 0 0.0061095522690043421038
138 0 0 0 1 0 0.0063453802359130879671
138 0 0 0 1 0 0.0072974109615675389687
138 0 0 0 1 0 0.0097951269596838873993
138 0 0 0 1 0 0.008081770655071419257
138 0 0 0 1 0 0.0093992750582416236677
139 0 0 0 2 0 0.0070422075445024908194
139 0 1 0 2 0 0.012130272029750961346
139 0 0 0 1 0 0.0049557219039462752086
139 0 0 0 1 0 0.0018213850710813506758
139 0 0 0 1 0 0.007465491593561124177
139 0 0 0 1 0 0.0067111487145405405649
139 0 0 0 1 0 0.0057331364839153494198
139 0 0 0 1 0 0.0028805126072914124732
139 0 0 0 1 0 0.0098006103159207543646
140 0 0 0 1 0 0.005727755076303885258
140 0 0 0 1 0 0.0095882866078474213861
140 0 0 0 1 0 0.00987558630434928926
140 0 0 0 1 0 0.0090044148255774020956
140 0 0 0 1 0 0.0085685262218572581794
140 0 0 0 1 0 0.011596471397674845
140 0 0 0 2 0 0.018931785830471378751
141 0 1 0 3 0 0.015231240440105533671
141 0 1 0 2 0 0.013170836946437881193
141 0 0 0 1 0 0.0019854560562082806778
141 0 0 0 1 0 0.0014336044303193875432
141 0 0 0 1 0 0.0094774979147925226403
141 0 0 0 1 0 0.0081054584268510036088
141 0 0 0 1 0 0.0038154984294959649015
141 0 0 0 1 0 0.0055930387844820217066
141 0 0 0 1 0 0.0043993840725443959447
141 0 0 0 1 0 0.010242411107778855162
142 0 1 0 2 0 0.015947576872686154009
142 0 1 0 2 0 0.013339030280722714156
142 0 0 0 1 0 0.0061763863588670756682
142 0 0 0 1 0 0.0044837090654909874179
142 0 0 0 1 0 0.0042070063408759239554
142 0 0 0 1 0 0.0070146363611950342601
142 0 0 0 1 0 0.00053898752548819700483
142 0 0 0 1 0 0.006797610190217315794
142 0 0 0 1 0 0.0065621801832046544947
142 0 0 0 1 0 0.0063971546897622702521
143 0 0 0 1 0 0.0030100916756342337849
143 0 0 0 1 0 0.010280709437442341753
143 0 0 0 1 0 0.0070840673363312765126
143 0 0 0 1 0 0.0070093463946377023571
143 0 0 0 2 0 0.012562072414332438666
143 0 0 0 1 0 0.0022414160826976113269
143 0 0 0 1 0 0.00765585862661092003
143 0 0 0 1 0 0.0076693402195809196042
143 0 0 0 1 0 0.010138397062533312243
144 0 0 0 1 0 0.004608505841296787163
144 0 0 0 1 0 0.0040555988448380550851
144 0 0 0 1 0 0.0076165992315994747799
144 0 0 0 1 0 0.0046862058589867911298
144 0 0 0 1 0 0.012930913008561388186
144 0 0 0 1 0 0.011668182233146966176
144 0 0 0 1 0 0.0094867542506607213659
144 0 0 0 1 0 0.013035312797625720968
145 0 2 0 2 0 0.010101529198465387938
145 0 0 0 1 0 0.003172572579797926489
145 0 0 0 1 0 0.0013461149351298475063
145 0 0 0 1 0 0.0017776974911454675697
145 0 1 0 2 0 0.014331372732386424285
145 0 0 0 1 0 0.01331603027949427101
145 0 0 0 1 0 0.0036839875696818304672
145 0 0 0 1 0 0.0070083637813684275183
145 0 0 0 1 0 0.0089972459745707947937
145 0 0 0 1 0 0.011017260243314074691
146 0 9 0 6 0 0.0044707745802238510122
146 0 0 0 1 0 0.002221169275192741259
146 0 1 0 2 0 0.015701460133685510995
146 0 0 0 1 0 0.0013156843794984282494
146 0 0 0 1 0 0.009679416520204807764
146 0 0 0 1 0 0.015181284737870373927
146 0 0 0 1 0 0.0092891933003138860148
146 0 0 0 1 0 0.0058172942561803145725
146 0 0 0 1 0 0.0051161309885712621601
146 0 0 0 1 0 0.0041395450133374905172
146 0 0 0 1 0 0.010908186656305595211
147 0 0 0 1 0 0.0089493498079934851591
147 0 0 0 1 0 0.0035545299984767290968
147 0 0 0 1 0 0.006007112472541278024
147 0 0 0 1 0 0.0031781549569110038693
147 0 0 0 1 0 0.009980856242325586436
147 0 0 0 1 0 0.00077904226083645852427
147 0 0 0 1 0 0.0076914568244447565487
147 0 0 0 2 0 0.012063292737233222152
147 0 0 0 1 0 0.0099541978040749452133
148 0 1 0 2 0 0.015144580331057717199
148 0 0 0 1 0 0.0096780127792858005459
148 0 0 0 1 0 0.0058648928319343486895
148 0 0 0 1 0 0.004316338884409972633
148 0 0 0 1 0 0.01139538522914521762
148 0 0 0 1 0 0.004515636964946348475
148 0 0 0 1 0 0.0028337320341943281893
148 0 0 0 1 0 0.0064462536724247164813
148 0 0 0 1 0 0.0084745865084282587937
149 0 1 0 2 0 0.015287234933447356108
149 0 0 0 1 0 0.0025788766012913568945
149 0 0 0 1 0 0.00072778078567706607806
149 0 0 0 1 0 0.0059719539096940764747
149 0 0 0 1 0 0.014858820597775062103
149 0 0 0 1 0 0.0012043570872570037895
149 0 0 0 1 0 0.0032717029308197290507
149 0 0 0 2 0 0.01440499063681756689
149 0 0 0 1 0 0.0033316343778340990617
150 0 0 0 1 0 0.0049933845940601517821
150 0 0 0 1 0 0.005103243246264095416
150 0 0 0 1 0 0.0016698304206040146935
150 0 0 0 1 0 0.0048703895347156017995
150 0 0 0 1 0 0.005965759276192248925
150 0 0 0 1 0 0.0053684768768468421607
150 0 0 0 1 0 0.0035298773495434690971
150 0 0 0 1 0 0.0042157535704249989375
150 0 0 0 1 0 0.0084209147787490286341
151 0 0 0 1 0 0.0012541418931023816125
151 0 0 0 1 0 0.0041660417775554025449
151 0 0 0 1 0 0.0061532159325969918925
151 0 0 0 1 0 0.0085263508615946552449
151 0 0 0 1 0 0.00042424808060648845154
151 0 0 0 1 0 0.0099831335830710479784
151 0 0 0 1 0 0.0052688251202814874452
151 0 0 0 1 0 0.0042092728145616100169
152 0 0 0 2 0 0.0081033753215400648739
152 0 0 0 1 0 0.0070008298639005674818
152 0 0 0 1 0 0.0080868453218346340872
152 0 0 0 1 0 0.0046774425418802155832
152 0 0 0 1 0 0.0097354065262088926996
152 0 0 0 1 0 6.4660279883523822005e-05
152 0 0 0 1 0 0.0032984869431066168866
152 0 0 0 1 0 0.002143739709989725406
152 0 0 0 1 0 0.0068011863524680849641
152 0 0 0 1 0 0.0018520017005140834102
152 0 1 0 2 0 0.016361290702551406495
153 0 3 0 3 0 0.020034734405151792547
153 0 0 0 1 0 0.0010240827968476398993
153 0 0 0 1 0 3.8012603316139513771e-05
153 0 0 0 1 0 0.0085195226961848179864
153 0 0 0 1 0 0.013939076593520716846
153 0 0 0 1 0 0.00054350964677462741594
153 0 0 0 1 0 0.010117757484843468985
153 0 0 0 1 0 0.0050985160085112385744
153 0 0 0 1 0 0.0042838156515824579729
154 0 0 0 1 0 0.0088885572942001972452
154 0 0 0 1 0 0.0011582602255532279366
154 0 0 0 1 0 0.0045747220155428584831
154 0 0 0 1 0 0.0051920048790523969096
154 0 0 0 1 0 0.011745883432308579924
154 0 0 0 1 0 0.0059924957859896826537
154 0 0 0 1 0 0.0094574026477671057495
154 0 0 0 1 0 0.012938500266087378174
154 0 0 0 1 0 0.0098018845052569615606
155 0 1 0 2 0 0.016637268129259003002
155 0 2 0 2 0 0.014975603365614207838
155 0 0 0 1 0 0.00670196359053382585
155 0 0 0 1 0 0.0070916071787848764321
155 0 0 0 1 0 0.0070815552242082992901
155 0 0 0 1 0 0.0069582833756935578637
155 0 0 0 1 0 0.0040909703865764047645
155 0 0 0 1 0 0.0062418050766548964156
155 0 0 0 1 0 0.0079410310383791812144
155 0 0 0 1 0 0.0047640578304301607615
156 0 1 0 2 0 0.0081487233089588689827
156 0 0 0 1 0 0.003344603327728516446
156 0 0 0 1 0 0.0064135775300444963082
156 0 0 0 1 0 0.0019990775171046843046
156 0 0 0 1 0 0.0067804395050080042487
156 0 0 0 1 0 0.0059995959148878494349
156 0 0 0 1 0 0.0026985264132710481619
156 0 0 0 1 0 0.0059551730839303793769
156 0 0 0 1 0 0.0067718788280613168365
157 0 0 0 1 0 0.005525158307021262212
157 0 0 0 1 0 0.0023335731357074953989
157 0 0 0 1 0 0.0040502723578512995345
157 0 0 0 1 0 0.0011650475544259613053
157 0 0 0 1 0 0.0013064995464855525854
157 0 0 0 1 0 0.0046686149123896566321
157 0 0 0 1 0 0.0014061038731776628972
157 0 0 0 1 0 0.0011418045712108773788
157 0 0 0 1 0 0.0042493143868755330408
157 0 0 0 1 0 0.006344875276086167637
158 0 0 0 1 0 0.0044299635951421476726
158 0 0 0 1 0 0.0041795577317529390357
158 0 0 0 2 0 0.010019817039669670633
158 0 0 0 1 0 0.002865149237813492851
158 0 0 0 1 0 0.0053999926835918516874
158 0 0 0 1 0 0.0072579715355962906229
158 0 0 0 1 0 0.0030337280371131774073
158 0 0 0 1 0 0.0039677807683527422863
158 0 0 0 1 0 0.0060924496862399101643
158 0 0 0 1 0 0.0052928051113111853482
159 0 1 0 2 0 0.013557802943282130231
159 0 0 0 1 0 0.0075848024852595364101
159 0 0 0 1 0 0.0081430809153615387602
159 0 0 0 1 0 0.007466166973721639552
159 0 0 0 1 0 0.0039627934011333635494
159 0 0 0 1 0 0.003300425665633805513
159 0 0 0 1 0 0.0001985550499216838917
159 0 0 0 1 0 0.0037434548469935883391
159 0 0 0 1 0 9.7581212193166222348e-05
160 0 0 0 1 0 0.0047481357408597152717
160 0 0 0 1 0 0.00599285365275236976
160 0 0 0 1 0 0.0044290194254334724899
160 0 0 0 1 0 0.0096211391491800371534
160 0 0 0 1 0 0.0068164822344728166065
160 0 0 0 1 0 0.0028155994459236914282
160 0 0 0 1 0 0.0070583828367683683347
160 0 0 0 1 0 0.0045954224829014471768
161 0 0 0 1 0 0.0031663503633783313986
161 0 0 0 1 0 0.0006393280275884964713
161 0 0 0 1 0 0.0034766640516372192098
161 0 0 0 1 0 0.002383224675791493271
161 0 0 0 1 0 0.0018466154503906432021
161 0 1 0 3 0 0.0093070039183046592013
161 0 0 0 1 0 0.0091820941223538614373
161 0 0 0 1 0 0.0059784072126041858108
161 0 0 0 1 0 0.0078404544628643598608
161 0 0 0 2 0 0.0069022266292335307525
162 0 1 0 2 0 0.017505780888815051372
162 0 1 0 2 0 0.0081143382621658936144
162 0 0 0 1 0 0.004365752985837955194
162 0 0 0 1 0 0.002596608723087341121
162 0 0 0 1 0 0.0049720946048486787741
162 0 0 0 1 0 0.0018257367803892813034
162 0 0 0 1 0 0.0043157209339510808552
162 0 0 0 1 0 0.0038179899077749974642
162 0 0 0 1 0 0.0074043748420533636936
163 0 1 0 2 0 0.015414329548104496737
163 0 0 0 1 0 0.011230756290982598852
163 0 0 0 1 0 0.0080740171366242285966
163 0 0 0 1 0 0.010263665354398153126
163 0 0 0 1 0 0.0040046946651292698524
163 0 0 0 2 0 0.016686737043372319722
163 0 0 0 1 0 0.0073560789736652008181
164 0 0 0 1 0 0.0043885305218230759305
164 0 0 0 1 0 0.0087140142898534649757
164 0 0 0 1 0 0.0029931824474544311936
164 0 0 0 1 0 0.006148552110179466082
164 0 0 0 1 0 0.0037392451279270912112
164 0 0 0 1 0 0.0035891901722592861775
164 0 0 0 1 0 0.0059449896268201681687
164 0 0 0 1 0 0.0033267240007727630173
164 0 0 0 1 0 0.0065900451105075485286
165 0 0 0 1 0 0.0094776716647105487684
165 0 0 0 1 0 0.004881404152001997572
165 0 0 0 1 0 0.005585311287613796416
165 0 0 0 1 0 0.0064171608937494363165
165 0 0 0 1 0 0.004228052385538129572
165 0 0 0 1 0 0.0052199034407130672983
165 0 0 0 1 0 0.010647673528663347334
165 0 0 0 1 0 0.0093475107198333785147
166 0 0 0 1 0 0.0013419619248209084614
166 0 0 0 1 0 0.0040907285029283318653
166 0 0 0 1 0 0.0046884192541165803023
166 0 0 0 2 0 0.0022974108956090311118
166 0 0 0 1 0 0.0024793047145210264301
166 0 0 0 1 0 0.0010512625871384796185
166 0 0 0 1 0 0.0027809171760401919099
166 0 0 0 1 0 0.0079525929119186270638
167 0 1 0 2 0 0.01236247356223130027
167 0 0 0 1 0 0.0093978484459893846248
167 0 0 0 1 0 0.0047074901665295878009
167 0 0 0 1 0 0.0096126898233868524057
167 0 0 0 1 0 0.007486604963630321373
167 0 0 0 1 0 0.00032578963581814053595
167 0 0 0 1 0 0.0082497086623034097258
167 0 0 0 1 0 0.0077708470684636592185
168 0 0 0 1 0 0.0045086591343499312842
168 0 0 0 1 0 0.0036300985705002694268
168 0 0 0 1 0 0.01052919439857032298
168 0 0 0 1 0 0.0081257086230166371277
168 0 0 0 1 0 0.0072495449601264298767
168 0 0 0 1 0 0.0071553996270351015799
168 0 0 0 1 0 0.0056198412654690620832
168 0 0 0 1 0 0.0050225562820221114624
169 0 0 0 1 0 0.0036949371435240087845
169 0 0 0 1 0 0.00689796352257482457
169 0 0 0 1 0 0.0058215930247957608373
169 0 0 0 1 0 0.0030255771717764652282
169 0 0 0 2 0 0.014845825815179604368
169 0 0 0 1 0 0.0020109266088930697648
169 0 0 0 1 0 0.00070011218508624485472
169 0 0 0 1 0 0.0040559585297631796375
169 0 0 0 1 0 0.0053737198237945047255
170 0 1 0 2 0 0.013712249316919108283
170 0 0 0 1 0 0.0004262835544801741889
170 0 0 0 2 0 0.012378605403256335432
170 0 0 0 1 0 0.0025222645327308041048
170 0 0 0 1 0 0.0038633850146404949757
170 0 1 0 3 0 0.0082367632560345366982
170 0 0 0 1 0 0.0056585236635567507171
170 0 0 0 1 0 0.0030215421024832058404
170 0 0 0 1 0 0.0081053966245637348864
170 0 0 0 1 0 0.0049710575267520552487
171 0 0 0 1 0 8.8605475261976837089e-05
171 0 0 0 1 0 0.0081946733932538855932
171 0 0 0 1 0 0.0083681299212047290104
171 0 0 0 1 0 0.0091504907012293478646
171 0 0 0 1 0 0.0083906861321604714332
171 0 0 0 1 0 0.0062091104644706896637
171 0 0 0 1 0 0.0021672264145535186444
171 0 0 0 1 0 0.0079614247626405548058
171 0 0 0 1 0 0.0060635143655483978581
172 0 1 0 2 0 0.021190494442674782938
172 0 18 0 9 0 0.0039127653283628788944
172 0 1 0 2 0 0.01167861923467545561
172 0 0 0 1 0 0.0072512754087579065973
172 0 0 0 1 0 0.009162127261882480056
172 0 0 0 1 0 0.012011668682354120774
172 0 0 0 1 0 0.017745920966122010615
172 0 0 0 1 0 0.0036392337596819930579
172 0 0 0 1 0 0.0029996481082883103345
173 0 0 0 1 0 0.0011659364951867039369
173 0 0 0 1 0 0.0032914053004972532342
173 0 0 0 2 0 0.010365415647763980694
173 0 0 0 1 0 0.010898169186260292865
173 0 0 0 1 0 0.0094648867336498444802
173 0 0 0 1 0 0.0052642472875420063746
173 0 0 0 1 0 0.0056522336319292801679
173 0 0 0 1 0 0.0096316509191699192782
174 0 0 0 1 0 0.013999353309477248486
174 0 1 0 2 0 0.019105653357108294543
174 0 1 0 2 0 0.013624806190649246113
174 0 1 0 2 0 0.0053363713548523787275
174 0 3 0 2 0 0.0083719074975061730237
174 0 0 0 1 0 0.0034822075947476770728
174 0 0 0 1 0 0.0080198281388423366123
174 0 0 0 1 0 0.0087776687514041530636
174 0 0 0 1 0 0.0083121365186527747249
174 0 0 0 1 0 0.0025484222684803623481
174 0 0 0 1 0 0.0069899606726423913622
174 0 0 0 1 0 0.0082429592537486794102
174 0 0 0 1 0 0.011479486057431284238
175 0 1 0 3 0 0.010783490329668609861
175 0 0 0 2 0 0.017102946449121057132
175 0 0 0 1 0 0.0052423317431242993231
175 0 0 0 1 0 0.0044878135066519489124
175 0 0 0 1 0 0.010269650793552706144
175 0 0 0 1 0 0.0044514770762628524947
175 0 0 0 1 0 0.011502020166987803745
175 0 0 0 1 0 0.011540577696506218799
175 0 0 0 2 0 0.0072612871365229317983
176 0 1 0 2 0 0.01165347242194156481
176 0 0 0 1 0 0.001902087391045874723
176 0 0 0 1 0 0.00018205294053920368725
176 0 0 0 1 0 0.0066895458582736074329
176 0 0 0 1 0 0.007366775907289854243
176 0 0 0 1 0 0.0065206140927918793126
176 0 1 0 2 0 0.011513055693272744237
176 0 0 0 1 0 0.0015479588030672753254
176 0 0 0 1 0 0.0065990593554454794745
176 0 0 0 1 0 0.014919330643458917837
177 0 1 0 2 0 0.010912727355872507348
177 0 0 0 1 0 0.0066703136083974328904
177 0 0 0 1 0 0.0054109411829232536423
177 0 0 0 1 0 0.0073440104143012415253
177 0 0 0 2 0 0.0089513086737652552277
177 0 0 0 1 0 0.0071179808237656384817
177 0 0 0 1 0 0.0033815490705313292277
177 0 0 0 2 0 0.0062162257638134592319
178 0 0 0 1 0 0.0019306602365721605742
178 0 0 0 1 0 0.0058127495480353999144
178 0 0 0 1 0 0.0082114866087825092583
178 0 1 0 3 0 0.010026771957570438168
178 0 0 0 1 0 0.006740121648570685832
178 0 0 0 1 0 0.0025409517028699849309
178 0 0 0 1 0 0.01126540422295445841
179 0 0 0 1 0 0.003356050825947535371
179 0 0 0 1 0 0.0029141633192895097584
179 0 0 0 1 0 0.0015024874935938247172
179 0 0 0 1 0 0.00040450286720281769135
179 0 0 0 1 0 0.00099645021397413405424
179 0 0 0 1 0 0.0014209874268197655867
179 0 0 0 1 0 0.0066235283468827222536
179 0 0 0 1 0 0.011351295608210373519
180 0 0 0 1 0 0.0021199839586812192424
180 0 0 0 1 0 0.00043947244703227583045
180 0 0 0 1 0 0.0054631661814341647698
180 0 0 0 1 0 0.0088886070022407108471
180 0 0 0 1 0 0.010212685114801691583
180 0 0 0 1 0 6.5349264867254364141e-05
180 0 0 0 1 0 0.0039148990620396385137
180 0 0 0 1 0 0.0080499763153411320327
180 0 0 0 1 0 0.0077216767153227023474
180 0 0 0 1 0 0.0095653891359741734235
181 0 0 0 1 0 0.0010235602684124014278
181 0 0 0 1 0 0.0038736258537948983945
181 0 0 0 1 0 0.0084268840189073851432
181 0 0 0 1 0 0.0077310276653530327767
181 0 0 0 1 0 0.0088046578720931377438
181 0 0 0 1 0 0.0010056150724438359372
181 0 0 0 1 0 8.3412007943425841579e-06
181 0 0 0 1 0 0.0025195468652603413527
181 0 0 0 1 0 0.0064380767955291426027
181 0 0 0 1 0 0.010156463593174581625
182 0 0 0 1 0 0.0026197489864361171198
182 0 0 0 1 0 0.0046932291856708295563
182 0 0 0 1 0 0.0080836477466098184685
182 0 0 0 1 0 0.008400779919032312637
182 0 0 0 1 0 0.0097364618837840130605
182 0 0 0 1 0 0.0017921777488737558083
182 0 0 0 1 0 0.0012452561530756031151
182 0 0 0 1 0 0.010452645884570762116
182 0 0 0 1 0 0.012145811429779248061
183 0 1 0 2 0 0.01809478725598577184
183 0 0 0 2 0 0.01279738741854159062
183 0 0 0 1 0 0.0016259955460783475593
183 0 0 0 1 0 0.0066770104041692489999
183 0 0 0 1 0 0.00016850069752760363229
183 0 0 0 1 0 0.0048368564630897883591
183 0 0 0 1 0 0.0037210228535438163999
183 0 0 0 1 0 0.0090602054183623898648
183 0 0 0 1 0 0.0069463094121542555068
183 0 0 0 2 0 0.012188364353040347099
184 0 2 0 2 0 0.014409414301888880811
184 0 1 0 2 0 0.027592836235519741656
184 0 0 0 1 0 0.0080606702833026008109
184 0 0 0 1 0 0.008773931286593761314
184 0 0 0 1 0 0.014838361699701110852
184 0 0 0 1 0 0.014584591243629350249
184 0 0 0 1 0 0.0035967698199853618234
184 0 0 0 1 0 0.0060451838676029790234
184 0 0 0 1 0 0.0090395150049890366645
185 0 1 0 2 0 0.022527863680475792435
185 0 0 0 1 0 0.00038359802511379463867
185 0 0 0 1 0 0.0078068125378184076435
185 0 0 0 1 0 0.0046969945132194325724
185 0 0 0 1 0 0.0018826776254898280362
186 0 0 0 1 0 0.00033230108459546682347
186 0 0 0 1 0 0.0047786929840095138111
186 0 0 0 2 0 0.0069305167022731704526
186 0 0 0 1 0 0.011190222238228055007
186 0 0 0 1 0 0.0071606785177381788998
186 0 0 0 1 0 0.0044897419101078365339
186 0 0 0 1 0 0.010150526549663453635
186 0 0 0 1 0 0.014751413846584987555
187 0 1 0 2 0 0.010084907771134828461
187 0 0 0 2 0 0.01949977644009865535
187 0 0 0 1 0 0.0087760796267777503588
187 0 0 0 1 0 0.011680977997016417716
187 0 0 0 1 0 0.010368658944787407378
187 0 0 0 2 0 0.0081342761489207170839
187 0 0 0 1 0 0.0050505271847834098953
187 0 0 0 1 0 0.0050701297843623273007
187 0 0 0 1 0 0.0036705420508238843259
187 0 0 0 1 0 0.011145132325436240758
187 0 0 0 1 0 0.0064342983450208579912
187 0 0 0 1 0 0.012023876938104673118
188 0 0 0 1 0 0.00072922197262095204279
188 0 0 0 1 0 0.0013135415263521629109
188 0 0 0 1 0 0.0064747244744660509275
188 0 0 0 1 0 0.0070717475363569785515
188 0 0 0 1 0 0.00023823807679764896078
188 0 0 0 1 0 0.00045819181311602833005
188 0 0 0 1 0 0.0075970404891733487457
188 0 0 0 1 0 0.011118716274773277758
189 0 1 0 2 0 0.032203577000783023543
189 0 0 0 1 0 0.0018730452356951782667
189 0 0 0 1 0 0.0044007472139592496152
189 0 0 0 1 0 0.0037602671284726421098
189 0 0 0 1 0 0.0074284317292502965308
189 0 0 0 1 0 0.013020829349384418355
189 0 0 0 1 0 0.0059858287750828003543
189 0 0 0 1 0 0.0057400274745208887048
189 0 0 0 1 0 0.0025739952402215947151
189 0 0 0 1 0 0.014431006091268471642
190 0 1 0 3 0 0.014746958055478579311
190 0 0 0 1 0 0.0036640150308859921816
190 0 0 0 1 0 0.0027564041112119017259
190 0 0 0 1 0 0.0079587277257911603207
190 0 0 0 1 0 0.0062038136032430525948
190 0 0 0 1 0 0.0038529103078033806289
190 0 0 0 1 0 0.0067195327991647155891
190 0 0 0 1 0 0.0066571806004940420332
190 0 0 0 1 0 0.010180205418477264456
190 0 0 0 1 0 0.014472514905817869188
191 0 0 0 1 0 0.0084887957311508485669
191 0 0 0 1 0 0.0061699406466696748996
191 0 0 0 1 0 0.0040203438123549940439
191 0 0 0 1 0 0.0084672990346966858083
191 0 0 0 1 0 0.0088265680890422370392
191 0 0 0 1 0 0.0077955821492713735926
191 0 0 0 1 0 0.007282466521485448166
191 0 0 0 1 0 0.0058315535156372964865
191 0 0 0 1 0 0.0039325075658703202361
191 0 0 0 1 0 0.014043227394620549919
192 0 0 0 1 0 0.0074893872624564195722
192 0 0 0 1 0 0.00763409889267706223
192 0 0 0 1 0 0.0064476167633501684298
192 0 0 0 1 0 0.0087550130911625383134
192 0 0 0 1 0 0.0056468071478951433959
192 0 0 0 1 0 0.0062534359113234913932
192 0 0 0 1 0 0.010511565375088207513
192 0 0 0 1 0 0.010432562857866154241
192 0 0 0 1 0 0.015545614231336265382
193 0 0 0 1 0 0.00061800031605878217884
193 0 0 0 1 0 0.0011003704455395449651
193 0 0 0 1 0 0.0046931150823731537444
193 0 0 0 1 0 0.0090330717690493139704
193 0 0 0 1 0 0.013046228821548804672
193 0 0 0 1 0 0.001769864433927374834
193 0 0 0 2 0 0.012848568301878708978
193 0 0 0 2 0 0.013964800612457538981
193 0 0 0 1 0 0.012981842318128161348
193 0 0 0 1 0 0.01251685387756618778
194 0 0 0 2 0 0.0085716372826424580555
194 0 0 0 1 0 0.014684779897729982601
194 0 0 0 2 0 0.0070247634290376004262
194 0 0 0 1 0 0.0035635175086554328645
194 0 0 0 1 0 0.0041128928522846594507
