0 0 1472 0 0
0 1 1472 0 5
1 0 1472 0 6
1 1 1472 0 11
2 0 1472 0 12
2 1 1472 0 17
3 0 1472 0 17
3 1 1472 0 21
4 0 1472 0 22
4 1 1472 0 26
5 0 1471 0 25
5 0 1599 0 25
5 1 1599 0 26
6 0 1599 0 27
6 1 1599 0 29
7 0 1599 0 30
7 1 1599 0 32
8 0 1599 0 33
8 1 1599 0 35
9 0 1599 0 36
9 1 1599 0 36
10 0 1599 0 37
10 1 1599 0 37
11 0 1599 0 38
11 1 1599 0 40
12 0 1599 0 41
12 1 1599 0 42
13 0 1599 0 43
13 1 1599 0 43
14 0 1599 0 44
14 1 1599 0 44
15 0 1599 0 45
15 1 1599 0 46
16 0 1598 0 45
16 1 1598 0 46
17 0 1598 0 47
17 1 1598 0 48
18 0 1598 0 49
18 1 1598 0 49
19 0 1598 0 50
19 1 1598 0 51
20 0 1598 0 52
20 1 1598 0 52
21 0 1598 0 53
21 1 1597 0 52
22 0 1596 0 51
22 1 1596 0 51
23 0 1596 0 52
23 1 1596 0 53
24 0 1596 0 54
24 1 1596 0 55
25 0 1596 0 55
25 1 1595 0 55
26 0 1593 0 53
26 1 1593 0 54
27 0 1592 0 54
27 1 1592 0 55
28 0 1592 0 56
28 1 1590 0 51
29 0 1588 0 50
29 1 1588 0 50
30 0 1583 0 48
30 1 1583 0 49
31 0 1583 0 50
31 1 1583 0 50
32 0 1583 0 51
32 1 1582 0 50
33 0 1582 0 51
33 1 1582 0 54
34 0 1582 0 55
34 1 1582 0 57
35 0 1581 0 55
35 1 1581 0 55
36 0 1581 0 56
36 1 1581 0 57
37 0 1581 0 58
37 1 1581 0 59
38 0 1581 0 60
38 1 1581 0 61
39 0 1580 0 60
39 1 1580 0 60
40 0 1580 0 61
40 1 1580 0 62
41 0 1579 0 61
41 1 1578 0 60
42 0 1577 0 59
42 1 1577 0 59
43 0 1577 0 60
43 1 1577 0 59
44 0 1577 0 60
44 1 1577 0 63
45 0 1577 0 62
45 1 1577 0 64
46 0 1577 0 65
46 1 1576 0 61
47 0 1575 0 60
47 1 1575 0 60
48 0 1573 0 57
48 1 1572 0 57
49 0 1572 0 58
49 1 1572 0 59
50 0 1572 0 60
50 1 1572 0 60
51 0 1571 0 59
51 1 1571 0 61
52 0 1570 0 60
52 1 1570 0 60
53 0 1570 0 61
53 1 1570 0 61
54 0 1569 0 60
54 1 1569 0 59
55 0 1567 0 58
55 1 1567 0 59
56 0 1566 0 58
56 1 1566 0 60
57 0 1566 0 61
57 1 1566 0 59
58 0 1566 0 60
58 1 1565 0 60
59 0 1565 0 61
59 1 1564 0 61
60 0 1563 0 60
60 1 1562 0 62
61 0 1561 0 61
61 1 1561 0 63
62 0 1561 0 64
62 1 1561 0 64
63 0 1561 0 65
63 1 1561 0 64
64 0 1561 0 65
64 1 1561 0 67
65 0 1561 0 68
65 1 1561 0 68
66 0 1561 0 69
66 1 1561 0 71
67 0 1559 0 67
67 1 1558 0 65
68 0 1558 0 66
68 1 1558 0 69
69 0 1554 0 62
69 1 1548 0 61
70 0 1548 0 62
70 1 1548 0 63
71 0 1548 0 64
71 1 1546 0 64
72 0 1545 0 62
72 1 1545 0 63
73 0 1545 0 64
73 1 1545 0 66
74 0 1545 0 67
74 1 1545 0 67
75 0 1545 0 68
75 1 1545 0 68
76 0 1545 0 69
76 1 1544 0 68
77 0 1544 0 69
77 1 1544 0 71
78 0 1544 0 72
78 1 1544 0 74
79 0 1544 0 75
79 1 1544 0 76
80 0 1544 0 77
80 1 1544 0 78
81 0 1544 0 79
81 1 1544 0 81
82 0 1544 0 82
82 1 1544 0 82
83 0 1541 0 79
83 1 1540 0 78
84 0 1540 0 79
84 1 1540 0 80
85 0 1539 0 79
85 1 1539 0 81
86 0 1539 0 82
86 1 1539 0 83
87 0 1537 0 80
87 1 1536 0 78
88 0 1536 0 79
88 1 1536 0 82
89 0 1535 0 81
89 1 1534 0 80
90 0 1533 0 79
90 1 1532 0 77
91 0 1532 0 78
91 1 1531 0 78
92 0 1531 0 79
92 1 1531 0 80
93 0 1529 0 77
93 1 1529 0 79
94 0 1528 0 78
94 1 1528 0 78
95 0 1526 0 75
95 1 1525 0 74
96 0 1525 0 75
96 1 1525 0 77
97 0 1524 0 76
97 1 1524 0 76
98 0 1524 0 77
98 1 1523 0 75
99 0 1523 0 76
99 1 1523 0 76
100 0 1523 0 77
100 1 1523 0 78
101 0 1522 0 77
101 1 1522 0 78
102 0 1522 0 79
102 1 1519 0 79
103 0 1517 0 76
103 1 1515 0 74
104 0 1514 0 73
104 1 1514 0 76
105 0 1513 0 75
105 1 1512 0 75
106 0 1511 0 74
106 1 1511 0 76
107 0 1511 0 77
107 1 1511 0 78
108 0 1510 0 76
108 1 1510 0 77
109 0 1510 0 78
109 1 1510 0 79
110 0 1509 0 76
110 1 1509 0 78
111 0 1509 0 79
111 1 1509 0 81
112 0 1509 0 82
112 1 1509 0 83
113 0 1509 0 84
113 1 1509 0 84
114 0 1509 0 85
114 1 1509 0 87
115 0 1508 0 83
115 1 1508 0 85
116 0 1505 0 80
116 1 1505 0 82
117 0 1505 0 83
117 1 1505 0 85
118 0 1503 0 84
118 1 1503 0 85
119 0 1501 0 81
119 1 1501 0 79
120 0 1501 0 80
120 1 1501 0 82
121 0 1501 0 83
121 1 1499 0 79
122 0 1499 0 80
122 1 1499 0 82
123 0 1499 0 83
123 1 1499 0 84
124 0 1499 0 85
124 1 1499 0 87
125 0 1497 0 86
125 1 1497 0 86
126 0 1496 0 85
126 1 1496 0 87
127 0 1496 0 88
127 1 1495 0 86
128 0 1495 0 87
128 1 1495 0 87
129 0 1495 0 88
129 1 1495 0 89
130 0 1495 0 90
130 1 1495 0 91
131 0 1495 0 92
131 1 1495 0 94
132 0 1495 0 95
132 1 1494 0 94
133 0 1491 0 91
133 1 1490 0 89
134 0 1490 0 90
134 1 1489 0 89
135 0 1489 0 90
135 1 1489 0 91
136 0 1489 0 92
136 1 1488 0 92
137 0 1488 0 93
137 1 1488 0 96
138 0 1484 0 93
138 1 1483 0 93
139 0 1482 0 90
139 1 1482 0 92
140 0 1482 0 93
140 1 1482 0 93
141 0 1480 0 89
141 1 1480 0 90
142 0 1478 0 87
142 1 1478 0 88
143 0 1478 0 89
143 1 1478 0 88
144 0 1478 0 89
144 1 1478 0 90
145 0 1476 0 89
145 1 1475 0 89
146 0 1475 0 90
146 1 1465 0 84
147 0 1465 0 85
147 0 1593 0 85
147 1 1593 0 85
148 0 1592 0 84
148 1 1592 0 85
149 0 1591 0 84
149 1 1591 0 84
150 0 1591 0 85
150 1 1591 0 85
151 0 1591 0 86
151 1 1591 0 87
152 0 1591 0 88
152 1 1590 0 86
153 0 1587 0 84
153 1 1587 0 85
154 0 1587 0 86
154 1 1587 0 87
155 0 1584 0 84
155 1 1584 0 85
156 0 1583 0 84
156 1 1583 0 85
157 0 1583 0 86
157 1 1583 0 86
158 0 1583 0 87
158 1 1583 0 87
159 0 1582 0 86
159 1 1582 0 87
160 0 1582 0 88
160 1 1582 0 89
161 0 1582 0 90
161 1 1581 0 87
162 0 1579 0 84
162 1 1579 0 86
163 0 1578 0 85
163 1 1578 0 86
164 0 1578 0 87
164 1 1578 0 87
165 0 1578 0 88
165 1 1578 0 89
166 0 1578 0 90
166 1 1578 0 91
167 0 1577 0 90
167 1 1577 0 92
168 0 1577 0 93
168 1 1577 0 94
169 0 1577 0 95
169 1 1577 0 96
170 0 1576 0 95
170 1 1575 0 95
171 0 1575 0 96
171 1 1575 0 97
172 0 1555 0 85
172 1 1555 0 87
173 0 1555 0 88
173 1 1555 0 90
174 0 1549 0 82
174 1 1549 0 83
175 0 1548 0 81
175 1 1548 0 81
176 0 1547 0 80
176 1 1546 0 80
177 0 1545 0 79
177 1 1545 0 80
178 0 1545 0 81
178 1 1544 0 83
179 0 1544 0 84
179 1 1544 0 85
180 0 1544 0 86
180 1 1544 0 86
181 0 1544 0 87
181 1 1544 0 87
182 0 1544 0 88
182 1 1544 0 89
183 0 1543 0 88
183 1 1543 0 86
184 0 1540 0 83
184 1 1540 0 84
185 0 1539 0 83
185 1 1539 0 86
186 0 1539 0 87
186 1 1539 0 88
187 0 1538 0 87
187 1 1538 0 85
188 0 1538 0 86
188 1 1538 0 87
189 0 1537 0 86
189 1 1537 0 87
190 0 1536 0 85
190 1 1536 0 85
191 0 1536 0 86
191 1 1536 0 86
192 0 1536 0 87
192 1 1536 0 88
193 0 1536 0 89
193 1 1536 0 87
194 0 1536 0 88
194 1 1536 0 89
