0 0 960 0 0
1 0 960 0 64
1 0 1088 0 64
2 0 1088 0 64
3 0 1088 0 64
4 0 1088 0 64
5 0 1088 0 64
6 0 1088 0 64
7 0 1088 0 64
8 0 1088 0 64
9 0 1088 0 64
10 0 1088 0 64
11 0 1088 0 64
12 0 1088 0 64
13 0 1088 0 64
14 0 1088 0 64
15 0 1088 0 64
16 0 1088 0 64
17 0 1088 0 64
18 0 1088 0 64
19 0 1088 0 64
20 0 1088 0 64
21 0 1088 0 64
22 0 1088 0 64
23 0 1088 0 64
24 0 1088 0 64
25 0 1088 0 64
26 0 1088 0 64
27 0 1088 0 64
28 0 1088 0 64
29 0 1088 0 64
30 0 1088 0 64
31 0 1088 0 64
32 0 1087 0 62
33 0 1087 0 62
34 0 1087 0 62
35 0 1087 0 62
36 0 1087 0 62
37 0 1087 0 62
38 0 1087 0 62
39 0 1087 0 62
40 0 1087 0 62
41 0 1087 0 62
42 0 1087 0 62
43 0 1087 0 62
44 0 1087 0 62
45 0 1087 0 62
46 0 1087 0 62
47 0 1087 0 62
48 0 1087 0 62
49 0 1087 0 62
50 0 1087 0 62
51 0 1087 0 62
52 0 1087 0 62
53 0 1087 0 62
54 0 1087 0 62
55 0 1087 0 62
56 0 1087 0 62
57 0 1086 0 61
58 0 1086 0 61
59 0 1086 0 61
60 0 1086 0 61
61 0 1086 0 61
62 0 1086 0 61
63 0 1086 0 61
64 0 1086 0 61
65 0 1086 0 61
66 0 1086 0 61
67 0 1086 0 61
68 0 1086 0 61
69 0 1086 0 61
70 0 1086 0 61
71 0 1086 0 61
72 0 1086 0 61
73 0 1086 0 61
74 0 1086 0 61
75 0 1086 0 61
76 0 1086 0 61
77 0 1086 0 61
78 0 1086 0 61
79 0 1086 0 61
80 0 1086 0 61
81 0 1086 0 61
82 0 1086 0 61
83 0 1086 0 61
84 0 1086 0 61
85 0 1086 0 61
86 0 1086 0 61
87 0 1086 0 61
88 0 1086 0 61
89 0 1086 0 61
90 0 1086 0 61
91 0 1086 0 61
92 0 1086 0 61
93 0 1086 0 61
94 0 1086 0 61
95 0 1086 0 61
96 0 1085 0 60
97 0 1085 0 60
98 0 1085 0 60
99 0 1085 0 60
100 0 1085 0 60
101 0 1085 0 60
102 0 1085 0 60
103 0 1085 0 60
104 0 1085 0 60
105 0 1085 0 60
106 0 1085 0 60
107 0 1085 0 60
108 0 1085 0 60
109 0 1084 0 58
110 0 1084 0 58
111 0 1084 0 58
112 0 1084 0 58
113 0 1084 0 58
114 0 1084 0 58
115 0 1084 0 58
116 0 1084 0 58
117 0 1084 0 58
118 0 1084 0 58
119 0 1084 0 58
120 0 1084 0 58
121 0 1084 0 58
122 0 1084 0 58
123 0 1084 0 58
124 0 1084 0 58
125 0 1084 0 58
126 0 1084 0 58
127 0 1083 0 56
128 0 1083 0 56
129 0 1083 0 56
130 0 1083 0 56
131 0 1083 0 56
132 0 1083 0 56
133 0 1083 0 56
134 0 1083 0 56
135 0 1083 0 56
136 0 1083 0 56
137 0 1083 0 56
138 0 1083 0 56
139 0 1083 0 56
140 0 1083 0 56
141 0 1083 0 56
142 0 1083 0 56
143 0 1083 0 56
144 0 1083 0 56
145 0 1083 0 56
146 0 1083 0 56
147 0 1083 0 56
148 0 1083 0 56
149 0 1083 0 56
150 0 1083 0 56
151 0 1083 0 56
152 0 1083 0 56
153 0 1083 0 56
154 0 1083 0 56
155 0 1083 0 56
156 0 1083 0 56
157 0 1083 0 56
158 0 1083 0 56
159 0 1083 0 56
160 0 1083 0 56
161 0 1083 0 56
162 0 1083 0 56
163 0 1083 0 56
164 0 1083 0 56
165 0 1083 0 56
166 0 1083 0 56
167 0 1083 0 56
168 0 1083 0 56
169 0 1083 0 56
170 0 1083 0 56
171 0 1083 0 56
172 0 1083 0 56
173 0 1083 0 56
174 0 1082 0 54
175 0 1082 0 54
176 0 1082 0 54
177 0 1082 0 54
178 0 1082 0 54
179 0 1082 0 54
180 0 1082 0 54
181 0 1082 0 54
182 0 1082 0 54
183 0 1082 0 54
184 0 1082 0 54
185 0 1082 0 54
186 0 1082 0 54
187 0 1082 0 54
188 0 1082 0 54
189 0 1082 0 54
190 0 1082 0 54
191 0 1082 0 54
192 0 1082 0 54
193 0 1082 0 54
194 0 1082 0 54
195 0 1082 0 54
196 0 1082 0 54
197 0 1082 0 54
198 0 1082 0 54
199 0 1082 0 54
200 0 1082 0 54
201 0 1082 0 54
202 0 1082 0 54
203 0 1082 0 54
204 0 1082 0 54
205 0 1082 0 54
206 0 1082 0 54
207 0 1082 0 54
208 0 1082 0 54
209 0 1082 0 54
210 0 1082 0 54
211 0 1082 0 54
212 0 1082 0 54
213 0 1082 0 54
214 0 1082 0 54
215 0 1082 0 54
216 0 1082 0 54
217 0 1082 0 54
218 0 1082 0 54
219 0 1082 0 54
220 0 1082 0 54
221 0 1082 0 54
222 0 1082 0 54
223 0 1082 0 54
224 0 1082 0 54
225 0 1082 0 54
226 0 1082 0 54
227 0 1082 0 54
228 0 1082 0 54
229 0 1082 0 54
230 0 1082 0 54
231 0 1082 0 54
232 0 1082 0 54
233 0 1082 0 54
234 0 1082 0 54
235 0 1082 0 54
236 0 1079 0 52
237 0 1079 0 52
238 0 1079 0 52
239 0 1079 0 52
240 0 1079 0 52
241 0 1079 0 52
242 0 1079 0 52
243 0 1079 0 52
244 0 1079 0 52
245 0 1079 0 52
246 0 1079 0 52
247 0 1079 0 52
248 0 1079 0 52
249 0 1079 0 52
250 0 1079 0 52
251 0 1079 0 52
252 0 1079 0 52
253 0 1079 0 52
254 0 1079 0 52
255 0 1079 0 52
256 0 1079 0 52
257 0 1079 0 52
258 0 1079 0 52
259 0 1079 0 52
260 0 1079 0 52
261 0 1079 0 52
262 0 1079 0 52
263 0 1079 0 52
264 0 1079 0 52
265 0 1079 0 52
266 0 1079 0 52
267 0 1079 0 52
268 0 1079 0 52
269 0 1079 0 52
270 0 1079 0 52
271 0 1079 0 52
272 0 1079 0 52
273 0 1079 0 52
274 0 1079 0 52
275 0 1079 0 52
276 0 1079 0 52
277 0 1079 0 52
278 0 1079 0 52
279 0 1079 0 52
280 0 1079 0 52
281 0 1079 0 52
282 0 1079 0 52
283 0 1079 0 52
284 0 1079 0 52
285 0 1079 0 52
286 0 1079 0 52
287 0 1079 0 52
288 0 1079 0 52
289 0 1079 0 52
290 0 1079 0 52
291 0 1079 0 52
292 0 1079 0 52
293 0 1079 0 52
294 0 1079 0 52
295 0 1079 0 52
296 0 1079 0 52
297 0 1079 0 52
298 0 1079 0 52
299 0 1079 0 52
300 0 1079 0 52
301 0 1079 0 52
302 0 1079 0 52
303 0 1079 0 52
304 0 1079 0 52
305 0 1079 0 52
306 0 1079 0 52
307 0 1079 0 52
308 0 1078 0 50
309 0 1078 0 50
310 0 1078 0 50
311 0 1078 0 50
312 0 1078 0 50
313 0 1078 0 50
314 0 1078 0 50
315 0 1078 0 50
316 0 1078 0 50
317 0 1078 0 50
318 0 1078 0 50
319 0 1078 0 50
320 0 1078 0 50
321 0 1078 0 50
322 0 1078 0 50
323 0 1078 0 50
324 0 1078 0 50
325 0 1078 0 50
326 0 1078 0 50
327 0 1078 0 50
328 0 1078 0 50
329 0 1078 0 50
330 0 1078 0 50
331 0 1078 0 50
332 0 1078 0 50
333 0 1078 0 50
334 0 1078 0 50
335 0 1078 0 50
336 0 1078 0 50
337 0 1078 0 50
338 0 1077 0 48
339 0 1077 0 48
340 0 1077 0 48
341 0 1077 0 48
342 0 1077 0 48
343 0 1077 0 48
344 0 1077 0 48
345 0 1077 0 48
346 0 1077 0 48
347 0 1076 0 46
348 0 1076 0 46
349 0 1076 0 46
350 0 1076 0 46
351 0 1076 0 46
352 0 1076 0 46
353 0 1076 0 46
354 0 1076 0 46
355 0 1076 0 46
356 0 1076 0 46
357 0 1076 0 46
358 0 1076 0 46
359 0 1076 0 46
360 0 1076 0 46
361 0 1076 0 46
362 0 1076 0 46
363 0 1076 0 46
364 0 1076 0 46
365 0 1076 0 46
366 0 1076 0 46
367 0 1076 0 46
368 0 1076 0 46
369 0 1076 0 46
370 0 1076 0 46
371 0 1076 0 46
372 0 1076 0 46
373 0 1076 0 46
374 0 1076 0 46
375 0 1076 0 46
376 0 1076 0 46
377 0 1076 0 46
378 0 1076 0 46
379 0 1076 0 46
380 0 1076 0 46
381 0 1076 0 46
382 0 1076 0 46
383 0 1076 0 46
384 0 1076 0 46
385 0 1076 0 46
386 0 1076 0 46
387 0 1076 0 46
388 0 1076 0 46
389 0 1076 0 46
390 0 1076 0 46
391 0 1076 0 46
392 0 1076 0 46
393 0 1076 0 46
394 0 1076 0 46
395 0 1076 0 46
396 0 1076 0 46
397 0 1076 0 46
398 0 1076 0 46
399 0 1076 0 46
400 0 1076 0 46
401 0 1075 0 44
402 0 1075 0 44
403 0 1075 0 44
404 0 1075 0 44
405 0 1075 0 44
406 0 1075 0 44
407 0 1075 0 44
408 0 1075 0 44
409 0 1075 0 44
410 0 1075 0 44
411 0 1075 0 44
412 0 1075 0 44
413 0 1075 0 44
414 0 1075 0 44
415 0 1075 0 44
416 0 1075 0 44
417 0 1075 0 44
418 0 1075 0 44
419 0 1075 0 44
420 0 1075 0 44
421 0 1075 0 44
422 0 1075 0 44
423 0 1075 0 44
424 0 1075 0 44
425 0 1075 0 44
426 0 1075 0 44
427 0 1075 0 44
428 0 1075 0 44
429 0 1075 0 44
430 0 1075 0 44
431 0 1075 0 44
432 0 1075 0 44
433 0 1075 0 44
434 0 1075 0 44
435 0 1075 0 44
436 0 1075 0 44
437 0 1075 0 44
438 0 1075 0 44
439 0 1075 0 44
440 0 1075 0 44
441 0 1075 0 44
442 0 1075 0 44
443 0 1075 0 44
444 0 1075 0 44
445 0 1075 0 44
446 0 1075 0 44
447 0 1075 0 44
448 0 1075 0 44
449 0 1075 0 44
450 0 1075 0 44
451 0 1075 0 44
452 0 1075 0 44
453 0 1075 0 44
454 0 1075 0 44
455 0 1075 0 44
456 0 1075 0 44
457 0 1075 0 44
458 0 1075 0 44
459 0 1075 0 44
460 0 1075 0 44
461 0 1075 0 44
462 0 1075 0 44
463 0 1075 0 44
464 0 1075 0 44
465 0 1075 0 44
466 0 1075 0 44
467 0 1075 0 44
468 0 1075 0 44
469 0 1075 0 44
470 0 1075 0 44
471 0 1075 0 44
472 0 1075 0 44
473 0 1075 0 44
474 0 1075 0 44
475 0 1075 0 44
476 0 1075 0 44
477 0 1075 0 44
478 0 1075 0 44
479 0 1075 0 44
480 0 1075 0 44
481 0 1075 0 44
482 0 1075 0 44
483 0 1075 0 44
484 0 1075 0 44
485 0 1075 0 44
486 0 1075 0 44
487 0 1075 0 44
488 0 1075 0 44
489 0 1075 0 44
490 0 1075 0 44
491 0 1075 0 44
492 0 1075 0 44
493 0 1075 0 44
494 0 1075 0 44
495 0 1075 0 44
496 0 1075 0 44
497 0 1075 0 44
498 0 1075 0 44
499 0 1075 0 44
500 0 1075 0 44
501 0 1075 0 44
502 0 1075 0 44
503 0 1075 0 44
504 0 1075 0 44
505 0 1075 0 44
506 0 1075 0 44
507 0 1075 0 44
508 0 1075 0 44
509 0 1075 0 44
510 0 1075 0 44
511 0 1075 0 44
512 0 1075 0 44
513 0 1075 0 44
514 0 1075 0 44
515 0 1075 0 44
516 0 1075 0 44
517 0 1075 0 44
518 0 1075 0 44
519 0 1075 0 44
520 0 1075 0 44
521 0 1075 0 44
522 0 1075 0 44
523 0 1075 0 44
524 0 1075 0 44
525 0 1075 0 44
526 0 1075 0 44
527 0 1075 0 44
528 0 1075 0 44
529 0 1075 0 44
530 0 1075 0 44
531 0 1075 0 44
532 0 1075 0 44
533 0 1075 0 44
534 0 1075 0 44
535 0 1075 0 44
536 0 1075 0 44
537 0 1075 0 44
538 0 1075 0 44
539 0 1075 0 44
540 0 1075 0 44
541 0 1075 0 44
542 0 1075 0 44
543 0 1075 0 44
544 0 1075 0 44
545 0 1075 0 44
546 0 1075 0 44
547 0 1075 0 44
548 0 1075 0 44
549 0 1075 0 44
550 0 1075 0 44
551 0 1075 0 44
552 0 1075 0 44
553 0 1075 0 44
554 0 1075 0 44
555 0 1075 0 44
556 0 1075 0 44
557 0 1075 0 44
558 0 1075 0 44
559 0 1075 0 44
560 0 1075 0 44
561 0 1075 0 44
562 0 1075 0 44
563 0 1075 0 44
564 0 1075 0 44
565 0 1075 0 44
566 0 1075 0 44
567 0 1075 0 44
568 0 1075 0 44
569 0 1075 0 44
570 0 1075 0 44
571 0 1075 0 44
572 0 1075 0 44
573 0 1075 0 44
574 0 1075 0 44
575 0 1075 0 44
576 0 1075 0 44
577 0 1075 0 44
578 0 1075 0 44
579 0 1075 0 44
580 0 1075 0 44
581 0 1075 0 44
582 0 1075 0 44
583 0 1075 0 44
584 0 1075 0 44
585 0 1074 0 42
586 0 1074 0 42
587 0 1074 0 42
588 0 1074 0 42
589 0 1074 0 42
590 0 1074 0 42
591 0 1074 0 42
592 0 1074 0 42
593 0 1074 0 42
594 0 1073 0 40
595 0 1073 0 40
596 0 1073 0 40
597 0 1073 0 40
598 0 1073 0 40
599 0 1073 0 40
600 0 1073 0 40
601 0 1073 0 40
602 0 1073 0 40
603 0 1073 0 40
604 0 1073 0 40
605 0 1073 0 40
606 0 1073 0 40
607 0 1073 0 40
608 0 1073 0 40
609 0 1073 0 40
610 0 1073 0 40
611 0 1073 0 40
612 0 1073 0 40
613 0 1073 0 40
614 0 1073 0 40
615 0 1073 0 40
616 0 1073 0 40
617 0 1073 0 40
618 0 1073 0 40
619 0 1073 0 40
620 0 1073 0 40
621 0 1073 0 40
622 0 1073 0 40
623 0 1073 0 40
624 0 1073 0 40
625 0 1073 0 40
626 0 1073 0 40
627 0 1073 0 40
628 0 1073 0 40
629 0 1073 0 40
630 0 1073 0 40
631 0 1073 0 40
632 0 1073 0 40
633 0 1073 0 40
634 0 1073 0 40
635 0 1073 0 40
636 0 1073 0 40
637 0 1073 0 40
638 0 1073 0 40
639 0 1073 0 40
640 0 1073 0 40
641 0 1073 0 40
642 0 1073 0 40
643 0 1073 0 40
644 0 1073 0 40
645 0 1073 0 40
646 0 1073 0 40
647 0 1073 0 40
648 0 1073 0 40
649 0 1073 0 40
650 0 1073 0 40
651 0 1073 0 40
652 0 1073 0 40
653 0 1073 0 40
654 0 1073 0 40
655 0 1073 0 40
656 0 1072 0 39
657 0 1072 0 39
658 0 1072 0 39
659 0 1072 0 39
660 0 1072 0 39
661 0 1072 0 39
662 0 1072 0 39
663 0 1072 0 39
664 0 1072 0 39
665 0 1072 0 39
666 0 1072 0 39
667 0 1072 0 39
668 0 1072 0 39
669 0 1072 0 39
670 0 1072 0 39
671 0 1072 0 39
672 0 1072 0 39
673 0 1072 0 39
674 0 1072 0 39
675 0 1072 0 39
676 0 1072 0 39
677 0 1072 0 39
678 0 1072 0 39
679 0 1072 0 39
680 0 1072 0 39
681 0 1072 0 39
682 0 1072 0 39
683 0 1072 0 39
684 0 1072 0 39
685 0 1072 0 39
686 0 1072 0 39
687 0 1072 0 39
688 0 1072 0 39
689 0 1072 0 39
690 0 1072 0 39
691 0 1072 0 39
692 0 1072 0 39
693 0 1072 0 39
694 0 1072 0 39
695 0 1072 0 39
696 0 1072 0 39
697 0 1072 0 39
698 0 1072 0 39
699 0 1072 0 39
700 0 1072 0 39
701 0 1072 0 39
702 0 1072 0 39
703 0 1071 0 38
704 0 1071 0 38
705 0 1071 0 38
706 0 1071 0 38
707 0 1071 0 38
708 0 1071 0 38
709 0 1071 0 38
710 0 1071 0 38
711 0 1071 0 38
712 0 1071 0 38
713 0 1071 0 38
714 0 1071 0 38
715 0 1071 0 38
716 0 1071 0 38
717 0 1071 0 38
718 0 1071 0 38
719 0 1071 0 38
720 0 1071 0 38
721 0 1071 0 38
722 0 1071 0 38
723 0 1071 0 38
724 0 1071 0 38
725 0 1071 0 38
726 0 1071 0 38
727 0 1071 0 38
728 0 1070 0 36
729 0 1070 0 36
730 0 1070 0 36
731 0 1070 0 36
732 0 1070 0 36
733 0 1070 0 36
734 0 1070 0 36
735 0 1070 0 36
736 0 1070 0 36
737 0 1070 0 36
738 0 1070 0 36
739 0 1070 0 36
740 0 1070 0 36
741 0 1070 0 36
742 0 1070 0 36
743 0 1070 0 36
744 0 1070 0 36
745 0 1070 0 36
746 0 1070 0 36
747 0 1070 0 36
748 0 1070 0 36
749 0 1070 0 36
750 0 1070 0 36
751 0 1070 0 36
752 0 1070 0 36
753 0 1070 0 36
754 0 1070 0 36
755 0 1070 0 36
756 0 1070 0 36
757 0 1070 0 36
758 0 1070 0 36
759 0 1070 0 36
760 0 1070 0 36
761 0 1070 0 36
762 0 1070 0 36
763 0 1070 0 36
764 0 1070 0 36
765 0 1070 0 36
766 0 1070 0 36
767 0 1070 0 36
768 0 1070 0 36
769 0 1070 0 36
770 0 1070 0 36
771 0 1069 0 34
772 0 1069 0 34
773 0 1069 0 34
774 0 1069 0 34
775 0 1069 0 34
776 0 1069 0 34
777 0 1069 0 34
778 0 1069 0 34
779 0 1069 0 34
780 0 1069 0 34
781 0 1069 0 34
782 0 1069 0 34
783 0 1069 0 34
784 0 1069 0 34
785 0 1069 0 34
786 0 1069 0 34
787 0 1069 0 34
788 0 1069 0 34
789 0 1069 0 34
790 0 1069 0 34
791 0 1069 0 34
792 0 1069 0 34
793 0 1069 0 34
794 0 1069 0 34
795 0 1069 0 34
796 0 1069 0 34
797 0 1069 0 34
798 0 1069 0 34
799 0 1069 0 34
800 0 1069 0 34
801 0 1069 0 34
802 0 1069 0 34
803 0 1069 0 34
804 0 1069 0 34
805 0 1069 0 34
806 0 1069 0 34
807 0 1069 0 34
808 0 1069 0 34
809 0 1069 0 34
810 0 1069 0 34
811 0 1069 0 34
812 0 1069 0 34
813 0 1069 0 34
814 0 1069 0 34
815 0 1069 0 34
816 0 1069 0 34
817 0 1069 0 34
818 0 1069 0 34
819 0 1069 0 34
820 0 1069 0 34
821 0 1069 0 34
822 0 1069 0 34
823 0 1069 0 34
824 0 1069 0 34
825 0 1069 0 34
826 0 1069 0 34
827 0 1069 0 34
828 0 1069 0 34
829 0 1069 0 34
830 0 1069 0 34
831 0 1069 0 34
832 0 1069 0 34
833 0 1069 0 34
834 0 1069 0 34
835 0 1069 0 34
836 0 1069 0 34
837 0 1068 0 32
838 0 1068 0 32
839 0 1068 0 32
840 0 1068 0 32
841 0 1068 0 32
842 0 1068 0 32
843 0 1068 0 32
844 0 1068 0 32
845 0 1068 0 32
846 0 1068 0 32
847 0 1068 0 32
848 0 1068 0 32
849 0 1068 0 32
850 0 1068 0 32
851 0 1068 0 32
852 0 1068 0 32
853 0 1068 0 32
854 0 1068 0 32
855 0 1068 0 32
856 0 1068 0 32
857 0 1068 0 32
858 0 1068 0 32
859 0 1068 0 32
860 0 1068 0 32
861 0 1068 0 32
862 0 1068 0 32
863 0 1068 0 32
864 0 1068 0 32
865 0 1068 0 32
866 0 1068 0 32
867 0 1068 0 32
868 0 1068 0 32
869 0 1068 0 32
870 0 1068 0 32
871 0 1068 0 32
872 0 1068 0 32
873 0 1068 0 32
874 0 1068 0 32
875 0 1068 0 32
876 0 1068 0 32
877 0 1068 0 32
878 0 1068 0 32
879 0 1068 0 32
880 0 1068 0 32
881 0 1068 0 32
882 0 1068 0 32
883 0 1068 0 32
884 0 1068 0 32
885 0 1068 0 32
886 0 1068 0 32
887 0 1068 0 32
888 0 1068 0 32
889 0 1068 0 32
890 0 1068 0 32
891 0 1068 0 32
892 0 1068 0 32
893 0 1068 0 32
894 0 1068 0 32
895 0 1068 0 32
896 0 1068 0 32
897 0 1068 0 32
898 0 1068 0 32
899 0 1068 0 32
900 0 1068 0 32
901 0 1068 0 32
902 0 1068 0 32
903 0 1068 0 32
904 0 1068 0 32
905 0 1068 0 32
906 0 1068 0 32
907 0 1068 0 32
908 0 1068 0 32
909 0 1068 0 32
910 0 1068 0 32
911 0 1068 0 32
912 0 1068 0 32
913 0 1068 0 32
914 0 1068 0 32
915 0 1068 0 32
916 0 1068 0 32
917 0 1068 0 32
918 0 1068 0 32
919 0 1068 0 32
920 0 1068 0 32
921 0 1068 0 32
922 0 1068 0 32
923 0 1068 0 32
924 0 1068 0 32
925 0 1068 0 32
926 0 1068 0 32
927 0 1068 0 32
928 0 1068 0 32
929 0 1068 0 32
930 0 1068 0 32
931 0 1068 0 32
932 0 1068 0 32
933 0 1068 0 32
934 0 1068 0 32
935 0 1068 0 32
936 0 1068 0 32
937 0 1068 0 32
938 0 1068 0 32
939 0 1068 0 32
940 0 1068 0 32
941 0 1068 0 32
942 0 1068 0 32
943 0 1068 0 32
944 0 1068 0 32
945 0 1068 0 32
946 0 1068 0 32
947 0 1068 0 32
948 0 1068 0 32
949 0 1068 0 32
950 0 1068 0 32
951 0 1068 0 32
952 0 1068 0 32
953 0 1068 0 32
954 0 1068 0 32
955 0 1068 0 32
956 0 1068 0 31
957 0 1068 0 31
958 0 1068 0 31
959 0 1068 0 31
960 0 1068 0 31
961 0 1068 0 31
962 0 1068 0 31
963 0 1068 0 31
964 0 1068 0 31
965 0 1068 0 31
966 0 1068 0 31
967 0 1068 0 31
968 0 1068 0 31
969 0 1068 0 31
970 0 1068 0 31
971 0 1068 0 31
972 0 1068 0 31
973 0 1068 0 31
974 0 1068 0 31
975 0 1068 0 31
976 0 1068 0 31
977 0 1068 0 31
978 0 1068 0 31
979 0 1068 0 31
980 0 1068 0 31
981 0 1068 0 31
982 0 1068 0 31
983 0 1068 0 31
984 0 1068 0 31
985 0 1068 0 31
986 0 1068 0 31
987 0 1068 0 31
988 0 1068 0 31
989 0 1068 0 31
990 0 1068 0 31
991 0 1068 0 31
992 0 1068 0 31
993 0 1068 0 31
994 0 1068 0 31
995 0 1068 0 31
996 0 1068 0 31
997 0 1068 0 31
998 0 1068 0 31
999 0 1068 0 31
1000 0 1068 0 31
1001 0 1068 0 31
1002 0 1068 0 31
1003 0 1068 0 31
1004 0 1068 0 31
1005 0 1068 0 31
1006 0 1068 0 31
1007 0 1068 0 31
1008 0 1068 0 31
1009 0 1068 0 31
1010 0 1068 0 31
1011 0 1068 0 31
1012 0 1068 0 31
1013 0 1068 0 31
1014 0 1068 0 31
1015 0 1068 0 31
1016 0 1068 0 31
1017 0 1068 0 31
1018 0 1068 0 31
1019 0 1068 0 31
1020 0 1068 0 31
1021 0 1068 0 31
1022 0 1068 0 31
1023 0 1068 0 31
1024 0 1068 0 31
1025 0 1068 0 31
1026 0 1068 0 31
1027 0 1068 0 31
1028 0 1068 0 31
1029 0 1068 0 31
1030 0 1068 0 31
1031 0 1068 0 31
1032 0 1068 0 31
1033 0 1068 0 31
1034 0 1068 0 31
1035 0 1068 0 31
1036 0 1068 0 31
1037 0 1068 0 31
1038 0 1068 0 31
1039 0 1068 0 31
1040 0 1068 0 31
1041 0 1068 0 31
1042 0 1068 0 31
1043 0 1068 0 31
1044 0 1068 0 31
1045 0 1068 0 31
1046 0 1068 0 31
1047 0 1068 0 31
1048 0 1068 0 31
1049 0 1068 0 31
1050 0 1068 0 31
1051 0 1068 0 31
1052 0 1068 0 31
1053 0 1068 0 31
1054 0 1068 0 31
1055 0 1068 0 31
1056 0 1068 0 31
1057 0 1068 0 31
1058 0 1068 0 31
1059 0 1068 0 31
1060 0 1068 0 31
1061 0 1068 0 31
1062 0 1068 0 31
1063 0 1068 0 31
1064 0 1068 0 31
1065 0 1068 0 31
1066 0 1068 0 31
1067 0 1068 0 31
1068 0 1068 0 31
1069 0 1068 0 31
1070 0 1068 0 31
1071 0 1068 0 31
1072 0 1068 0 31
1073 0 1068 0 31
1074 0 1068 0 31
1075 0 1068 0 31
1076 0 1068 0 31
1077 0 1068 0 31
1078 0 1068 0 31
1079 0 1068 0 31
1080 0 1068 0 31
1081 0 1068 0 31
1082 0 1068 0 31
1083 0 1068 0 31
1084 0 1068 0 31
1085 0 1068 0 31
1086 0 1068 0 31
1087 0 1068 0 31
1088 0 1068 0 31
1089 0 1068 0 31
1090 0 1068 0 31
1091 0 1068 0 31
1092 0 1068 0 31
1093 0 1068 0 31
1094 0 1068 0 31
1095 0 1068 0 31
1096 0 1068 0 31
1097 0 1068 0 31
1098 0 1068 0 31
1099 0 1068 0 31
1100 0 1068 0 31
1101 0 1068 0 31
1102 0 1067 0 29
1103 0 1067 0 29
1104 0 1067 0 29
1105 0 1067 0 29
1106 0 1067 0 29
1107 0 1067 0 29
1108 0 1066 0 28
1109 0 1066 0 28
1110 0 1066 0 28
1111 0 1066 0 28
1112 0 1066 0 28
1113 0 1066 0 28
1114 0 1066 0 28
1115 0 1066 0 28
1116 0 1066 0 28
1117 0 1066 0 28
1118 0 1066 0 28
1119 0 1066 0 28
1120 0 1066 0 28
1121 0 1066 0 28
1122 0 1066 0 28
1123 0 1066 0 28
1124 0 1066 0 28
1125 0 1066 0 28
1126 0 1066 0 28
1127 0 1066 0 28
1128 0 1066 0 28
1129 0 1066 0 28
1130 0 1066 0 28
1131 0 1066 0 28
1132 0 1066 0 28
1133 0 1066 0 28
1134 0 1066 0 28
1135 0 1066 0 28
1136 0 1066 0 28
1137 0 1066 0 28
1138 0 1066 0 28
1139 0 1066 0 28
1140 0 1066 0 28
1141 0 1066 0 28
1142 0 1066 0 28
1143 0 1066 0 28
1144 0 1066 0 28
1145 0 1066 0 28
1146 0 1066 0 28
1147 0 1066 0 28
1148 0 1066 0 28
1149 0 1066 0 28
1150 0 1066 0 28
1151 0 1066 0 28
1152 0 1066 0 28
1153 0 1066 0 28
1154 0 1066 0 28
1155 0 1066 0 28
1156 0 1066 0 28
1157 0 1066 0 28
1158 0 1066 0 28
1159 0 1066 0 28
1160 0 1066 0 28
1161 0 1066 0 28
1162 0 1066 0 28
1163 0 1066 0 28
1164 0 1066 0 28
1165 0 1066 0 28
1166 0 1066 0 28
1167 0 1066 0 28
1168 0 1066 0 28
1169 0 1066 0 28
1170 0 1066 0 28
1171 0 1066 0 28
1172 0 1066 0 28
1173 0 1066 0 28
1174 0 1066 0 28
1175 0 1066 0 28
1176 0 1066 0 28
1177 0 1066 0 28
1178 0 1066 0 28
1179 0 1066 0 28
1180 0 1066 0 28
1181 0 1066 0 28
1182 0 1066 0 28
1183 0 1066 0 28
1184 0 1066 0 28
1185 0 1066 0 28
1186 0 1066 0 28
1187 0 1066 0 28
1188 0 1066 0 28
1189 0 1066 0 28
1190 0 1066 0 28
1191 0 1066 0 28
1192 0 1066 0 28
1193 0 1066 0 28
1194 0 1066 0 28
1195 0 1066 0 28
1196 0 1066 0 28
1197 0 1066 0 28
1198 0 1066 0 28
1199 0 1066 0 28
1200 0 1066 0 28
1201 0 1066 0 28
1202 0 1066 0 28
1203 0 1066 0 28
1204 0 1066 0 28
1205 0 1066 0 28
1206 0 1066 0 28
1207 0 1066 0 28
1208 0 1066 0 28
1209 0 1066 0 28
1210 0 1066 0 28
1211 0 1066 0 28
1212 0 1066 0 28
1213 0 1066 0 28
1214 0 1066 0 28
1215 0 1066 0 28
1216 0 1066 0 28
1217 0 1066 0 28
1218 0 1066 0 28
1219 0 1066 0 28
1220 0 1066 0 28
1221 0 1066 0 28
1222 0 1066 0 28
1223 0 1066 0 28
1224 0 1066 0 28
1225 0 1066 0 28
1226 0 1066 0 28
1227 0 1066 0 28
1228 0 1066 0 28
1229 0 1066 0 28
1230 0 1066 0 28
1231 0 1066 0 28
1232 0 1066 0 28
1233 0 1066 0 28
1234 0 1066 0 28
1235 0 1066 0 28
1236 0 1066 0 28
1237 0 1066 0 28
1238 0 1066 0 28
1239 0 1066 0 28
1240 0 1066 0 28
1241 0 1066 0 28
1242 0 1066 0 28
1243 0 1066 0 28
1244 0 1066 0 28
1245 0 1066 0 28
1246 0 1066 0 28
1247 0 1066 0 28
1248 0 1066 0 28
1249 0 1066 0 28
1250 0 1066 0 28
1251 0 1066 0 28
1252 0 1066 0 28
1253 0 1066 0 28
1254 0 1066 0 28
1255 0 1066 0 28
1256 0 1066 0 28
1257 0 1066 0 28
1258 0 1066 0 28
1259 0 1066 0 28
1260 0 1066 0 28
1261 0 1066 0 28
1262 0 1066 0 28
1263 0 1066 0 28
1264 0 1066 0 28
1265 0 1066 0 28
1266 0 1066 0 28
1267 0 1066 0 28
1268 0 1066 0 28
1269 0 1066 0 28
1270 0 1066 0 28
1271 0 1066 0 28
1272 0 1066 0 28
1273 0 1065 0 26
1274 0 1065 0 26
1275 0 1065 0 26
1276 0 1065 0 26
1277 0 1065 0 26
1278 0 1065 0 26
1279 0 1065 0 26
1280 0 1065 0 26
