1 0 0 0 1
2 0 0 0 1
3 0 0 0 1
4 0 0 0 1
5 0 0 0 1
6 0 0 0 1
7 0 0 0 1
8 0 0 0 1
9 0 0 0 1
10 0 0 0 1
11 0 0 0 1
12 0 0 0 1
13 0 0 0 1
14 0 0 0 1
15 0 0 0 1
16 0 0 0 1
17 0 0 0 1
18 0 0 0 1
19 0 0 0 1
20 0 0 0 1
21 0 0 0 1
22 0 0 0 1
23 0 0 0 1
24 0 0 0 1
25 0 0 0 1
26 0 0 0 1
27 0 0 0 1
28 0 0 0 1
29 0 0 0 1
30 0 0 0 1
31 0 0 0 1
32 0 0 0 1
33 0 0 0 1
34 0 0 0 1
35 0 0 0 1
36 0 0 0 1
37 0 0 0 1
38 0 0 0 1
39 0 0 0 1
40 0 0 0 1
41 0 0 0 1
42 0 0 0 1
43 0 0 0 1
44 0 0 0 1
45 0 0 0 1
46 0 0 0 1
47 0 0 0 1
48 0 0 0 1
49 0 0 0 1
50 0 0 0 1
51 0 0 0 1
51 2 0 2 0
52 0 0 0 1
53 0 0 0 1
54 0 0 0 1
55 0 0 0 1
56 0 0 0 1
57 0 0 0 1
58 0 0 0 1
59 0 0 0 1
60 0 0 0 1
61 0 0 0 1
62 0 0 0 1
63 0 0 0 1
64 0 0 0 1
65 0 0 0 1
66 0 0 0 1
67 0 0 0 1
68 0 0 0 1
69 0 0 0 1
70 0 0 0 1
70 1 0 2 0
71 0 0 0 1
72 0 0 0 1
73 0 0 0 1
74 0 0 0 1
75 0 0 0 1
76 0 0 0 1
77 0 0 0 1
78 0 0 0 1
79 0 0 0 1
80 0 0 0 1
81 0 0 0 1
82 0 0 0 1
83 0 0 0 1
84 0 0 0 1
85 0 0 0 1
86 0 0 0 1
87 0 0 0 1
88 0 0 0 1
89 0 0 0 1
90 0 0 0 1
91 0 0 0 1
92 0 0 0 1
93 0 0 0 1
94 0 0 0 1
95 0 0 0 1
96 0 0 0 1
97 0 0 0 1
98 0 0 0 1
99 0 0 0 1
100 0 0 0 1
101 0 0 0 1
102 0 0 0 1
103 0 0 0 1
104 0 0 0 1
105 0 0 0 1
106 0 0 0 1
107 0 0 0 1
108 0 0 0 1
109 0 0 0 1
110 0 0 0 1
111 0 0 0 1
112 0 0 0 1
113 0 0 0 1
114 0 0 0 1
115 0 0 0 1
116 0 0 0 1
117 0 0 0 1
118 0 0 0 1
119 0 0 0 1
120 0 0 0 1
121 0 0 0 1
122 0 0 0 1
123 0 0 0 1
124 0 0 0 1
124 2 0 2 0
125 0 0 0 1
126 0 0 0 1
127 0 0 0 1
128 0 0 0 1
129 0 0 0 1
129 1 0 2 0
130 0 0 0 1
131 0 0 0 1
132 0 0 0 1
133 0 0 0 1
134 0 0 0 1
135 0 0 0 1
135 1 0 2 0
136 0 0 0 1
137 0 0 0 1
138 0 0 0 1
139 0 0 0 1
140 0 0 0 1
141 0 0 0 1
142 0 0 0 1
143 0 0 0 1
144 0 0 0 1
145 0 0 0 1
146 0 0 0 1
147 0 0 0 1
148 0 0 0 1
149 0 0 0 1
150 0 0 0 1
151 0 0 0 1
152 0 0 0 1
153 0 0 0 1
154 0 0 0 1
155 0 0 0 1
156 0 0 0 1
157 0 0 0 1
158 0 0 0 1
159 0 0 0 1
160 0 0 0 1
161 0 0 0 1
162 0 0 0 1
163 0 0 0 1
164 0 0 0 1
165 0 0 0 1
166 0 0 0 1
167 0 0 0 1
168 0 0 0 1
169 0 0 0 1
170 0 0 0 1
171 0 0 0 1
172 0 0 0 1
173 0 0 0 1
174 0 0 0 1
175 0 0 0 1
176 0 0 0 1
177 0 0 0 1
178 0 0 0 1
179 0 0 0 1
180 0 0 0 1
181 0 0 0 1
182 0 0 0 1
183 0 0 0 1
184 0 0 0 1
185 0 0 0 1
186 0 0 0 1
186 0 0 1 0
187 0 0 0 1
188 0 0 0 1
189 0 0 0 1
190 0 0 0 1
191 0 0 0 1
192 0 0 0 1
193 0 0 0 1
194 0 0 0 1
195 0 0 0 1
196 0 0 0 1
197 0 0 0 1
198 0 0 0 1
199 0 0 0 1
200 0 0 0 1
200 1 0 2 0
201 0 0 0 1
202 0 0 0 1
203 0 0 0 1
204 0 0 0 1
205 0 0 0 1
206 0 0 0 1
207 0 0 0 1
208 0 0 0 1
209 0 0 0 1
210 0 0 0 1
211 0 0 0 1
212 0 0 0 1
213 0 0 0 1
214 0 0 0 1
215 0 0 0 1
216 0 0 0 1
217 0 0 0 1
218 0 0 0 1
219 0 0 0 1
220 0 0 0 1
221 0 0 0 1
222 0 0 0 1
223 0 0 0 1
224 0 0 0 1
225 0 0 0 1
226 0 0 0 1
227 0 0 0 1
228 0 0 0 1
229 0 0 0 1
230 0 0 0 1
231 0 0 0 1
232 0 0 0 1
233 0 0 0 1
234 0 0 0 1
235 0 0 0 1
236 0 0 0 1
237 0 0 0 1
238 0 0 0 1
239 0 0 0 1
240 0 0 0 1
241 0 0 0 1
242 0 0 0 1
243 0 0 0 1
244 0 0 0 1
245 0 0 0 1
246 0 0 0 1
247 0 0 0 1
248 0 0 0 1
249 0 0 0 1
250 0 0 0 1
251 0 0 0 1
252 0 0 0 1
253 0 0 0 1
254 0 0 0 1
255 0 0 0 1
256 0 0 0 1
257 0 0 0 1
258 0 0 0 1
259 0 0 0 1
260 0 0 0 1
261 0 0 0 1
262 0 0 0 1
263 0 0 0 1
264 0 0 0 1
265 0 0 0 1
266 0 0 0 1
267 0 0 0 1
268 0 0 0 1
269 0 0 0 1
270 0 0 0 1
271 0 0 0 1
272 0 0 0 1
273 0 0 0 1
274 0 0 0 1
274 1 0 2 0
275 0 0 0 1
276 0 0 0 1
277 0 0 0 1
278 0 0 0 1
279 0 0 0 1
280 0 0 0 1
281 0 0 0 1
282 0 0 0 1
283 0 0 0 1
284 0 0 0 1
285 0 0 0 1
286 0 0 0 1
287 0 0 0 1
288 0 0 0 1
289 0 0 0 1
290 0 0 0 1
291 0 0 0 1
292 0 0 0 1
292 4 0 3 0
293 0 0 0 1
294 0 0 0 1
295 0 0 0 1
296 0 0 0 1
297 0 0 0 1
298 0 0 0 1
299 0 0 0 1
300 0 0 0 1
301 0 0 0 1
302 0 0 0 1
303 0 0 0 1
304 0 0 0 1
305 0 0 0 1
306 0 0 0 1
307 0 0 0 1
308 0 0 0 1
309 0 0 0 1
310 0 0 0 1
311 0 0 0 1
312 0 0 0 1
313 0 0 0 1
314 0 0 0 1
315 0 0 0 1
316 0 0 0 1
317 0 0 0 1
318 0 0 0 1
319 0 0 0 1
320 0 0 0 1
321 0 0 0 1
322 0 0 0 1
323 0 0 0 1
323 1 0 2 0
324 0 0 0 1
325 0 0 0 1
326 0 0 0 1
327 0 0 0 1
328 0 0 0 1
329 0 0 0 1
330 0 0 0 1
331 0 0 0 1
332 0 0 0 1
333 0 0 0 1
333 3 0 2 0
334 0 0 0 1
335 0 0 0 1
336 0 0 0 1
337 0 0 0 1
338 0 0 0 1
339 0 0 0 1
340 0 0 0 1
341 0 0 0 1
342 0 0 0 1
343 0 0 0 1
344 0 0 0 1
345 0 0 0 1
346 0 0 0 1
347 0 0 0 1
348 0 0 0 1
349 0 0 0 1
350 0 0 0 1
351 0 0 0 1
352 0 0 0 1
353 0 0 0 1
354 0 0 0 1
355 0 0 0 1
356 0 0 0 1
357 0 0 0 1
358 0 0 0 1
359 0 0 0 1
360 0 0 0 1
361 0 0 0 1
362 0 0 0 1
363 0 0 0 1
364 0 0 0 1
365 0 0 0 1
366 0 0 0 1
367 0 0 0 1
368 0 0 0 1
369 0 0 0 1
369 1 0 2 0
370 0 0 0 1
371 0 0 0 1
372 0 0 0 1
373 0 0 0 1
374 0 0 0 1
375 0 0 0 1
375 2 0 2 0
376 0 0 0 1
377 0 0 0 1
378 0 0 0 1
379 0 0 0 1
380 0 0 0 1
381 0 0 0 1
382 0 0 0 1
383 0 0 0 0 1
384 0 0 0 0 1
385 0 0 0 0 1
386 0 0 0 0 1
387 0 0 0 0 1
388 0 0 0 0 1
389 0 0 0 0 1
390 0 0 0 0 1
391 0 0 0 0 1
392 0 0 0 0 1
393 0 0 0 0 1
394 0 0 0 0 1
395 0 0 0 0 1
396 0 0 0 0 1
397 0 0 0 0 1
398 0 0 0 0 1
399 0 0 0 0 1
400 0 0 0 0 1
401 0 0 0 0 1
402 0 0 0 0 1
403 0 0 0 0 1
404 0 0 0 0 1
405 0 0 0 0 1
406 0 0 0 0 1
407 0 0 0 0 1
408 0 0 0 0 1
409 0 0 0 0 1
410 0 0 0 0 1
411 0 0 0 0 1
412 0 0 0 0 1
413 0 0 0 0 1
414 0 0 0 0 1
415 0 0 0 0 1
416 0 0 0 0 1
417 0 0 0 0 1
418 0 0 0 0 1
419 0 0 0 0 1
420 0 0 0 0 1
421 0 0 0 0 1
422 0 0 0 0 1
423 0 0 0 0 1
424 0 0 0 0 1
425 0 0 0 0 1
426 0 0 0 0 1
427 0 0 0 0 1
428 0 0 0 0 1
429 0 0 0 0 1
430 0 0 0 0 1
431 0 0 0 0 1
432 0 0 0 0 1
433 0 0 0 0 1
434 0 0 0 0 1
435 0 0 0 0 1
436 0 0 0 0 1
437 0 0 0 0 1
438 0 0 0 0 1
439 0 0 0 0 1
440 0 0 0 0 1
441 0 0 0 0 1
442 0 0 0 0 1
443 0 0 0 0 1
444 0 0 0 0 1
445 0 0 0 0 1
446 0 0 0 0 1
447 0 0 0 0 1
448 0 0 0 0 1
449 0 0 0 0 1
450 0 0 0 0 1
451 0 0 0 0 1
452 0 0 0 0 1
453 0 0 0 0 1
454 0 0 0 0 1
455 0 0 0 0 1
456 0 0 0 0 1
457 0 0 0 0 1
458 0 0 0 0 1
459 0 0 0 0 1
460 0 0 0 0 1
461 0 0 0 0 1
462 0 0 0 0 1
463 0 0 0 0 1
464 0 0 0 0 1
465 0 0 0 0 1
466 0 0 0 0 1
467 0 0 0 0 1
468 0 0 0 0 1
469 0 0 0 0 1
470 0 0 0 0 1
471 0 0 0 0 1
472 0 0 0 0 1
473 0 0 0 0 1
474 0 0 0 0 1
475 0 0 0 0 1
476 0 0 0 0 1
477 0 0 0 0 1
478 0 0 0 0 1
479 0 0 0 0 1
480 0 0 0 0 1
481 0 0 0 0 1
482 0 0 0 0 1
483 0 0 0 0 1
484 0 0 0 0 1
485 0 0 0 0 1
486 0 0 0 0 1
487 0 0 0 0 1
488 0 0 0 0 1
489 0 0 0 0 1
490 0 0 0 0 1
491 0 0 0 0 1
492 0 0 0 0 1
493 0 0 0 0 1
494 0 0 0 0 1
495 0 0 0 0 1
496 0 0 0 0 1
497 0 0 0 0 1
498 0 0 0 0 1
499 0 0 0 0 1
500 0 0 0 0 1
501 0 0 0 0 1
502 0 0 0 0 1
503 0 0 0 0 1
504 0 0 0 0 1
505 0 0 0 0 1
506 0 0 0 0 1
507 0 0 0 0 1
508 0 0 0 0 1
509 0 0 0 0 1
510 0 0 0 0 1
511 0 0 0 0 1
512 0 0 0 0 1
513 0 0 0 0 1
514 0 0 0 0 1
515 0 0 0 0 1
516 0 0 0 0 1
517 0 0 0 0 1
518 0 0 0 0 1
519 0 0 0 0 1
520 0 0 0 0 1
521 0 0 0 0 1
522 0 0 0 0 1
523 0 0 0 0 1
524 0 0 0 0 1
525 0 0 0 0 1
526 0 0 0 0 1
527 0 0 0 0 1
528 0 0 0 0 1
529 0 0 0 0 1
530 0 0 0 0 1
531 0 0 0 0 1
532 0 0 0 0 1
533 0 0 0 0 1
534 0 0 0 0 1
535 0 0 0 0 1
536 0 0 0 0 1
537 0 0 0 0 1
538 0 0 0 0 1
539 0 0 0 0 1
540 0 0 0 0 1
541 0 0 0 0 1
542 0 0 0 0 1
543 0 0 0 0 1
544 0 0 0 0 1
545 0 0 0 0 1
546 0 0 0 0 1
547 0 0 0 0 1
548 0 0 0 0 1
549 0 0 0 0 1
550 0 0 0 0 1
551 0 0 0 0 1
552 0 0 0 0 1
553 0 0 0 0 1
554 0 0 0 0 1
555 0 0 0 0 1
556 0 0 0 0 1
557 0 0 0 0 1
558 0 0 0 0 1
559 0 0 0 0 1
560 0 0 0 0 1
561 0 0 0 0 1
562 0 0 0 0 1
563 0 0 0 0 1
564 0 0 0 0 1
565 0 0 0 0 1
566 0 0 0 0 1
567 0 0 0 0 1
568 0 0 0 0 1
569 0 0 0 0 1
570 0 0 0 0 1
571 0 0 0 0 1
572 0 0 0 0 1
573 0 0 0 0 1
574 0 0 0 0 1
575 0 0 0 0 1
576 0 0 0 0 1
577 0 0 0 0 1
578 0 0 0 0 1
579 0 0 0 0 1
580 0 0 0 0 1
581 0 0 0 0 1
582 0 0 0 0 1
583 0 0 0 0 1
584 0 0 0 0 1
585 0 0 0 0 1
586 0 0 0 0 1
587 0 0 0 0 1
588 0 0 0 0 1
589 0 0 0 0 1
590 0 0 0 0 1
591 0 0 0 0 1
592 0 0 0 0 1
593 0 0 0 0 1
594 0 0 0 0 1
595 0 0 0 0 1
596 0 0 0 0 1
597 0 0 0 0 1
598 0 0 0 0 1
599 0 0 0 0 1
600 0 0 0 0 1
601 0 0 0 0 1
602 0 0 0 0 1
603 0 0 0 0 1
604 0 0 0 0 1
605 0 0 0 0 1
606 0 0 0 0 1
607 0 0 0 0 1
608 0 0 0 0 1
609 0 0 0 0 1
610 0 0 0 0 1
611 0 0 0 0 1
612 0 0 0 0 1
613 0 0 0 0 1
614 0 0 0 0 1
615 0 0 0 0 1
616 0 0 0 0 1
617 0 0 0 0 1
618 0 0 0 0 1
618 0 1 0 2 0
619 0 0 0 0 1
620 0 0 0 0 1
621 0 0 0 0 1
622 0 0 0 0 1
623 0 0 0 0 1
624 0 0 0 0 1
625 0 0 0 0 1
626 0 0 0 0 1
627 0 0 0 0 1
628 0 0 0 0 1
629 0 0 0 0 1
630 0 0 0 0 1
631 0 0 0 0 1
632 0 0 0 0 1
633 0 0 0 0 1
634 0 0 0 0 1
635 0 0 0 0 1
636 0 0 0 0 1
637 0 0 0 0 1
638 0 0 0 0 1
639 0 0 0 0 1
640 0 0 0 0 1
641 0 0 0 0 1
642 0 0 0 0 1
643 0 0 0 0 1
644 0 0 0 0 1
645 0 0 0 0 1
646 0 0 0 0 1
647 0 0 0 0 1
648 0 0 0 0 1
649 0 0 0 0 1
650 0 0 0 0 1
651 0 0 0 0 1
652 0 0 0 0 1
653 0 0 0 0 1
654 0 0 0 0 1
655 0 0 0 0 1
656 0 0 0 0 1
657 0 0 0 0 1
658 0 0 0 0 1
659 0 0 0 0 1
660 0 0 0 0 1
661 0 0 0 0 1
662 0 0 0 0 1
663 0 0 0 0 1
664 0 0 0 0 1
665 0 0 0 0 1
666 0 0 0 0 1
667 0 0 0 0 1
668 0 0 0 0 1
669 0 0 0 0 1
670 0 0 0 0 1
671 0 0 0 0 1
672 0 0 0 0 1
673 0 0 0 0 1
674 0 0 0 0 1
675 0 0 0 0 1
676 0 0 0 0 1
677 0 0 0 0 1
678 0 0 0 0 1
679 0 0 0 0 1
680 0 0 0 0 1
681 0 0 0 0 1
682 0 0 0 0 1
683 0 0 0 0 1
684 0 0 0 0 1
685 0 0 0 0 1
686 0 0 0 0 1
687 0 0 0 0 1
688 0 0 0 0 1
689 0 0 0 0 1
690 0 0 0 0 1
691 0 0 0 0 1
692 0 0 0 0 1
693 0 0 0 0 1
694 0 0 0 0 1
695 0 0 0 0 1
696 0 0 0 0 1
697 0 0 0 0 1
698 0 0 0 0 1
699 0 0 0 0 1
700 0 0 0 0 1
701 0 0 0 0 1
702 0 0 0 0 1
703 0 0 0 0 1
704 0 0 0 0 1
705 0 0 0 0 1
706 0 0 0 0 1
707 0 0 0 0 1
708 0 0 0 0 1
709 0 0 0 0 1
710 0 0 0 0 1
711 0 0 0 0 1
712 0 0 0 0 1
713 0 0 0 0 1
714 0 0 0 0 1
715 0 0 0 0 1
716 0 0 0 0 1
717 0 0 0 0 1
718 0 0 0 0 1
719 0 0 0 0 1
720 0 0 0 0 1
721 0 0 0 0 1
722 0 0 0 0 1
723 0 0 0 0 1
724 0 0 0 0 1
724 0 1 0 2 0
725 0 0 0 0 1
726 0 0 0 0 1
727 0 0 0 0 1
728 0 0 0 0 1
729 0 0 0 0 1
730 0 0 0 0 1
731 0 0 0 0 1
732 0 0 0 0 1
733 0 0 0 0 1
734 0 0 0 0 1
735 0 0 0 0 1
736 0 0 0 0 1
737 0 0 0 0 1
738 0 0 0 0 1
739 0 0 0 0 1
740 0 0 0 0 1
741 0 0 0 0 1
742 0 0 0 0 1
743 0 0 0 0 1
744 0 0 0 0 1
745 0 0 0 0 1
746 0 0 0 0 1
747 0 0 0 0 1
748 0 0 0 0 1
749 0 0 0 0 1
750 0 0 0 0 1
751 0 0 0 0 1
752 0 0 0 0 1
753 0 0 0 0 1
754 0 0 0 0 1
755 0 0 0 0 1
756 0 0 0 0 1
757 0 0 0 0 1
758 0 0 0 0 1
759 0 0 0 0 1
760 0 0 0 0 1
761 0 0 0 0 1
762 0 0 0 0 1
763 0 0 0 0 1
764 0 0 0 0 1
765 0 0 0 0 1
766 0 0 0 0 1
767 0 0 0 0 1
768 0 0 0 0 1
769 0 0 0 0 1
770 0 0 0 0 1
771 0 0 0 0 1
772 0 0 0 0 1
773 0 0 0 0 1
774 0 0 0 0 1
775 0 0 0 0 1
776 0 0 0 0 1
777 0 0 0 0 1
778 0 0 0 0 1
779 0 0 0 0 1
780 0 0 0 0 1
781 0 0 0 0 1
782 0 0 0 0 1
783 0 0 0 0 1
784 0 0 0 0 1
785 0 0 0 0 1
786 0 0 0 0 1
787 0 0 0 0 1
788 0 0 0 0 1
789 0 0 0 0 1
790 0 0 0 0 1
791 0 0 0 0 1
792 0 0 0 0 1
793 0 0 0 0 1
794 0 0 0 0 1
795 0 0 0 0 1
796 0 0 0 0 1
797 0 0 0 0 1
798 0 0 0 0 1
799 0 0 0 0 1
800 0 0 0 0 1
801 0 0 0 0 1
802 0 0 0 0 1
803 0 0 0 0 1
804 0 0 0 0 1
805 0 0 0 0 1
806 0 0 0 0 1
807 0 0 0 0 1
808 0 0 0 0 1
809 0 0 0 0 1
810 0 0 0 0 1
811 0 0 0 0 1
812 0 0 0 0 1
813 0 0 0 0 1
814 0 0 0 0 1
815 0 0 0 0 1
816 0 0 0 0 1
817 0 0 0 0 1
818 0 0 0 0 1
819 0 0 0 0 1
820 0 0 0 0 1
821 0 0 0 0 1
822 0 0 0 0 1
823 0 0 0 0 1
824 0 0 0 0 1
825 0 0 0 0 1
826 0 0 0 0 1
827 0 0 0 0 1
828 0 0 0 0 1
829 0 0 0 0 1
830 0 0 0 0 1
831 0 0 0 0 1
832 0 0 0 0 1
832 0 1 0 2 0
833 0 0 0 0 1
834 0 0 0 0 1
835 0 0 0 0 1
836 0 0 0 0 1
837 0 0 0 0 1
838 0 0 0 0 1
839 0 0 0 0 1
840 0 0 0 0 1
841 0 0 0 0 1
842 0 0 0 0 1
843 0 0 0 0 1
844 0 0 0 0 1
845 0 0 0 0 1
846 0 0 0 0 1
847 0 0 0 0 1
848 0 0 0 0 1
849 0 0 0 0 1
850 0 0 0 0 1
851 0 0 0 0 1
852 0 0 0 0 1
853 0 0 0 0 1
854 0 0 0 0 1
855 0 0 0 0 1
856 0 0 0 0 1
857 0 0 0 0 1
858 0 0 0 0 1
859 0 0 0 0 1
860 0 0 0 0 1
861 0 0 0 0 1
862 0 0 0 0 1
863 0 0 0 0 1
864 0 0 0 0 1
865 0 0 0 0 1
866 0 0 0 0 1
867 0 0 0 0 1
868 0 0 0 0 1
869 0 0 0 0 1
870 0 0 0 0 1
871 0 0 0 0 1
872 0 0 0 0 1
873 0 0 0 0 1
874 0 0 0 0 1
875 0 0 0 0 1
876 0 0 0 0 1
877 0 0 0 0 1
878 0 0 0 0 1
879 0 0 0 0 1
880 0 0 0 0 1
881 0 0 0 0 1
882 0 0 0 0 1
882 0 1 0 1 0
883 0 0 0 0 1
884 0 0 0 0 1
885 0 0 0 0 1
886 0 0 0 0 1
886 0 2 0 2 0
887 0 0 0 0 1
888 0 0 0 0 1
889 0 0 0 0 1
890 0 0 0 0 1
891 0 0 0 0 1
892 0 0 0 0 1
893 0 0 0 0 1
894 0 0 0 0 1
895 0 0 0 0 1
896 0 0 0 0 1
897 0 0 0 0 1
898 0 0 0 0 1
899 0 0 0 0 1
900 0 0 0 0 1
901 0 0 0 0 1
902 0 0 0 0 1
903 0 0 0 0 1
904 0 0 0 0 1
905 0 0 0 0 1
906 0 0 0 0 1
907 0 0 0 0 1
908 0 0 0 0 1
909 0 0 0 0 1
910 0 0 0 0 1
911 0 0 0 0 1
912 0 0 0 0 1
913 0 0 0 0 1
914 0 0 0 0 1
915 0 0 0 0 1
916 0 0 0 0 1
917 0 0 0 0 1
918 0 0 0 0 1
919 0 0 0 0 1
920 0 0 0 0 1
921 0 0 0 0 1
922 0 0 0 0 1
923 0 0 0 0 1
924 0 0 0 0 1
925 0 0 0 0 1
926 0 0 0 0 1
927 0 0 0 0 1
928 0 0 0 0 1
929 0 0 0 0 1
930 0 0 0 0 1
931 0 0 0 0 1
932 0 0 0 0 1
933 0 0 0 0 1
934 0 0 0 0 1
935 0 0 0 0 1
936 0 0 0 0 1
937 0 0 0 0 1
938 0 0 0 0 1
939 0 0 0 0 1
940 0 0 0 0 1
941 0 0 0 0 1
942 0 0 0 0 1
943 0 0 0 0 1
944 0 0 0 0 1
945 0 0 0 0 1
946 0 0 0 0 1
947 0 0 0 0 1
948 0 0 0 0 1
949 0 0 0 0 1
950 0 0 0 0 1
951 0 0 0 0 1
952 0 0 0 0 1
953 0 0 0 0 1
954 0 0 0 0 1
955 0 0 0 0 1
956 0 0 0 0 1
957 0 0 0 0 1
958 0 0 0 0 1
959 0 0 0 0 1
960 0 0 0 0 1
961 0 0 0 0 1
962 0 0 0 0 1
963 0 0 0 0 1
964 0 0 0 0 1
965 0 0 0 0 1
966 0 0 0 0 1
967 0 0 0 0 1
968 0 0 0 0 1
969 0 0 0 0 1
970 0 0 0 0 1
971 0 0 0 0 1
972 0 0 0 0 1
973 0 0 0 0 1
974 0 0 0 0 1
975 0 0 0 0 1
976 0 0 0 0 1
977 0 0 0 0 1
978 0 0 0 0 1
979 0 0 0 0 1
980 0 0 0 0 1
981 0 0 0 0 1
982 0 0 0 0 1
983 0 0 0 0 1
984 0 0 0 0 1
985 0 0 0 0 1
986 0 0 0 0 1
987 0 0 0 0 1
988 0 0 0 0 1
989 0 0 0 0 1
990 0 0 0 0 1
991 0 0 0 0 1
992 0 0 0 0 1
993 0 0 0 0 1
994 0 0 0 0 1
995 0 0 0 0 1
996 0 0 0 0 1
997 0 0 0 0 1
998 0 0 0 0 1
999 0 0 0 0 1
1000 0 0 0 0 1
1001 0 0 0 0 1
1002 0 0 0 0 1
1003 0 0 0 0 1
1004 0 0 0 0 1
1005 0 0 0 0 1
1006 0 0 0 0 1
1007 0 0 0 0 1
1008 0 0 0 0 1
1009 0 0 0 0 1
1010 0 0 0 0 1
1011 0 0 0 0 1
1012 0 0 0 0 1
1013 0 0 0 0 1
1014 0 0 0 0 1
1015 0 0 0 0 1
1016 0 0 0 0 1
1017 0 0 0 0 1
1018 0 0 0 0 1
1019 0 0 0 0 1
1020 0 0 0 0 1
1021 0 0 0 0 1
1022 0 0 0 0 1
1023 0 0 0 0 1
1024 0 0 0 0 1
1025 0 0 0 0 1
1026 0 0 0 0 1
1027 0 0 0 0 1
1028 0 0 0 0 1
1029 0 0 0 0 1
1030 0 0 0 0 1
1031 0 0 0 0 1
1032 0 0 0 0 1
1033 0 0 0 0 1
1034 0 0 0 0 1
1035 0 0 0 0 1
1036 0 0 0 0 1
1037 0 0 0 0 1
1038 0 0 0 0 1
1039 0 0 0 0 1
1040 0 0 0 0 1
1041 0 0 0 0 1
1042 0 0 0 0 1
1043 0 0 0 0 1
1044 0 0 0 0 1
1044 0 1 0 2 0
1045 0 0 0 0 1
1046 0 0 0 0 1
1047 0 0 0 0 1
1048 0 0 0 0 1
1049 0 0 0 0 1
1050 0 0 0 0 1
1051 0 0 0 0 1
1052 0 0 0 0 1
1053 0 0 0 0 1
1054 0 0 0 0 1
1055 0 0 0 0 1
1056 0 0 0 0 1
1057 0 0 0 0 1
1058 0 0 0 0 1
1059 0 0 0 0 1
1060 0 0 0 0 1
1061 0 0 0 0 1
1062 0 0 0 0 1
1063 0 0 0 0 1
1064 0 0 0 0 1
1065 0 0 0 0 1
1066 0 0 0 0 1
1067 0 0 0 0 1
1068 0 0 0 0 1
1069 0 0 0 0 1
1070 0 0 0 0 1
1071 0 0 0 0 1
1072 0 0 0 0 1
1073 0 0 0 0 1
1074 0 0 0 0 1
1075 0 0 0 0 1
1076 0 0 0 0 1
1077 0 0 0 0 1
1078 0 0 0 0 1
1079 0 0 0 0 1
1080 0 0 0 0 1
1081 0 0 0 0 1
1082 0 0 0 0 1
1083 0 0 0 0 1
1084 0 0 0 0 1
1085 0 0 0 0 1
1086 0 0 0 0 1
1087 0 0 0 0 1
1088 0 0 0 0 1
1089 0 0 0 0 1
1090 0 0 0 0 1
1091 0 0 0 0 1
1092 0 0 0 0 1
1093 0 0 0 0 1
1094 0 0 0 0 1
1095 0 0 0 0 1
1096 0 0 0 0 1
1097 0 0 0 0 1
1098 0 0 0 0 1
1099 0 0 0 0 1
1100 0 0 0 0 1
1101 0 0 0 0 1
1102 0 0 0 0 1
1103 0 0 0 0 1
1104 0 0 0 0 1
1105 0 0 0 0 1
1106 0 0 0 0 1
1107 0 0 0 0 1
1108 0 0 0 0 1
1109 0 0 0 0 1
1110 0 0 0 0 1
1111 0 0 0 0 1
1112 0 0 0 0 1
1113 0 0 0 0 1
1114 0 0 0 0 1
1115 0 0 0 0 1
1116 0 0 0 0 1
1117 0 0 0 0 1
1118 0 0 0 0 1
1119 0 0 0 0 1
1120 0 0 0 0 1
1121 0 0 0 0 1
1122 0 0 0 0 1
1123 0 0 0 0 1
1124 0 0 0 0 1
1125 0 0 0 0 1
1126 0 0 0 0 1
1127 0 0 0 0 1
1128 0 0 0 0 1
1129 0 0 0 0 1
1130 0 0 0 0 1
1131 0 0 0 0 1
1132 0 0 0 0 1
1133 0 0 0 0 1
1134 0 0 0 0 1
1135 0 0 0 0 1
1136 0 0 0 0 1
1137 0 0 0 0 1
1138 0 0 0 0 1
1139 0 0 0 0 1
1140 0 0 0 0 1
1141 0 0 0 0 1
1142 0 0 0 0 1
1143 0 0 0 0 1
1144 0 0 0 0 1
1145 0 0 0 0 1
1146 0 0 0 0 1
1147 0 0 0 0 1
1148 0 0 0 0 1
1149 0 0 0 0 1
1150 0 0 0 0 1
1151 0 0 0 0 1
1152 0 0 0 0 1
1153 0 0 0 0 1
1154 0 0 0 0 1
1155 0 0 0 0 1
1156 0 0 0 0 1
1157 0 0 0 0 1
1158 0 0 0 0 1
1159 0 0 0 0 1
1160 0 0 0 0 1
1161 0 0 0 0 1
1162 0 0 0 0 1
1163 0 0 0 0 1
1164 0 0 0 0 1
1165 0 0 0 0 1
1166 0 0 0 0 1
1167 0 0 0 0 1
1168 0 0 0 0 1
1169 0 0 0 0 1
1170 0 0 0 0 1
1171 0 0 0 0 1
1172 0 0 0 0 1
1173 0 0 0 0 1
1174 0 0 0 0 1
1175 0 0 0 0 1
1176 0 0 0 0 1
1177 0 0 0 0 1
1178 0 0 0 0 1
1179 0 0 0 0 1
1180 0 0 0 0 1
1181 0 0 0 0 1
1182 0 0 0 0 1
1183 0 0 0 0 1
1184 0 0 0 0 1
1185 0 0 0 0 1
1186 0 0 0 0 1
1187 0 0 0 0 1
1188 0 0 0 0 1
1189 0 0 0 0 1
1190 0 0 0 0 1
1191 0 0 0 0 1
1192 0 0 0 0 1
1193 0 0 0 0 1
1194 0 0 0 0 1
1195 0 0 0 0 1
1196 0 0 0 0 1
1197 0 0 0 0 1
1198 0 0 0 0 1
1199 0 0 0 0 1
1200 0 0 0 0 1
1201 0 0 0 0 1
1202 0 0 0 0 1
1203 0 0 0 0 1
1204 0 0 0 0 1
1205 0 0 0 0 1
1206 0 0 0 0 1
1207 0 0 0 0 1
1208 0 0 0 0 1
1209 0 0 0 0 1
1210 0 0 0 0 1
1211 0 0 0 0 1
1212 0 0 0 0 1
1213 0 0 0 0 1
1214 0 0 0 0 1
1215 0 0 0 0 1
1216 0 0 0 0 1
1217 0 0 0 0 1
1218 0 0 0 0 1
1219 0 0 0 0 1
1220 0 0 0 0 1
1221 0 0 0 0 1
1222 0 0 0 0 1
1223 0 0 0 0 1
1224 0 0 0 0 1
1225 0 0 0 0 1
1226 0 0 0 0 1
1227 0 0 0 0 1
1228 0 0 0 0 1
1229 0 0 0 0 1
1230 0 0 0 0 1
1231 0 0 0 0 1
1232 0 0 0 0 1
1233 0 0 0 0 1
1234 0 0 0 0 1
1234 0 1 0 2 0
1235 0 0 0 0 1
1236 0 0 0 0 1
1237 0 0 0 0 1
1238 0 0 0 0 1
1239 0 0 0 0 1
1240 0 0 0 0 1
1241 0 0 0 0 1
1242 0 0 0 0 1
1243 0 0 0 0 1
1244 0 0 0 0 1
1245 0 0 0 0 1
1246 0 0 0 0 1
1247 0 0 0 0 1
1248 0 0 0 0 1
1249 0 0 0 0 1
1250 0 0 0 0 1
1251 0 0 0 0 1
1252 0 0 0 0 1
1253 0 0 0 0 1
1254 0 0 0 0 1
1255 0 0 0 0 1
1256 0 0 0 0 1
1257 0 0 0 0 1
1258 0 0 0 0 1
1259 0 0 0 0 1
1260 0 0 0 0 1
1261 0 0 0 0 1
1262 0 0 0 0 1
1263 0 0 0 0 1
1264 0 0 0 0 1
1265 0 0 0 0 1
1266 0 0 0 0 1
1267 0 0 0 0 1
1268 0 0 0 0 1
1269 0 0 0 0 1
1270 0 0 0 0 1
1271 0 0 0 0 1
1272 0 0 0 0 1
1273 0 0 0 0 1
1274 0 0 0 0 1
1275 0 0 0 0 1
1276 0 0 0 0 1
1277 0 0 0 0 1
1277 0 1 0 2 0
1278 0 0 0 0 1
1279 0 0 0 0 1
1280 0 0 0 0 1
1282 1 0 0 1 0
1283 0 0 0 1 0
1283 1 0 0 1 0
1285 1 0 0 1 0
1286 1 0 0 1 0
1287 1 0 0 1 0
1288 1 0 0 1 0
1289 1 0 0 1 0
1291 1 0 0 1 0
1292 0 0 0 2 0
1292 1 0 0 2 0
1293 0 1 0 1 0
1293 1 0 0 1 0
1294 0 0 0 2 0
1294 1 0 0 1 0
1296 1 0 0 1 0
1297 0 0 0 1 0
1297 0 1 0 3 0
1297 1 0 0 1 0
1298 0 0 0 2 0
1298 1 0 0 1 0
1299 0 0 0 1 0
1299 1 0 0 1 0
1301 0 0 0 1 0
1301 1 0 0 1 0
1302 0 0 0 2 0
1302 1 0 0 1 0
1303 0 0 0 2 0
1304 0 0 0 3 0
1304 1 0 0 1 0
1305 1 0 0 1 0
1307 0 0 0 2 0
1307 1 0 0 1 0
1308 0 0 0 2 0
1308 1 0 0 1 0
1309 1 0 0 1 0
1310 0 0 0 2 0
1310 1 0 0 1 0
1311 0 0 0 2 0
1311 1 0 0 1 0
1312 0 0 0 2 0
1312 1 0 0 1 0
1313 0 0 0 2 0
1314 0 1 0 2 0
1314 1 0 0 1 0
1315 0 0 0 1 0
1315 1 0 0 1 0
1316 1 0 0 1 0
1317 1 0 0 1 0
1318 0 0 0 2 0
1318 1 0 0 1 0
1319 0 0 0 2 0
1319 1 0 0 1 0
1320 0 1 0 2 0
1320 1 0 0 1 0
1321 0 0 0 2 0
1321 1 0 0 1 0
1322 0 0 0 2 0
1322 1 0 0 1 0
1323 0 0 0 2 0
1323 1 0 0 1 0
1324 0 0 0 2 0
1324 1 0 0 1 0
1325 0 0 0 2 0
1325 1 0 0 1 0
1326 0 0 0 2 0
1326 1 0 0 1 0
1327 1 0 0 1 0
1328 0 0 0 2 0
1328 1 0 0 1 0
1329 0 0 0 2 0
1329 1 0 0 1 0
1330 0 0 0 2 0
1330 1 0 0 1 0
1331 0 0 0 2 0
1331 0 1 0 2 0
1331 1 0 0 1 0
1332 0 0 0 2 0
1332 1 0 0 1 0
1333 0 1 0 3 0
1333 0 2 0 2 0
1333 1 0 0 1 0
1334 0 0 0 1 0
1334 1 0 0 1 0
1335 0 0 0 2 0
1335 1 0 0 1 0
1336 0 0 0 1 0
1336 1 0 0 1 0
1337 0 0 0 2 0
1337 1 0 0 1 0
1338 0 0 0 2 0
1338 1 0 0 1 0
1339 0 0 0 2 0
1339 1 0 0 1 0
1340 0 0 0 2 0
1340 0 1 0 2 0
1340 1 0 0 1 0
1341 0 0 0 2 0
1341 1 0 0 1 0
1342 0 0 0 2 0
1342 1 0 0 1 0
1343 1 0 0 1 0
1344 0 1 0 3 0
1344 1 0 0 1 0
1345 0 0 0 2 0
1345 1 0 0 1 0
1346 0 0 0 1 0
1346 1 0 0 1 0
1347 0 0 0 2 0
1347 1 0 0 1 0
1348 0 0 0 2 0
1348 1 0 0 1 0
1349 0 0 0 2 0
1349 1 0 0 1 0
1350 0 0 0 2 0
1350 1 0 0 1 0
1351 0 0 0 2 0
1351 1 0 0 1 0
1352 0 0 0 2 0
1352 1 0 0 1 0
1353 1 0 0 1 0
1354 0 0 0 2 0
1354 1 0 0 1 0
1355 0 0 0 2 0
1355 1 0 0 1 0
1356 0 0 0 2 0
1356 0 1 0 2 0
1356 1 0 0 1 0
1357 0 0 0 2 0
1357 1 0 0 1 0
1358 0 0 0 2 0
1358 1 0 0 1 0
1359 0 0 0 2 0
1359 1 0 0 1 0
1360 0 0 0 2 0
1360 1 0 0 1 0
1361 0 0 0 2 0
1361 1 0 0 1 0
1362 0 0 0 2 0
1362 1 0 0 1 0
1363 0 0 0 2 0
1363 0 1 0 2 0
1363 1 0 0 1 0
1364 0 0 0 2 0
1364 1 0 0 1 0
1365 1 0 0 1 0
1366 0 0 0 2 0
1366 1 0 0 1 0
1367 0 0 0 2 0
1367 1 0 0 1 0
1368 0 1 0 3 0
1368 1 0 0 1 0
1369 0 0 0 2 0
1369 1 0 0 1 0
1370 0 0 0 2 0
1370 1 0 0 1 0
1371 0 0 0 2 0
1371 1 0 0 1 0
1372 0 0 0 2 0
1372 1 0 0 1 0
1373 0 0 0 2 0
1373 1 0 0 1 0
1374 0 0 0 2 0
1374 1 0 0 1 0
1375 0 0 0 2 0
1376 0 0 0 2 0
1376 1 0 0 1 0
1377 0 0 0 2 0
1377 1 0 0 1 0
1378 0 0 0 2 0
1378 1 0 0 1 0
1379 0 0 0 2 0
1379 1 0 0 1 0
1380 0 0 0 2 0
1380 1 0 0 1 0
1381 0 0 0 2 0
1381 1 0 0 1 0
1382 0 1 0 3 0
1382 1 0 0 1 0
1383 0 1 0 3 0
1383 1 0 0 1 0
1384 0 0 0 1 0
1384 0 1 0 2 0
1384 1 0 0 1 0
1385 0 0 0 2 0
1385 1 0 0 1 0
1386 0 0 0 2 0
1386 0 1 0 2 0
1386 1 0 0 1 0
1387 0 0 0 1 0
1387 1 0 0 1 0
1388 0 0 0 2 0
1388 1 0 0 1 0
1389 0 0 0 2 0
1389 1 0 0 1 0
1390 0 0 0 2 0
1390 1 0 0 1 0
1391 0 0 0 2 0
1391 1 0 0 1 0
1392 0 0 0 2 0
1392 1 0 0 1 0
1393 0 1 0 2 0
1393 1 0 0 1 0
1394 0 0 0 2 0
1394 1 0 0 1 0
1395 0 0 0 2 0
1395 1 0 0 1 0
1396 0 0 0 2 0
1396 1 0 0 1 0
1397 0 0 0 2 0
1397 1 0 0 1 0
1398 0 0 0 2 0
1398 1 0 0 1 0
1399 0 0 0 2 0
1399 1 0 0 1 0
1400 0 0 0 2 0
1400 1 0 0 1 0
1401 0 0 0 1 0
1401 1 0 0 1 0
1402 0 0 0 1 0
1402 1 0 0 1 0
1403 0 0 0 2 0
1403 1 0 0 1 0
1404 0 0 0 2 0
1404 1 0 0 1 0
1405 0 0 0 2 0
1405 0 1 0 2 0
1405 1 0 0 1 0
1406 0 0 0 2 0
1406 1 0 0 1 0
1407 0 0 0 2 0
1407 1 0 0 1 0
1408 0 0 0 1 0
1408 1 0 0 1 0
1409 0 0 0 2 0
1409 1 0 0 1 0
1410 0 1 0 2 0
1410 1 0 0 1 0
1411 0 0 0 2 0
1411 1 0 0 1 0
1412 0 0 0 2 0
1412 1 0 0 1 0
1413 0 0 0 2 0
1413 1 0 0 1 0
1414 0 0 0 2 0
1414 1 0 0 1 0
1415 0 0 0 2 0
1415 1 0 0 1 0
1416 0 0 0 2 0
1416 1 0 0 1 0
1417 0 1 0 2 0
1417 1 0 0 1 0
1418 1 0 0 1 0
1419 0 0 0 2 0
1419 1 0 0 1 0
1420 0 0 0 2 0
1420 1 0 0 1 0
1421 0 0 0 2 0
1421 1 0 0 1 0
1422 0 0 0 2 0
1422 0 0 0 1 0
1422 1 0 0 1 0
1423 0 0 0 2 0
1423 1 0 0 1 0
1424 1 0 0 1 0
1425 0 0 0 2 0
1425 1 0 0 1 0
1426 0 0 0 2 0
1426 1 0 0 1 0
1427 0 0 0 2 0
1427 0 0 0 1 0
1427 1 0 0 1 0
1428 0 0 0 2 0
1428 1 0 0 1 0
1429 0 0 0 2 0
1429 1 0 0 1 0
1430 0 0 0 2 0
1430 0 0 0 2 0
1431 0 0 0 2 0
1431 1 0 0 1 0
1432 0 0 0 2 0
1432 1 0 0 1 0
1433 0 0 0 2 0
1433 1 0 0 1 0
1434 0 0 0 2 0
1434 1 0 0 1 0
1435 0 0 0 2 0
1436 0 0 0 2 0
1436 1 0 0 1 0
1437 0 0 0 2 0
1437 1 0 0 1 0
1438 0 0 0 2 0
1438 0 0 0 1 0
1438 0 1 0 2 0
1438 1 0 0 1 0
1439 1 0 0 1 0
1440 0 0 0 2 0
1440 1 0 0 1 0
1441 0 0 0 2 0
1441 1 0 0 1 0
1442 0 0 0 2 0
1442 1 0 0 1 0
1443 0 0 0 1 0
1443 1 0 0 1 0
1444 0 1 0 2 0
1444 1 0 0 1 0
1445 0 0 0 2 0
1445 1 0 0 1 0
1446 0 0 0 2 0
1446 1 0 0 1 0
1447 0 0 0 2 0
1447 1 0 0 1 0
1448 0 0 0 2 0
1448 1 0 0 1 0
1449 0 0 0 2 0
1449 1 0 0 1 0
1450 0 0 0 2 0
1450 1 0 0 1 0
1451 0 0 0 2 0
1451 1 0 0 1 0
1452 0 0 0 2 0
1452 0 1 0 2 0
1452 1 0 0 1 0
1453 0 0 0 2 0
1453 1 0 0 1 0
1454 0 0 0 2 0
1454 1 0 0 1 0
1455 0 0 0 2 0
1455 1 0 0 1 0
1456 0 0 0 2 0
1456 1 0 0 1 0
1457 0 0 0 2 0
1457 1 0 0 1 0
1458 0 0 0 2 0
1458 1 0 0 1 0
1459 0 0 0 2 0
1459 1 0 0 1 0
1460 0 1 0 3 0
1460 1 1 0 2 0
1460 1 0 0 1 0
1461 0 0 0 2 0
1461 1 0 0 1 0
1462 0 0 0 2 0
1462 1 0 0 1 0
1463 0 0 0 2 0
1463 1 0 0 1 0
1464 0 0 0 2 0
1464 1 0 0 1 0
1465 1 0 0 1 0
1466 0 0 0 1 0
1466 1 0 0 1 0
1467 0 0 0 1 0
1467 1 0 0 1 0
1468 0 0 0 1 0
1468 1 0 0 1 0
1469 0 0 0 2 0
1469 0 1 0 2 0
1469 1 0 0 1 0
1470 0 0 0 2 0
1470 1 0 0 1 0
1471 0 0 0 2 0
1471 1 0 0 1 0
1472 0 0 0 2 0
1472 1 0 0 1 0
1473 0 0 0 2 0
1473 1 0 0 1 0
1474 0 0 0 2 0
1474 1 0 0 1 0
1475 0 0 0 2 0
1475 1 0 0 1 0
1476 0 0 0 1 0
1476 1 0 0 1 0
1477 0 0 0 2 0
1477 1 0 0 1 0
1478 1 0 0 1 0
1479 0 0 0 2 0
1479 1 0 0 1 0
1480 0 0 0 2 0
1480 1 0 0 1 0
1481 0 0 0 2 0
1481 1 0 0 1 0
1482 0 0 0 2 0
1482 1 0 0 1 0
1483 0 0 0 2 0
1483 1 1 0 3 0
1484 0 0 0 2 0
1484 1 0 0 1 0
1485 0 0 0 2 0
1485 1 0 0 1 0
1486 0 0 0 2 0
1486 1 0 0 1 0
1487 0 0 0 2 0
1487 1 0 0 1 0
1488 0 0 0 2 0
1488 1 0 0 1 0
1489 0 0 0 2 0
1489 1 0 0 1 0
1490 0 0 0 3 0
1490 1 0 0 1 0
1491 0 0 0 2 0
1492 0 0 0 2 0
1492 1 0 0 1 0
1493 0 0 0 2 0
1493 1 0 0 1 0
1494 1 0 0 1 0
1495 0 0 0 2 0
1495 1 0 0 1 0
1496 0 0 0 2 0
1496 1 0 0 1 0
1497 0 0 0 2 0
1497 1 0 0 1 0
1498 0 0 0 2 0
1498 1 0 0 1 0
1499 0 0 0 2 0
1499 1 0 0 1 0
1500 0 0 0 2 0
1500 1 0 0 1 0
1501 0 0 0 2 0
1501 1 0 0 1 0
1502 0 0 0 2 0
1502 1 0 0 1 0
1503 0 0 0 2 0
1503 1 0 0 1 0
1504 0 0 0 2 0
1504 1 0 0 1 0
1505 0 0 0 2 0
1505 1 0 0 1 0
1506 0 0 0 2 0
1506 1 0 0 1 0
1507 0 0 0 2 0
1507 1 0 0 1 0
1508 0 1 0 3 0
1508 1 0 0 1 0
1509 0 0 0 2 0
1509 1 0 0 1 0
1510 0 0 0 2 0
1510 1 0 0 1 0
1511 0 0 0 2 0
1511 1 0 0 1 0
1512 0 1 0 2 0
1513 0 0 0 2 0
1514 0 0 0 2 0
1514 1 0 0 1 0
1515 0 0 0 2 0
1515 1 0 0 1 0
1516 0 0 0 2 0
1516 1 0 0 1 0
1517 0 0 0 2 0
1517 1 0 0 1 0
1518 0 0 0 2 0
1518 1 0 0 1 0
1519 0 0 0 2 0
1519 1 0 0 1 0
1520 0 0 0 2 0
1520 1 0 0 1 0
1521 0 0 0 2 0
1521 1 0 0 1 0
1522 0 0 0 2 0
1522 1 1 0 2 0
1522 1 0 0 1 0
1523 0 0 0 2 0
1523 1 0 0 1 0
1524 0 0 0 4 0
1524 1 0 0 1 0
1525 0 0 0 2 0
1525 1 0 0 1 0
1526 1 0 0 2 0
1527 0 0 0 2 0
1527 1 0 0 1 0
1528 0 0 0 2 0
1528 1 0 0 1 0
1529 0 0 0 2 0
1529 1 0 0 1 0
1530 0 0 0 2 0
1530 1 0 0 1 0
1531 0 0 0 2 0
1531 1 0 0 1 0
1532 0 0 0 2 0
1532 1 0 0 1 0
1533 0 0 0 2 0
1533 1 0 0 1 0
1534 1 0 0 1 0
1535 0 0 0 2 0
1535 1 0 0 1 0
1536 0 0 0 1 0
1536 0 0 0 2 0
1536 1 0 0 1 0
1537 0 0 0 2 0
1537 1 0 0 1 0
1538 0 0 0 2 0
1538 1 0 0 1 0
1539 0 0 0 2 0
1539 1 0 0 1 0
1540 0 0 0 2 0
1540 1 0 0 1 0
1541 0 0 0 2 0
1541 1 0 0 1 0
1542 0 0 0 2 0
1542 1 0 0 1 0
1543 0 0 0 2 0
1543 1 0 0 1 0
1544 0 0 0 2 0
1544 1 0 0 1 0
1545 0 0 0 1 0
1545 1 0 0 1 0
1546 0 0 0 2 0
1546 1 0 0 1 0
1547 0 0 0 2 0
1547 1 0 0 1 0
1548 0 0 0 2 0
1548 1 0 0 1 0
1549 0 0 0 2 0
1549 1 0 0 1 0
1550 0 0 0 2 0
1550 1 0 0 1 0
1551 0 0 0 2 0
1551 1 0 0 1 0
1552 0 0 0 2 0
1552 0 1 0 2 0
1552 1 0 0 1 0
1553 0 1 0 3 0
1553 1 0 0 1 0
1554 0 0 0 2 0
1555 0 0 0 2 0
1555 1 0 0 1 0
1556 0 0 0 2 0
1556 1 0 0 1 0
1557 0 0 0 2 0
1557 1 0 0 1 0
1558 0 0 0 2 0
1558 1 0 0 1 0
1559 0 0 0 2 0
1559 1 0 0 1 0
1560 0 0 0 2 0
1560 1 0 0 1 0
1561 0 0 0 2 0
1561 1 0 0 1 0
1562 0 0 0 2 0
1562 1 0 0 1 0
1563 0 0 0 2 0
1563 1 0 0 1 0
1564 0 0 0 2 0
1564 1 0 0 1 0
1565 0 0 0 2 0
1565 1 0 0 1 0
1566 1 0 0 1 0
1567 0 0 0 2 0
1567 1 0 0 1 0
1568 0 0 0 1 0
1568 1 0 0 1 0
1569 0 0 0 2 0
1569 1 0 0 1 0
1570 0 0 0 2 0
1570 1 0 0 1 0
1571 0 0 0 2 0
1571 1 0 0 1 0
1572 0 0 0 2 0
1572 0 1 0 2 0
1572 1 0 0 1 0
1573 0 0 0 2 0
1573 1 0 0 1 0
1574 0 0 0 2 0
1574 1 0 0 1 0
1575 0 0 0 1 0
1575 1 0 0 1 0
1576 0 0 0 2 0
1576 1 0 0 1 0
1577 0 0 0 2 0
1577 1 0 0 1 0
1578 0 0 0 2 0
1578 1 0 0 1 0
1579 0 0 0 2 0
1579 1 0 0 1 0
1580 0 0 0 2 0
1580 1 0 0 1 0
1581 0 0 0 2 0
1581 1 0 0 1 0
1582 0 0 0 2 0
1582 1 0 0 1 0
1583 0 0 0 2 0
1583 1 0 0 1 0
1584 0 1 0 2 0
1584 1 0 0 2 0
1584 1 0 0 1 0
1585 0 0 0 2 0
1585 1 0 0 1 0
1586 0 0 0 2 0
1586 1 0 0 1 0
1587 1 0 0 1 0
1588 0 0 0 2 0
1588 1 0 0 1 0
1589 0 1 0 2 0
1589 1 0 0 1 0
1590 0 0 0 2 0
1590 1 0 0 1 0
1591 0 0 0 2 0
1591 1 0 0 1 0
1592 0 0 0 2 0
1592 1 0 0 1 0
1593 0 0 0 2 0
1593 1 0 0 1 0
1594 0 0 0 2 0
1594 1 0 0 1 0
1595 0 0 0 2 0
1595 1 0 0 1 0
1596 0 0 0 2 0
1596 0 0 0 1 0
1596 1 0 0 1 0
1597 0 1 0 2 0
1597 1 0 0 1 0
1598 0 0 0 2 0
1598 1 0 0 1 0
1599 1 0 0 1 0
1600 0 0 0 2 0
1600 1 0 0 1 0
1601 0 0 0 2 0
1601 1 0 0 1 0
1602 0 0 0 2 0
1602 1 0 0 1 0
1603 0 0 0 2 0
1603 1 0 0 1 0
1604 0 0 0 2 0
1604 1 0 0 1 0
1605 0 0 0 2 0
1605 1 0 0 1 0
1606 0 0 0 2 0
1606 1 0 0 1 0
1607 0 0 0 2 0
1608 0 0 0 2 0
1608 1 0 0 1 0
1609 0 0 0 2 0
1609 0 1 0 2 0
1609 1 0 0 1 0
1610 0 0 0 2 0
1610 1 0 0 1 0
1611 0 0 0 2 0
1611 1 0 0 1 0
1612 0 0 0 2 0
1612 1 0 0 1 0
1613 0 0 0 2 0
1613 0 1 0 2 0
1613 1 0 0 1 0
1614 0 0 0 2 0
1614 1 0 0 1 0
1615 0 0 0 2 0
1615 1 0 0 1 0
1616 0 0 0 2 0
1616 1 0 0 1 0
1617 0 0 0 1 0
1617 1 0 0 1 0
1618 0 0 0 2 0
1618 1 0 0 1 0
1619 0 0 0 2 0
1619 1 0 0 1 0
1620 0 0 0 2 0
1620 1 0 0 1 0
1621 1 0 0 1 0
1622 0 0 0 2 0
1622 1 0 0 1 0
1623 0 0 0 2 0
1623 1 0 0 1 0
1624 0 0 0 2 0
1624 1 0 0 1 0
1625 0 0 0 1 0
1625 0 0 0 2 0
1625 1 0 0 1 0
1626 0 1 0 2 0
1626 1 0 0 1 0
1627 0 0 0 2 0
1627 1 0 0 1 0
1628 0 0 0 2 0
1628 1 0 0 1 0
1629 0 1 0 2 0
1629 1 0 0 1 0
1630 0 0 0 2 0
1630 1 0 0 1 0
1631 0 0 0 2 0
1631 1 0 0 1 0
1632 0 0 0 3 0
1632 1 0 0 1 0
1633 0 0 0 2 0
1633 1 0 0 1 0
1634 0 0 0 2 0
1634 0 1 0 2 0
1634 1 0 0 1 0
1635 0 1 0 2 0
1635 1 0 0 1 0
1636 0 0 0 2 0
1636 1 0 0 1 0
1637 0 0 0 2 0
1637 1 0 0 1 0
1638 0 0 0 2 0
1638 1 0 0 1 0
1639 0 0 0 2 0
1639 1 0 0 1 0
1640 0 0 0 2 0
1640 1 0 0 1 0
1641 0 1 0 2 0
1641 1 0 0 1 0
1642 0 0 0 2 0
1642 0 1 0 2 0
1642 1 0 0 1 0
1643 1 0 0 1 0
1644 0 0 0 2 0
1644 1 0 0 1 0
1645 0 0 0 2 0
1645 1 0 0 1 0
1646 0 0 0 2 0
1646 1 0 0 1 0
1647 0 1 0 2 0
1647 1 0 0 1 0
1648 0 0 0 2 0
1648 1 0 0 1 0
1649 0 0 0 2 0
1649 1 0 0 1 0
1650 0 0 0 2 0
1650 1 0 0 1 0
1651 0 0 0 2 0
1651 0 0 0 1 0
1651 1 0 0 1 0
1652 0 0 0 2 0
1652 1 0 0 1 0
1653 0 0 0 2 0
1653 1 0 0 1 0
1654 0 0 0 2 0
1654 1 0 0 1 0
1655 0 0 0 2 0
1655 1 0 0 1 0
1656 0 0 0 2 0
1656 1 0 0 1 0
1657 0 0 0 2 0
1657 1 0 0 1 0
1658 0 0 0 2 0
1658 1 0 0 1 0
1659 0 0 0 2 0
1659 1 0 0 1 0
1660 0 0 0 1 0
1660 1 0 0 1 0
1661 0 0 0 2 0
1661 1 0 0 1 0
1662 0 0 0 2 0
1662 1 0 0 1 0
1663 0 0 0 2 0
1663 1 0 0 1 0
1664 0 0 0 2 0
1664 1 0 0 1 0
1665 0 0 0 2 0
1665 1 0 0 1 0
1666 0 0 0 1 0
1666 1 0 0 1 0
1667 0 0 0 1 0
1667 1 0 0 1 0
1668 0 0 0 2 0
1668 1 0 0 1 0
1669 0 0 0 2 0
1669 1 0 0 1 0
1670 0 0 0 2 0
1670 1 0 0 1 0
1671 0 0 0 1 0
1671 1 0 0 1 0
1672 0 0 0 2 0
1672 1 0 0 1 0
1673 0 0 0 2 0
1673 1 0 0 1 0
1674 0 0 0 2 0
1674 1 0 0 1 0
1675 0 0 0 2 0
1675 1 0 0 1 0
1676 0 0 0 2 0
1676 1 0 0 1 0
1677 0 0 0 2 0
1677 1 0 0 1 0
1678 0 0 0 1 0
1678 1 0 0 1 0
1679 0 0 0 2 0
1679 1 0 0 1 0
1679 1 1 0 2 0
1680 0 0 0 1 0
1680 1 0 0 1 0
1681 0 0 0 2 0
1681 1 0 0 1 0
1682 0 0 0 2 0
1682 1 0 0 1 0
1683 0 0 0 2 0
1683 1 0 0 1 0
1684 0 0 0 2 0
1684 1 0 0 1 0
1685 0 0 0 2 0
1685 1 0 0 1 0
1686 0 1 0 2 0
1686 1 0 0 1 0
1687 0 0 0 2 0
1687 1 0 0 1 0
1688 0 0 0 2 0
1688 1 0 0 1 0
1689 0 0 0 2 0
1689 1 0 0 1 0
1690 0 0 0 2 0
1690 1 0 0 1 0
1691 0 0 0 2 0
1691 1 0 0 1 0
1692 0 0 0 2 0
1692 1 0 0 1 0
1693 0 0 0 2 0
1693 1 0 0 1 0
1694 0 0 0 2 0
1694 1 0 0 1 0
1695 0 0 0 2 0
1695 1 0 0 1 0
1696 0 0 0 2 0
1696 1 0 0 1 0
1697 0 0 0 2 0
1697 1 0 0 1 0
1698 0 0 0 1 0
1698 1 0 0 1 0
1699 0 0 0 2 0
1699 1 0 0 1 0
1700 0 0 0 1 0
1700 0 0 0 2 0
1700 1 0 0 1 0
1701 0 0 0 2 0
1701 1 0 0 1 0
1702 0 0 0 2 0
1702 1 0 0 1 0
1703 0 0 0 2 0
1703 1 0 0 1 0
1704 0 0 0 2 0
1704 1 0 0 1 0
1705 0 0 0 2 0
1705 1 0 0 1 0
1706 0 0 0 2 0
1706 1 0 0 1 0
1707 0 0 0 2 0
1707 1 0 0 1 0
1708 0 0 0 2 0
1708 1 0 0 1 0
1709 1 0 0 1 0
1710 0 0 0 2 0
1710 1 0 0 1 0
1711 0 0 0 2 0
1711 1 0 0 1 0
1712 0 0 0 2 0
1712 1 0 0 1 0
1713 0 0 0 2 0
1713 1 0 0 1 0
1714 0 0 0 2 0
1714 1 0 0 1 0
1715 0 0 0 2 0
1715 0 1 0 2 0
1715 1 0 0 1 0
1716 0 0 0 2 0
1716 1 0 0 1 0
1717 0 0 0 2 0
1717 1 0 0 1 0
1718 1 0 0 1 0
1719 0 0 0 2 0
1719 1 0 0 1 0
1720 0 0 0 2 0
1720 1 0 0 1 0
1721 0 0 0 2 0
1721 1 0 0 1 0
1722 0 0 0 2 0
1722 1 0 0 1 0
1723 0 0 0 2 0
1723 1 0 0 1 0
1724 0 0 0 2 0
1724 1 0 0 1 0
1725 0 0 0 2 0
1725 1 0 0 1 0
1726 0 0 0 2 0
1726 1 0 0 1 0
1727 0 0 0 2 0
1727 1 0 0 1 0
1728 0 0 0 2 0
1728 1 0 0 1 0
1729 0 0 0 2 0
1729 1 0 0 1 0
1730 0 0 0 2 0
1730 1 0 0 1 0
1731 0 0 0 2 0
1731 1 0 0 1 0
1732 0 0 0 2 0
1732 1 0 0 1 0
1733 0 0 0 1 0
1733 1 0 0 1 0
1734 0 0 0 2 0
1734 1 0 0 1 0
1735 0 0 0 2 0
1735 1 0 0 1 0
1736 0 0 0 2 0
1736 1 0 0 1 0
1737 0 0 0 2 0
1737 1 0 0 1 0
1738 0 0 0 2 0
1738 1 0 0 1 0
1739 0 0 0 2 0
1739 1 0 0 1 0
1740 0 0 0 2 0
1740 1 0 0 1 0
1741 0 0 0 2 0
1741 1 0 0 1 0
1742 0 0 0 2 0
1742 1 0 0 1 0
1743 0 0 0 2 0
1743 1 0 0 1 0
1744 0 1 0 2 0
1744 1 0 0 1 0
1745 0 0 0 2 0
1745 1 0 0 1 0
1746 0 0 0 2 0
1746 1 0 0 1 0
1747 0 0 0 2 0
1747 1 0 0 1 0
1748 0 0 0 2 0
1748 1 0 0 1 0
1749 0 0 0 2 0
1749 1 0 0 1 0
1750 0 0 0 2 0
1750 1 0 0 1 0
1751 0 0 0 2 0
1751 1 0 0 1 0
1752 0 0 0 2 0
1752 1 0 0 1 0
1753 0 0 0 2 0
1753 1 0 0 1 0
1754 0 0 0 2 0
1754 1 0 0 1 0
1755 0 0 0 2 0
1755 1 0 0 1 0
1756 0 0 0 2 0
1756 1 0 0 1 0
1757 0 0 0 2 0
1757 1 0 0 1 0
1758 0 0 0 2 0
1758 1 0 0 1 0
1759 0 0 0 2 0
1759 1 0 0 1 0
1760 0 0 0 2 0
1760 1 0 0 1 0
1761 0 0 0 2 0
1761 1 0 0 1 0
1762 0 0 0 2 0
1762 1 0 0 1 0
1763 0 0 0 2 0
1763 1 0 0 1 0
1764 0 0 0 2 0
1764 1 0 0 1 0
1765 0 0 0 2 0
1765 1 0 0 1 0
1766 0 0 0 2 0
1766 1 0 0 1 0
1767 0 0 0 2 0
1767 1 0 0 1 0
1768 0 0 0 2 0
1768 1 0 0 1 0
1769 0 1 0 2 0
1769 1 0 0 1 0
1770 0 0 0 2 0
1770 1 0 0 1 0
1771 0 0 0 2 0
1771 1 0 0 1 0
1772 0 0 0 2 0
1772 1 0 0 1 0
1773 0 0 0 2 0
1773 1 0 0 1 0
1774 0 0 0 2 0
1774 1 0 0 1 0
1775 0 0 0 2 0
1775 1 0 0 1 0
1776 0 0 0 2 0
1776 1 0 0 1 0
1777 1 0 0 1 0
1778 0 0 0 2 0
1778 1 0 0 1 0
1779 0 0 0 2 0
1779 1 0 0 1 0
1780 0 0 0 2 0
1780 1 0 0 1 0
1781 0 0 0 2 0
1781 1 0 0 1 0
1782 0 0 0 2 0
1782 1 0 0 1 0
1783 0 0 0 2 0
1783 1 0 0 1 0
1784 0 0 0 2 0
1784 1 0 0 1 0
1785 0 0 0 2 0
1785 1 0 0 1 0
1786 0 0 0 2 0
1786 1 0 0 1 0
1787 0 0 0 2 0
1787 1 0 0 1 0
1788 0 0 0 2 0
1788 1 0 0 1 0
1789 0 0 0 2 0
1789 1 0 0 1 0
1790 0 0 0 2 0
1790 0 1 0 2 0
1790 1 0 0 1 0
1791 0 0 0 2 0
1791 1 0 0 1 0
1792 0 0 0 2 0
1792 1 0 0 1 0
1793 0 0 0 2 0
1793 0 1 0 2 0
1793 1 0 0 1 0
1794 1 0 0 1 0
1795 0 0 0 2 0
1795 1 0 0 1 0
1796 0 0 0 2 0
1796 1 0 0 1 0
1797 0 0 0 2 0
1797 1 0 0 1 0
1798 0 0 0 2 0
1798 1 0 0 1 0
1799 0 0 0 2 0
1799 1 0 0 1 0
1800 0 0 0 2 0
1800 1 0 0 1 0
1801 0 0 0 2 0
1801 1 0 0 1 0
1802 0 0 0 2 0
1802 1 0 0 1 0
1803 0 0 0 2 0
1803 1 0 0 1 0
1804 0 0 0 2 0
1804 1 0 0 1 0
1805 0 0 0 2 0
1805 1 0 0 1 0
1806 0 0 0 2 0
1806 1 0 0 1 0
1807 0 0 0 2 0
1807 1 0 0 1 0
1808 1 0 0 1 0
1809 0 0 0 2 0
1809 1 0 0 1 0
1810 0 0 0 2 0
1810 1 0 0 1 0
1811 0 0 0 2 0
1811 1 0 0 1 0
1812 0 0 0 2 0
1812 1 0 0 1 0
1813 0 0 0 2 0
1813 1 0 0 1 0
1814 0 0 0 2 0
1814 1 0 0 1 0
1815 0 0 0 2 0
1815 1 0 0 1 0
1816 0 0 0 2 0
1816 1 0 0 1 0
1817 0 0 0 2 0
1817 1 0 0 1 0
1818 0 0 0 2 0
1818 1 0 0 1 0
1819 0 0 0 2 0
1819 1 0 0 1 0
1820 0 0 0 2 0
1820 1 0 0 1 0
1821 0 0 0 2 0
1821 1 0 0 1 0
1822 0 0 0 2 0
1822 1 0 0 1 0
1823 0 0 0 2 0
1823 1 0 0 1 0
1824 0 0 0 2 0
1824 1 0 0 1 0
1825 0 0 0 2 0
1825 1 0 0 1 0
1826 0 0 0 2 0
1826 1 0 0 1 0
1827 0 0 0 2 0
1827 1 0 0 1 0
1828 0 0 0 2 0
1828 1 0 0 1 0
1829 0 0 0 2 0
1829 1 0 0 1 0
1830 0 0 0 2 0
1830 1 0 0 1 0
1831 0 0 0 2 0
1831 1 0 0 1 0
1832 0 0 0 2 0
1832 1 0 0 1 0
1833 0 0 0 2 0
1833 1 0 0 1 0
1834 0 0 0 2 0
1834 1 0 0 1 0
1835 0 0 0 2 0
1835 1 0 0 1 0
1836 0 0 0 2 0
1836 1 0 0 1 0
1837 0 0 0 2 0
1837 1 0 0 1 0
1838 0 0 0 2 0
1838 1 0 0 1 0
1839 0 1 0 2 0
1839 0 0 0 2 0
1839 1 0 0 1 0
1840 0 0 0 2 0
1840 1 0 0 1 0
1841 0 0 0 2 0
1841 1 0 0 1 0
1842 0 0 0 2 0
1842 1 0 0 1 0
1843 0 0 0 2 0
1843 1 0 0 1 0
1844 0 0 0 2 0
1844 1 0 0 1 0
1845 0 0 0 2 0
1845 1 0 0 1 0
1846 0 0 0 1 0
1846 1 0 0 1 0
1847 0 0 0 2 0
1847 1 0 0 1 0
1848 0 0 0 2 0
1848 1 0 0 1 0
1849 0 0 0 1 0
1849 1 0 0 1 0
1850 0 0 0 2 0
1850 1 0 0 1 0
1851 0 0 0 2 0
1851 1 0 0 1 0
1852 0 0 0 2 0
1852 1 0 0 1 0
1853 0 0 0 2 0
1853 0 0 0 1 0
1853 1 0 0 1 0
1854 0 0 0 2 0
1854 1 0 0 1 0
1855 0 0 0 2 0
1855 1 0 0 1 0
1856 0 0 0 2 0
1856 1 0 0 1 0
1857 0 0 0 1 0
1857 1 0 0 1 0
1858 0 0 0 2 0
1858 1 0 0 1 0
1859 0 0 0 2 0
1859 1 0 0 1 0
1860 0 0 0 2 0
1860 1 0 0 1 0
1861 0 0 0 2 0
1861 1 0 0 1 0
1862 0 0 0 2 0
1862 1 0 0 1 0
1863 0 0 0 2 0
1863 1 0 0 1 0
1864 0 0 0 2 0
1864 1 0 0 1 0
1865 0 0 0 2 0
1865 1 0 0 1 0
1866 0 0 0 2 0
1866 1 0 0 1 0
1867 0 0 0 2 0
1867 1 0 0 1 0
1868 0 0 0 1 0
1868 1 0 0 1 0
1869 0 0 0 2 0
1869 1 0 0 1 0
1870 0 0 0 2 0
1870 1 0 0 1 0
1871 0 0 0 2 0
1871 1 0 0 1 0
1872 0 0 0 2 0
1872 1 0 0 1 0
1873 0 0 0 2 0
1873 1 0 0 1 0
1874 0 0 0 2 0
1874 1 0 0 1 0
1875 0 0 0 2 0
1875 1 0 0 1 0
1876 0 0 0 2 0
1876 1 0 0 1 0
1877 0 0 0 2 0
1877 1 0 0 1 0
1878 0 0 0 2 0
1878 1 0 0 1 0
1879 0 0 0 2 0
1879 1 0 0 1 0
1880 0 0 0 2 0
1880 1 0 0 1 0
1881 0 0 0 2 0
1881 1 0 0 1 0
1882 0 0 0 2 0
1882 1 0 0 1 0
1883 0 0 0 2 0
1883 1 0 0 1 0
1884 0 0 0 2 0
1884 1 0 0 1 0
1885 0 0 0 2 0
1885 1 0 0 1 0
1886 0 0 0 2 0
1886 1 0 0 1 0
1887 0 0 0 2 0
1887 1 0 0 1 0
1888 0 0 0 2 0
1888 1 0 0 1 0
1889 0 0 0 2 0
1889 1 0 0 1 0
1890 0 0 0 2 0
1890 1 0 0 1 0
1891 0 0 0 2 0
1891 1 0 0 1 0
1892 0 0 0 2 0
1892 1 0 0 1 0
1893 0 0 0 2 0
1893 1 0 0 1 0
1894 0 0 0 2 0
1894 1 0 0 1 0
1895 0 0 0 2 0
1895 1 0 0 1 0
1896 0 0 0 2 0
1896 1 0 0 1 0
1897 0 0 0 2 0
1897 1 0 0 1 0
1898 0 0 0 2 0
1898 1 0 0 1 0
1899 0 0 0 2 0
1899 1 0 0 1 0
1900 0 0 0 2 0
1900 1 0 0 1 0
1901 0 0 0 2 0
1901 1 0 0 1 0
1902 0 0 0 2 0
1902 1 0 0 1 0
1903 0 0 0 2 0
1903 1 0 0 1 0
1904 0 0 0 2 0
1904 1 0 0 1 0
1905 0 0 0 2 0
1905 1 0 0 1 0
1906 0 0 0 2 0
1906 1 0 0 1 0
1907 0 0 0 2 0
1907 1 0 0 1 0
1908 0 0 0 2 0
1908 1 0 0 1 0
1909 0 0 0 2 0
1909 1 0 0 1 0
1910 0 0 0 2 0
1910 1 0 0 1 0
1911 0 0 0 2 0
1911 1 0 0 1 0
1912 0 0 0 2 0
1912 1 0 0 1 0
1913 0 0 0 2 0
1913 1 0 0 1 0
1914 0 0 0 2 0
1914 1 0 0 1 0
1915 0 0 0 2 0
1915 1 0 0 1 0
1916 0 0 0 2 0
1916 1 0 0 1 0
1917 0 0 0 2 0
1917 0 0 0 2 0
1917 1 0 0 1 0
1918 0 0 0 2 0
1918 1 0 0 1 0
1919 0 0 0 2 0
1919 1 0 0 1 0
1920 0 0 0 3 0
1920 1 0 0 1 0
1921 0 0 0 2 0
1921 1 0 0 1 0
1922 0 0 0 2 0
1922 1 1 0 2 0
1922 1 0 0 1 0
1923 0 0 0 2 0
1923 1 0 0 1 0
1924 0 0 0 2 0
1924 1 0 0 1 0
1925 0 0 0 2 0
1925 1 0 0 1 0
1926 0 0 0 2 0
1926 1 0 0 1 0
1927 0 0 0 2 0
1927 1 0 0 1 0
1928 0 0 0 2 0
1928 1 0 0 1 0
1929 0 0 0 2 0
1929 1 0 0 1 0
1930 0 0 0 2 0
1930 1 0 0 1 0
1931 0 0 0 2 0
1931 1 0 0 1 0
1932 0 0 0 2 0
1932 0 0 0 2 0
1932 1 0 0 1 0
1933 0 0 0 2 0
1933 1 0 0 1 0
1934 0 0 0 2 0
1934 1 0 0 1 0
1935 0 0 0 2 0
1935 1 0 0 1 0
1936 0 0 0 2 0
1936 1 0 0 1 0
1937 0 0 0 2 0
1937 1 0 0 1 0
1938 0 0 0 2 0
1938 1 0 0 1 0
1939 0 0 0 2 0
1939 1 0 0 1 0
1940 0 0 0 2 0
1940 1 0 0 1 0
1941 0 0 0 2 0
1941 1 0 0 1 0
1942 0 0 0 2 0
1942 1 0 0 1 0
1943 0 0 0 2 0
1943 1 0 0 1 0
1944 0 0 0 2 0
1944 1 0 0 1 0
1945 0 0 0 2 0
1945 1 0 0 1 0
1946 0 0 0 2 0
1946 1 0 0 1 0
1947 0 0 0 2 0
1947 1 0 0 1 0
1948 0 0 0 2 0
1948 1 0 0 1 0
1949 0 0 0 1 0
1949 1 0 0 1 0
1950 0 0 0 2 0
1950 1 0 0 1 0
1951 0 0 0 2 0
1951 1 0 0 1 0
1952 0 0 0 2 0
1952 1 0 0 1 0
1953 0 0 0 2 0
1953 1 0 0 1 0
1954 0 0 0 2 0
1954 1 0 0 1 0
1955 0 0 0 2 0
1955 1 0 0 1 0
1956 0 0 0 1 0
1956 1 0 0 1 0
1957 0 0 0 2 0
1957 1 0 0 1 0
1958 0 0 0 2 0
1958 1 0 0 1 0
1959 0 0 0 2 0
1959 1 0 0 1 0
1960 0 0 0 2 0
1960 1 0 0 1 0
1961 0 0 0 2 0
1961 1 0 0 1 0
1962 0 0 0 2 0
1962 1 0 0 1 0
1963 0 0 0 2 0
1963 1 0 0 1 0
1964 0 0 0 2 0
1964 1 0 0 1 0
1965 0 0 0 2 0
1965 1 0 0 1 0
1966 0 0 0 2 0
1966 1 0 0 1 0
1967 0 0 0 2 0
1967 1 0 0 1 0
1968 0 0 0 2 0
1968 1 0 0 1 0
1969 0 0 0 2 0
1969 1 0 0 1 0
1970 0 0 0 2 0
1970 1 0 0 1 0
1971 0 0 0 2 0
1971 1 0 0 1 0
1972 0 0 0 2 0
1972 1 0 0 1 0
1973 0 0 0 2 0
1973 1 0 0 1 0
1974 0 0 0 2 0
1974 1 0 0 1 0
1975 0 0 0 2 0
1975 1 0 0 1 0
1976 0 0 0 2 0
1976 1 0 0 1 0
1977 0 0 0 2 0
1977 1 0 0 1 0
1978 0 0 0 2 0
1978 1 0 0 1 0
1979 0 0 0 2 0
1979 1 0 0 1 0
1980 0 0 0 2 0
1980 1 0 0 1 0
1981 0 0 0 2 0
1981 1 0 0 1 0
1982 0 0 0 2 0
1982 1 0 0 1 0
1983 0 0 0 2 0
1983 1 0 0 1 0
1984 0 0 0 2 0
1984 1 0 0 1 0
1985 0 0 0 2 0
1985 1 0 0 1 0
1986 0 0 0 2 0
1986 1 0 0 1 0
1987 0 0 0 2 0
1987 1 0 0 1 0
1988 0 0 0 2 0
1988 1 0 0 1 0
1989 0 0 0 2 0
1989 1 0 0 1 0
1990 0 0 0 2 0
1990 1 0 0 1 0
1991 0 0 0 2 0
1991 1 0 0 1 0
1992 0 0 0 2 0
1992 1 0 0 1 0
1993 0 0 0 2 0
1993 1 0 0 1 0
1994 0 0 0 2 0
1994 1 0 0 1 0
1995 0 0 0 2 0
1995 1 0 0 1 0
1996 0 0 0 2 0
1996 1 0 0 1 0
1997 0 0 0 2 0
1997 1 0 0 1 0
1998 0 0 0 2 0
1998 1 0 0 1 0
1999 0 0 0 2 0
1999 1 0 0 1 0
2000 0 0 0 2 0
2000 1 0 0 1 0
2001 0 0 0 2 0
2001 1 0 0 1 0
2002 0 0 0 2 0
2002 1 0 0 1 0
2003 0 0 0 2 0
2003 1 0 0 1 0
2004 0 0 0 2 0
2004 1 0 0 1 0
2005 0 0 0 2 0
2005 1 0 0 1 0
2006 0 0 0 2 0
2006 1 0 0 1 0
2007 0 0 0 2 0
2007 1 0 0 1 0
2008 0 0 0 2 0
2008 1 0 0 1 0
2009 0 0 0 2 0
2009 1 0 0 1 0
2010 0 0 0 2 0
2010 1 0 0 1 0
2011 0 0 0 2 0
2011 1 0 0 1 0
2012 0 0 0 2 0
2012 1 0 0 1 0
2013 0 0 0 2 0
2013 1 0 0 1 0
2014 0 0 0 2 0
2014 1 0 0 1 0
2015 0 0 0 2 0
2015 1 0 0 1 0
2016 0 0 0 2 0
2016 1 0 0 1 0
2017 0 0 0 2 0
2017 1 0 0 1 0
2018 0 0 0 2 0
2018 1 0 0 1 0
2019 0 0 0 2 0
2019 1 0 0 1 0
2020 0 0 0 2 0
2020 1 0 0 1 0
2021 0 0 0 2 0
2021 1 0 0 1 0
2022 0 0 0 2 0
2022 1 0 0 1 0
2023 0 0 0 2 0
2023 1 0 0 1 0
2024 0 0 0 2 0
2024 1 0 0 1 0
2025 0 0 0 2 0
2025 1 0 0 1 0
2026 0 0 0 2 0
2026 1 0 0 1 0
2027 0 0 0 2 0
2027 1 0 0 1 0
2028 0 0 0 2 0
2028 1 0 0 1 0
2029 0 0 0 2 0
2029 1 0 0 1 0
2030 0 0 0 2 0
2030 1 0 0 1 0
2031 0 0 0 2 0
2031 1 0 0 1 0
2032 0 0 0 2 0
2032 1 0 0 1 0
2033 0 0 0 2 0
2033 1 0 0 1 0
2034 0 0 0 2 0
2034 1 0 0 1 0
2035 0 0 0 2 0
2035 1 0 0 1 0
2036 0 0 0 2 0
2036 1 0 0 1 0
2037 0 0 0 2 0
2037 1 0 0 1 0
2038 0 0 0 2 0
2038 1 0 0 1 0
2039 0 0 0 2 0
2039 1 0 0 1 0
2040 0 0 0 2 0
2040 1 0 0 1 0
2041 0 0 0 2 0
2041 1 0 0 1 0
2042 0 0 0 1 0
2042 1 0 0 1 0
2043 0 0 0 2 0
2043 1 0 0 1 0
2044 0 0 0 2 0
2044 1 0 0 1 0
2045 0 0 0 2 0
2045 1 0 0 1 0
2046 0 0 0 3 0
2046 1 0 0 1 0
2047 0 0 0 2 0
2047 1 0 0 1 0
2048 0 0 0 2 0
2048 1 0 0 1 0
2049 0 0 0 2 0
2049 1 0 0 1 0
2050 0 0 0 2 0
2050 1 0 0 1 0
2051 0 0 0 2 0
2051 1 0 0 1 0
2052 0 0 0 2 0
2052 1 0 0 1 0
2053 0 0 0 2 0
2053 1 0 0 1 0
2054 0 1 0 2 0
2054 0 0 0 1 0
2054 1 0 0 1 0
2055 0 0 0 2 0
2055 1 0 0 1 0
2056 0 0 0 2 0
2056 1 0 0 1 0
2057 0 0 0 2 0
2057 1 0 0 1 0
2058 0 0 0 2 0
2058 1 0 0 1 0
2059 0 0 0 2 0
2059 1 0 0 1 0
2060 0 0 0 2 0
2060 1 0 0 1 0
2061 0 0 0 2 0
2061 1 0 0 1 0
2062 0 0 0 2 0
2062 1 0 0 1 0
2063 0 0 0 2 0
2063 1 0 0 1 0
2064 0 0 0 2 0
2064 1 0 0 1 0
2065 0 0 0 2 0
2065 1 0 0 1 0
2066 0 0 0 2 0
2066 1 0 0 1 0
2067 0 0 0 2 0
2067 1 0 0 1 0
2068 0 0 0 2 0
2068 1 0 0 1 0
2069 0 0 0 2 0
2069 1 0 0 1 0
2070 0 0 0 2 0
2070 1 0 0 1 0
2071 0 0 0 2 0
2071 1 0 0 1 0
2072 0 0 0 2 0
2072 1 0 0 1 0
2073 0 0 0 2 0
2073 1 0 0 1 0
2074 0 0 0 2 0
2074 1 0 0 1 0
2075 0 0 0 2 0
2075 1 0 0 1 0
2076 0 0 0 2 0
2076 1 0 0 1 0
2077 0 0 0 2 0
2077 1 0 0 1 0
2078 0 0 0 2 0
2078 1 0 0 1 0
2079 0 0 0 2 0
2079 1 0 0 1 0
2080 0 0 0 2 0
2080 1 0 0 1 0
2081 0 0 0 2 0
2081 1 0 0 1 0
2082 0 0 0 2 0
2082 1 0 0 1 0
2083 0 0 0 2 0
2083 1 0 0 1 0
2084 0 0 0 2 0
2084 1 0 0 1 0
2085 0 0 0 2 0
2085 1 0 0 1 0
2086 0 0 0 2 0
2086 1 0 0 1 0
2087 0 0 0 1 0
2087 1 0 0 1 0
2088 0 0 0 2 0
2088 1 0 0 1 0
2089 0 0 0 2 0
2089 1 0 0 1 0
2090 0 0 0 2 0
2090 1 0 0 1 0
2091 0 0 0 2 0
2091 1 0 0 1 0
2092 0 0 0 2 0
2092 1 0 0 1 0
2093 0 0 0 2 0
2093 1 0 0 1 0
2094 0 0 0 2 0
2094 1 0 0 1 0
2095 0 0 0 2 0
2095 1 0 0 1 0
2096 0 0 0 2 0
2096 1 0 0 1 0
2097 0 0 0 2 0
2097 1 0 0 1 0
2098 0 0 0 2 0
2098 1 0 0 1 0
2099 0 0 0 2 0
2099 1 0 0 1 0
2100 0 0 0 2 0
2100 1 0 0 1 0
2101 0 0 0 2 0
2101 1 0 0 1 0
2102 0 0 0 2 0
2102 1 0 0 1 0
2103 0 0 0 2 0
2103 1 0 0 1 0
2104 0 0 0 2 0
2104 1 0 0 1 0
2105 0 0 0 2 0
2105 1 0 0 1 0
2106 0 0 0 2 0
2106 1 0 0 1 0
2107 0 0 0 2 0
2107 1 0 0 1 0
2108 0 0 0 2 0
2108 1 0 0 1 0
2109 0 0 0 2 0
2109 1 0 0 1 0
2110 0 0 0 2 0
2110 1 0 0 1 0
2111 0 0 0 2 0
2111 1 0 0 1 0
2112 0 0 0 2 0
2112 1 0 0 1 0
2113 0 0 0 2 0
2113 1 0 0 1 0
2114 0 0 0 2 0
2114 1 0 0 1 0
2115 0 0 0 2 0
2115 1 0 0 1 0
2116 0 0 0 2 0
2116 1 0 0 1 0
2117 0 0 0 2 0
2117 1 0 0 1 0
2118 0 0 0 2 0
2118 1 0 0 1 0
2119 0 0 0 2 0
2119 1 0 0 1 0
2120 0 0 0 2 0
2120 1 0 0 1 0
2121 0 0 0 2 0
2121 1 0 0 1 0
2122 0 0 0 2 0
2122 1 0 0 1 0
2123 0 0 0 2 0
2123 1 0 0 1 0
2124 0 0 0 2 0
2124 1 0 0 1 0
2125 0 0 0 2 0
2125 1 0 0 1 0
2126 0 0 0 2 0
2126 1 0 0 1 0
2127 0 0 0 2 0
2127 1 0 0 1 0
2128 0 0 0 2 0
2128 1 0 0 1 0
2129 0 0 0 2 0
2129 1 0 0 1 0
2130 0 0 0 2 0
2130 1 0 0 1 0
2131 0 0 0 2 0
2131 1 0 0 1 0
2132 0 0 0 2 0
2132 1 0 0 1 0
2133 0 0 0 2 0
2133 1 0 0 1 0
2134 0 0 0 2 0
2134 1 0 0 1 0
2135 0 0 0 2 0
2135 1 0 0 1 0
2136 0 0 0 1 0
2136 1 0 0 1 0
2137 0 0 0 2 0
2137 1 0 0 1 0
2138 0 0 0 2 0
2138 1 0 0 1 0
2139 0 0 0 2 0
2139 1 0 0 1 0
2140 0 0 0 2 0
2140 1 0 0 1 0
2141 0 0 0 2 0
2141 1 0 0 1 0
2142 0 0 0 2 0
2142 1 0 0 1 0
2143 0 0 0 2 0
2143 1 0 0 1 0
2144 0 0 0 2 0
2144 1 0 0 1 0
2145 0 0 0 2 0
2145 1 0 0 1 0
2146 0 0 0 2 0
2146 1 0 0 1 0
2147 0 0 0 2 0
2147 1 0 0 1 0
2148 0 0 0 2 0
2148 1 0 0 1 0
2149 0 0 0 2 0
2149 1 0 0 1 0
2150 0 0 0 2 0
2150 1 0 0 1 0
2151 0 0 0 2 0
2151 1 0 0 1 0
2152 0 0 0 2 0
2152 1 0 0 1 0
2153 0 0 0 2 0
2153 1 0 0 1 0
2154 0 0 0 2 0
2154 1 0 0 1 0
2155 0 0 0 2 0
2155 1 0 0 1 0
2156 0 0 0 2 0
2156 1 0 0 1 0
2157 0 0 0 2 0
2157 1 0 0 1 0
2158 0 0 0 2 0
2158 1 0 0 1 0
2159 0 0 0 2 0
2159 1 0 0 1 0
2160 0 0 0 3 0
2160 1 0 0 1 0
2161 0 0 0 2 0
2161 1 0 0 1 0
2162 0 0 0 2 0
2162 1 0 0 1 0
2163 0 0 0 2 0
2163 1 0 0 1 0
2164 0 0 0 2 0
2164 1 0 0 1 0
2165 0 0 0 2 0
2165 1 0 0 1 0
2166 0 0 0 2 0
2166 1 0 0 1 0
2167 0 0 0 2 0
2167 1 0 0 1 0
2168 0 0 0 2 0
2168 1 0 0 1 0
2169 0 0 0 2 0
2169 1 0 0 1 0
2170 0 0 0 2 0
2170 1 0 0 1 0
2171 0 0 0 2 0
2171 1 0 0 1 0
2172 0 0 0 2 0
2172 1 0 0 1 0
2173 0 0 0 2 0
2173 1 0 0 1 0
2174 0 0 0 2 0
2174 1 0 0 1 0
2175 0 0 0 2 0
2175 1 0 0 1 0
2176 0 0 0 2 0
2176 1 0 0 1 0
2177 0 0 0 2 0
2177 1 0 0 1 0
2178 0 0 0 2 0
2178 1 0 0 1 0
2179 0 0 0 2 0
2179 1 0 0 1 0
2180 0 0 0 2 0
2180 1 0 0 1 0
2181 0 0 0 2 0
2181 1 0 0 1 0
2182 0 0 0 2 0
2182 1 0 0 1 0
2183 0 0 0 2 0
2183 1 0 0 1 0
2184 0 0 0 2 0
2184 1 0 0 1 0
2185 0 0 0 2 0
2185 1 0 0 1 0
2186 0 0 0 2 0
2186 1 0 0 1 0
2187 0 0 0 2 0
2187 1 0 0 1 0
2188 0 0 0 2 0
2188 1 0 0 1 0
2189 0 0 0 2 0
2189 1 0 0 1 0
2190 0 0 0 2 0
2190 1 0 0 1 0
2191 0 0 0 2 0
2191 1 0 0 1 0
2192 0 0 0 2 0
2192 1 0 0 1 0
2193 0 0 0 2 0
2193 1 0 0 1 0
2194 0 0 0 2 0
2194 1 0 0 1 0
2195 0 0 0 2 0
2195 1 0 0 1 0
2196 0 0 0 2 0
2196 1 0 0 1 0
2197 0 0 0 2 0
2197 1 0 0 1 0
2198 0 1 0 3 0
2198 1 0 0 1 0
2199 0 0 0 2 0
2199 1 0 0 1 0
2200 0 0 0 2 0
2200 0 1 0 2 0
2200 1 0 0 1 0
2201 0 0 0 2 0
2201 1 0 0 1 0
2202 0 0 0 2 0
2202 1 0 0 1 0
2203 0 0 0 2 0
2203 1 0 0 1 0
2204 0 0 0 2 0
2204 1 0 0 1 0
2205 0 0 0 1 0
2205 1 0 0 1 0
2206 0 0 0 2 0
2206 1 0 0 1 0
2207 0 1 0 2 0
2207 1 0 0 1 0
2208 0 0 0 2 0
2208 1 0 0 1 0
2209 0 0 0 2 0
2209 1 0 0 1 0
2210 0 0 0 2 0
2210 1 0 0 1 0
2211 0 0 0 2 0
2211 1 0 0 1 0
2212 0 0 0 1 0
2212 1 0 0 1 0
2213 0 0 0 2 0
2213 1 0 0 1 0
2214 0 0 0 2 0
2214 1 0 0 1 0
2215 0 0 0 2 0
2215 1 0 0 1 0
2216 0 0 0 2 0
2216 1 0 0 1 0
2217 0 0 0 2 0
2217 1 0 0 1 0
2218 0 0 0 2 0
2218 1 0 0 1 0
2219 0 0 0 2 0
2219 1 0 0 1 0
2220 0 0 0 2 0
2220 1 0 0 1 0
2221 0 0 0 1 0
2221 0 1 0 2 0
2221 1 0 0 1 0
2222 0 0 0 2 0
2222 1 0 0 1 0
2223 0 0 0 2 0
2223 1 0 0 1 0
2224 0 0 0 2 0
2224 1 0 0 1 0
2225 0 0 0 2 0
2225 1 0 0 1 0
2226 0 0 0 2 0
2226 1 0 0 1 0
2227 0 0 0 2 0
2227 1 0 0 1 0
2228 0 0 0 2 0
2228 1 0 0 1 0
2229 0 0 0 2 0
2229 1 0 0 1 0
2230 0 0 0 2 0
2230 1 0 0 1 0
2231 0 0 0 2 0
2231 1 0 0 1 0
2232 0 0 0 2 0
2232 1 0 0 1 0
2233 0 0 0 2 0
2233 1 0 0 1 0
2234 0 0 0 2 0
2234 1 0 0 1 0
2235 0 0 0 2 0
2235 1 0 0 1 0
2236 0 0 0 2 0
2236 1 0 0 1 0
2237 0 0 0 2 0
2237 1 0 0 1 0
2238 0 0 0 2 0
2238 1 0 0 1 0
2239 0 0 0 2 0
2239 1 0 0 1 0
2240 0 0 0 2 0
2240 1 0 0 1 0
2241 0 0 0 2 0
2241 1 0 0 1 0
2242 0 0 0 2 0
2242 1 0 0 1 0
2243 0 0 0 2 0
2243 1 0 0 1 0
2244 0 0 0 2 0
2244 1 0 0 1 0
2245 0 0 0 2 0
2245 1 0 0 1 0
2246 0 0 0 2 0
2246 1 0 0 1 0
2247 0 0 0 2 0
2247 1 0 0 1 0
2248 0 0 0 2 0
2248 0 1 0 2 0
2248 1 0 0 1 0
2249 0 0 0 2 0
2249 1 0 0 1 0
2250 0 0 0 2 0
2250 1 0 0 1 0
2251 0 0 0 2 0
2251 1 0 0 1 0
2252 0 0 0 2 0
2252 1 0 0 1 0
2253 0 0 0 2 0
2253 1 0 0 1 0
2254 0 0 0 2 0
2254 1 0 0 1 0
2255 1 0 0 1 0
2256 0 0 0 2 0
2256 1 0 0 1 0
2257 0 0 0 2 0
2257 1 0 0 1 0
2258 0 0 0 1 0
2258 0 1 0 2 0
2258 1 0 0 1 0
2259 0 0 0 2 0
2259 1 0 0 1 0
2260 0 0 0 2 0
2260 1 0 0 1 0
2261 0 0 0 2 0
2261 1 0 0 1 0
2262 0 0 0 2 0
2262 1 0 0 1 0
2263 0 0 0 2 0
2263 1 0 0 1 0
2264 0 0 0 2 0
2264 1 0 0 1 0
2265 0 0 0 2 0
2265 1 0 0 1 0
2266 0 0 0 2 0
2266 1 0 0 1 0
2267 0 0 0 2 0
2267 1 0 0 1 0
2268 0 0 0 2 0
2268 1 0 0 1 0
2269 0 0 0 2 0
2269 1 0 0 1 0
2270 0 0 0 2 0
2270 1 0 0 1 0
2271 0 0 0 2 0
2271 1 0 0 1 0
2272 0 0 0 2 0
2272 1 0 0 1 0
2273 0 0 0 2 0
2273 1 0 0 1 0
2274 0 0 0 2 0
2274 1 0 0 1 0
2275 0 0 0 2 0
2275 1 0 0 1 0
2276 0 0 0 2 0
2276 1 0 0 1 0
2277 0 0 0 1 0
2277 1 0 0 1 0
2277 1 0 0 1 0
2278 0 0 0 2 0
2278 1 0 0 1 0
2279 0 0 0 2 0
2279 1 0 0 1 0
2280 0 0 0 2 0
2280 1 0 0 1 0
2281 0 0 0 2 0
2281 1 0 0 1 0
2282 0 0 0 2 0
2282 1 0 0 1 0
2283 0 0 0 2 0
2283 1 0 0 1 0
2284 0 0 0 2 0
2284 1 0 0 1 0
2285 0 0 0 2 0
2285 1 0 0 1 0
2286 0 0 0 2 0
2286 1 0 0 1 0
2287 0 0 0 2 0
2287 1 0 0 1 0
2288 0 0 0 2 0
2288 1 0 0 1 0
2289 0 0 0 2 0
2289 1 0 0 1 0
2290 0 0 0 2 0
2290 1 0 0 1 0
2291 0 0 0 2 0
2291 1 0 0 1 0
2292 0 0 0 2 0
2292 1 0 0 1 0
2293 0 0 0 2 0
2293 1 0 0 1 0
2294 0 0 0 2 0
2294 1 0 0 1 0
2295 0 0 0 2 0
2295 1 0 0 1 0
2296 0 0 0 2 0
2296 1 0 0 1 0
2297 0 0 0 2 0
2297 1 0 0 1 0
2298 0 0 0 2 0
2298 1 0 0 1 0
2299 0 0 0 2 0
2299 1 0 0 1 0
2300 0 0 0 2 0
2300 1 0 0 1 0
2301 0 0 0 2 0
2301 1 0 0 1 0
2302 0 0 0 2 0
2302 1 0 0 1 0
2303 0 0 0 2 0
2303 1 0 0 1 0
2304 0 0 0 2 0
2304 1 0 0 1 0
2305 0 0 0 2 0
2305 1 0 0 1 0
2306 0 0 0 2 0
2306 1 0 0 1 0
2307 0 0 0 2 0
2307 1 0 0 1 0
2308 0 0 0 2 0
2308 1 0 0 1 0
2309 0 0 0 2 0
2309 1 0 0 1 0
2310 0 0 0 2 0
2310 1 0 0 1 0
2311 0 0 0 2 0
2311 1 0 0 1 0
2312 0 0 0 2 0
2312 1 0 0 1 0
2313 0 0 0 2 0
2313 1 0 0 1 0
2314 0 0 0 2 0
2314 1 0 0 1 0
2315 0 0 0 2 0
2315 1 0 0 1 0
2316 0 0 0 2 0
2316 1 0 0 1 0
2317 0 0 0 2 0
2317 1 0 0 1 0
2318 0 0 0 1 0
2318 1 0 0 1 0
2319 0 0 0 2 0
2319 1 0 0 1 0
2320 0 0 0 2 0
2320 1 0 0 1 0
2321 0 0 0 2 0
2321 1 0 0 1 0
2322 0 0 0 2 0
2322 1 0 0 1 0
2323 0 0 0 2 0
2323 1 0 0 1 0
2324 0 0 0 2 0
2324 1 0 0 1 0
2325 0 0 0 2 0
2325 1 0 0 1 0
2326 0 0 0 3 0
2326 1 0 0 1 0
2327 0 0 0 2 0
2327 1 0 0 1 0
2328 0 0 0 2 0
2328 1 0 0 1 0
2329 0 0 0 2 0
2329 1 0 0 1 0
2330 0 0 0 2 0
2330 1 0 0 1 0
2331 0 0 0 2 0
2331 1 0 0 1 0
2332 0 0 0 2 0
2332 1 0 0 1 0
2333 0 0 0 2 0
2333 1 0 0 1 0
2334 1 0 0 2 0
2334 1 0 0 1 0
2335 0 0 0 2 0
2335 1 0 0 1 0
2336 0 0 0 2 0
2336 1 0 0 1 0
2337 0 0 0 1 0
2337 1 0 0 1 0
2338 0 0 0 2 0
2338 1 0 0 1 0
2339 0 0 0 2 0
2339 1 0 0 1 0
2340 0 0 0 2 0
2340 1 0 0 1 0
2341 0 0 0 2 0
2341 1 0 0 1 0
2342 0 0 0 2 0
2342 1 0 0 1 0
2343 0 0 0 2 0
2343 1 0 0 1 0
2344 0 0 0 2 0
2344 1 0 0 1 0
2345 0 0 0 2 0
2345 1 0 0 1 0
2346 0 0 0 2 0
2346 1 0 0 1 0
2347 0 0 0 2 0
2347 1 0 0 1 0
2348 0 0 0 2 0
2348 1 0 0 1 0
2349 0 0 0 2 0
2349 1 0 0 1 0
2350 0 0 0 2 0
2350 1 0 0 1 0
2351 0 0 0 2 0
2351 1 0 0 1 0
2352 0 0 0 2 0
2352 1 0 0 1 0
2353 0 0 0 2 0
2353 1 0 0 1 0
2354 0 0 0 2 0
2354 1 0 0 1 0
2355 0 0 0 2 0
2355 1 0 0 1 0
2356 0 0 0 2 0
2356 1 0 0 1 0
2357 0 0 0 2 0
2357 1 0 0 1 0
2358 0 0 0 2 0
2358 1 0 0 1 0
2359 0 0 0 2 0
2359 1 0 0 1 0
2360 0 0 0 2 0
2360 1 0 0 1 0
2361 0 0 0 2 0
2361 1 0 0 1 0
2362 0 0 0 2 0
2362 1 0 0 1 0
2363 0 0 0 2 0
2363 1 0 0 1 0
2364 0 0 0 2 0
2364 1 0 0 1 0
2365 0 0 0 2 0
2365 1 0 0 1 0
2366 0 0 0 2 0
2366 1 0 0 1 0
2367 0 0 0 2 0
2367 1 0 0 1 0
2368 0 0 0 2 0
2368 1 0 0 1 0
2369 0 0 0 2 0
2369 1 0 0 1 0
2370 0 0 0 2 0
2370 1 0 0 1 0
2371 0 0 0 2 0
2371 1 0 0 1 0
2372 0 0 0 1 0
2372 1 0 0 1 0
2373 0 0 0 2 0
2373 1 0 0 1 0
2374 0 0 0 2 0
2374 1 0 0 1 0
2375 0 0 0 2 0
2375 1 0 0 1 0
2376 0 0 0 2 0
2376 1 0 0 1 0
2377 0 0 0 2 0
2377 1 0 0 1 0
2378 0 0 0 2 0
2378 1 0 0 1 0
2379 0 0 0 2 0
2379 1 0 0 1 0
2380 0 0 0 2 0
2380 1 0 0 1 0
2381 0 0 0 2 0
2381 1 0 0 1 0
2382 0 0 0 2 0
2382 1 0 0 1 0
2383 0 0 0 2 0
2383 1 0 0 1 0
2384 0 0 0 2 0
2384 1 0 0 1 0
2385 0 0 0 2 0
2385 1 0 0 1 0
2386 0 0 0 2 0
2386 1 0 0 1 0
2387 0 0 0 2 0
2387 1 0 0 1 0
2388 0 0 0 2 0
2388 1 0 0 1 0
2389 0 0 0 2 0
2389 1 0 0 1 0
2390 0 0 0 2 0
2390 1 0 0 1 0
2391 0 0 0 2 0
2391 1 0 0 1 0
2392 0 0 0 2 0
2392 1 0 0 1 0
2393 0 0 0 2 0
2393 1 0 0 1 0
2394 0 0 0 2 0
2394 1 0 0 1 0
2395 0 0 0 2 0
2395 1 0 0 1 0
2396 0 0 0 2 0
2396 1 0 0 1 0
2397 0 0 0 2 0
2397 1 0 0 1 0
2398 0 0 0 2 0
2398 1 0 0 1 0
2399 0 0 0 2 0
2399 1 0 0 1 0
2400 0 0 0 2 0
2400 1 0 0 1 0
2401 0 0 0 2 0
2401 1 0 0 1 0
2402 0 0 0 2 0
2402 1 0 0 1 0
2403 0 0 0 2 0
2403 1 0 0 1 0
2404 0 0 0 2 0
2404 1 0 0 1 0
2405 0 0 0 2 0
2405 1 0 0 1 0
2406 0 0 0 2 0
2406 1 0 0 1 0
2407 0 0 0 2 0
2407 1 0 0 1 0
2408 0 0 0 2 0
2408 1 0 0 1 0
2409 0 0 0 2 0
2409 1 0 0 1 0
2410 0 0 0 2 0
2410 1 0 0 1 0
2411 0 0 0 1 0
2411 1 0 0 1 0
2412 0 0 0 2 0
2412 1 0 0 1 0
2413 0 0 0 2 0
2413 1 0 0 1 0
2414 0 0 0 2 0
2414 1 0 0 1 0
2415 0 0 0 2 0
2415 1 0 0 1 0
2416 0 0 0 2 0
2416 1 0 0 1 0
2417 0 0 0 2 0
2417 1 0 0 1 0
2418 0 0 0 2 0
2418 1 0 0 1 0
2419 0 0 0 2 0
2419 1 0 0 1 0
2420 0 0 0 2 0
2420 1 0 0 1 0
2421 0 0 0 2 0
2421 1 0 0 1 0
2422 0 0 0 2 0
2422 1 0 0 1 0
2423 0 0 0 2 0
2423 1 0 0 1 0
2424 0 0 0 2 0
2424 1 0 0 1 0
2425 0 0 0 2 0
2425 1 0 0 1 0
2426 0 0 0 2 0
2426 1 0 0 1 0
2427 0 0 0 2 0
2427 1 0 0 1 0
2428 0 0 0 2 0
2428 1 0 0 1 0
2429 0 0 0 2 0
2429 1 0 0 1 0
2430 0 0 0 2 0
2430 1 0 0 1 0
2431 0 0 0 2 0
2431 1 0 0 1 0
2432 0 0 0 2 0
2432 1 0 0 1 0
2433 0 0 0 2 0
2433 1 0 0 1 0
2434 0 0 0 2 0
2434 1 0 0 1 0
2435 0 0 0 2 0
2435 1 0 0 1 0
2436 0 0 0 2 0
2436 1 0 0 1 0
2437 0 0 0 2 0
2437 1 0 0 1 0
2438 0 0 0 2 0
2438 1 0 0 1 0
2439 0 0 0 2 0
2439 1 0 0 1 0
2440 0 0 0 2 0
2440 1 0 0 1 0
2441 0 0 0 2 0
2441 1 0 0 1 0
2442 0 0 0 2 0
2442 1 0 0 1 0
2443 0 0 0 2 0
2443 1 0 0 1 0
2444 0 0 0 2 0
2444 1 0 0 1 0
2445 0 0 0 2 0
2445 1 0 0 1 0
2446 0 0 0 2 0
2446 1 0 0 1 0
2447 0 0 0 2 0
2447 1 0 0 1 0
2448 0 0 0 2 0
2448 1 0 0 1 0
2449 0 0 0 2 0
2449 1 0 0 1 0
2450 0 0 0 2 0
2450 1 0 0 1 0
2451 0 0 0 2 0
2451 1 0 0 1 0
2452 0 0 0 2 0
2452 1 0 0 1 0
2453 0 0 0 2 0
2453 1 0 0 1 0
2454 0 0 0 2 0
2454 1 0 0 1 0
2455 0 0 0 2 0
2455 1 0 0 1 0
2456 0 0 0 2 0
2456 1 0 0 1 0
2457 0 0 0 2 0
2457 1 0 0 1 0
2458 0 0 0 2 0
2458 1 0 0 1 0
2459 0 0 0 2 0
2459 1 0 0 1 0
2460 0 0 0 2 0
2460 1 0 0 1 0
2461 0 0 0 2 0
2461 1 0 0 1 0
2462 0 1 0 3 0
2462 1 0 0 1 0
2463 0 0 0 2 0
2463 1 0 0 1 0
2464 0 0 0 2 0
2464 1 0 0 1 0
2465 0 0 0 1 0
2465 0 0 0 1 0
2465 1 0 0 1 0
2466 0 0 0 2 0
2466 1 0 0 1 0
2467 0 0 0 2 0
2467 1 0 0 1 0
2468 0 0 0 2 0
2468 1 0 0 1 0
2469 0 0 0 2 0
2469 1 0 0 1 0
2470 0 0 0 2 0
2470 1 0 0 1 0
2471 0 0 0 2 0
2471 1 0 0 1 0
2472 0 0 0 2 0
2472 1 0 0 1 0
2473 0 0 0 2 0
2473 0 1 0 2 0
2473 1 0 0 1 0
2474 0 0 0 2 0
2474 1 0 0 1 0
2475 0 0 0 1 0
2475 1 0 0 1 0
2476 0 0 0 2 0
2476 1 0 0 1 0
2477 0 0 0 2 0
2477 1 0 0 1 0
2478 0 0 0 2 0
2478 1 0 0 1 0
2479 0 0 0 2 0
2479 1 0 0 1 0
2480 0 0 0 2 0
2480 1 0 0 1 0
2481 0 0 0 2 0
2481 1 0 0 1 0
2482 0 0 0 2 0
2482 1 0 0 1 0
2483 0 0 0 2 0
2483 1 0 0 1 0
2484 0 0 0 2 0
2484 1 0 0 1 0
2485 0 0 0 2 0
2485 1 0 0 1 0
2486 0 0 0 2 0
2486 1 0 0 1 0
2487 0 0 0 2 0
2487 1 0 0 1 0
2488 0 0 0 2 0
2488 1 0 0 1 0
2489 0 0 0 2 0
2489 1 0 0 1 0
2490 0 0 0 2 0
2490 1 0 0 1 0
2491 0 0 0 2 0
2491 1 0 0 1 0
2492 0 0 0 2 0
2492 1 0 0 1 0
2493 0 0 0 3 0
2493 1 0 0 1 0
2494 0 0 0 2 0
2494 1 0 0 1 0
2495 0 0 0 2 0
2495 1 0 0 1 0
2496 0 0 0 2 0
2496 1 0 0 1 0
2497 0 0 0 2 0
2497 1 0 0 1 0
2498 0 0 0 2 0
2498 1 0 0 1 0
2499 0 0 0 2 0
2499 1 0 0 1 0
2500 0 0 0 2 0
2500 1 0 0 1 0
2501 0 0 0 2 0
2501 1 0 0 1 0
2502 0 0 0 2 0
2502 1 0 0 1 0
2503 0 0 0 2 0
2503 1 0 0 1 0
2504 0 0 0 2 0
2504 1 0 0 1 0
2505 0 0 0 2 0
2505 1 0 0 1 0
2506 0 0 0 2 0
2506 1 0 0 1 0
2507 0 0 0 2 0
2507 1 0 0 1 0
2508 0 0 0 2 0
2508 1 0 0 1 0
2509 0 0 0 2 0
2509 1 0 0 1 0
2510 0 0 0 2 0
2510 1 0 0 1 0
2511 0 0 0 2 0
2511 1 0 0 1 0
2512 0 0 0 2 0
2512 1 0 0 1 0
2513 0 0 0 2 0
2513 1 0 0 1 0
2514 0 0 0 2 0
2514 1 0 0 1 0
2515 0 0 0 2 0
2515 1 0 0 1 0
2516 0 0 0 2 0
2516 1 0 0 1 0
2517 0 0 0 2 0
2517 1 0 0 1 0
2518 0 0 0 2 0
2518 1 0 0 1 0
2519 0 0 0 2 0
2519 1 0 0 1 0
2520 0 0 0 2 0
2520 1 0 0 1 0
2521 0 0 0 2 0
2521 1 0 0 1 0
2522 0 0 0 2 0
2522 1 0 0 1 0
2523 0 0 0 2 0
2523 1 0 0 1 0
2524 0 0 0 2 0
2524 1 0 0 1 0
2525 0 0 0 2 0
2525 1 0 0 1 0
2526 0 0 0 2 0
2526 1 0 0 1 0
2527 0 0 0 2 0
2527 1 0 0 1 0
2528 0 0 0 2 0
2528 1 0 0 1 0
2529 0 0 0 2 0
2529 1 0 0 1 0
2530 0 0 0 2 0
2530 1 0 0 1 0
2531 0 0 0 2 0
2531 1 0 0 1 0
2532 0 0 0 2 0
2532 1 0 0 1 0
2533 0 0 0 2 0
2533 1 0 0 1 0
2534 0 0 0 2 0
2534 1 0 0 1 0
2535 0 0 0 2 0
2535 1 0 0 1 0
2536 0 0 0 2 0
2536 1 0 0 1 0
2537 0 0 0 2 0
2537 1 0 0 1 0
2538 0 0 0 2 0
2538 1 0 0 1 0
2539 0 0 0 2 0
2539 1 0 0 1 0
2540 0 0 0 2 0
2540 1 0 0 1 0
2541 0 0 0 2 0
2541 1 0 0 1 0
2542 0 0 0 2 0
2542 1 0 0 1 0
2543 0 0 0 2 0
2543 1 0 0 1 0
2544 0 0 0 2 0
2544 1 0 0 1 0
2545 0 0 0 2 0
2545 1 0 0 1 0
2546 0 0 0 2 0
2546 1 0 0 1 0
2547 0 0 0 2 0
2547 1 0 0 1 0
2548 0 0 0 2 0
2548 1 0 0 1 0
2549 0 0 0 2 0
2549 1 0 0 1 0
