0 0 960 0 0
1 0 960 0 64
1 0 1088 0 64
2 0 1088 0 64
3 0 1088 0 64
4 0 1088 0 64
5 0 1088 0 64
6 0 1088 0 64
7 0 1088 0 64
8 0 1088 0 64
9 0 1088 0 64
10 0 1088 0 64
11 0 1088 0 64
12 0 1088 0 64
13 0 1088 0 64
14 0 1088 0 64
15 0 1088 0 64
16 0 1088 0 64
17 0 1088 0 64
18 0 1088 0 64
19 0 1088 0 64
20 0 1088 0 64
21 0 1088 0 64
22 0 1088 0 64
23 0 1088 0 64
24 0 1088 0 64
25 0 1088 0 64
26 0 1088 0 64
27 0 1088 0 64
28 0 1088 0 64
29 0 1088 0 64
30 0 1088 0 64
31 0 1088 0 64
32 0 1088 0 64
33 0 1088 0 64
34 0 1088 0 64
35 0 1088 0 64
36 0 1088 0 64
37 0 1088 0 64
38 0 1088 0 64
39 0 1088 0 64
40 0 1088 0 64
41 0 1088 0 64
42 0 1088 0 64
43 0 1088 0 64
44 0 1088 0 64
45 0 1088 0 64
46 0 1088 0 64
47 0 1088 0 64
48 0 1088 0 64
49 0 1088 0 64
50 0 1088 0 64
51 0 1086 0 62
52 0 1086 0 62
53 0 1086 0 62
54 0 1086 0 62
55 0 1086 0 62
56 0 1086 0 62
57 0 1086 0 62
58 0 1086 0 62
59 0 1086 0 62
60 0 1086 0 62
61 0 1086 0 62
62 0 1086 0 62
63 0 1086 0 62
64 0 1086 0 62
65 0 1086 0 62
66 0 1086 0 62
67 0 1086 0 62
68 0 1086 0 62
69 0 1086 0 62
70 0 1085 0 60
71 0 1085 0 60
72 0 1085 0 60
73 0 1085 0 60
74 0 1085 0 60
75 0 1085 0 60
76 0 1085 0 60
77 0 1085 0 60
78 0 1085 0 60
79 0 1085 0 60
80 0 1085 0 60
81 0 1085 0 60
82 0 1085 0 60
83 0 1085 0 60
84 0 1085 0 60
85 0 1085 0 60
86 0 1085 0 60
87 0 1085 0 60
88 0 1085 0 60
89 0 1085 0 60
90 0 1085 0 60
91 0 1085 0 60
92 0 1085 0 60
93 0 1085 0 60
94 0 1085 0 60
95 0 1085 0 60
96 0 1085 0 60
97 0 1085 0 60
98 0 1085 0 60
99 0 1085 0 60
100 0 1085 0 60
101 0 1085 0 60
102 0 1085 0 60
103 0 1085 0 60
104 0 1085 0 60
105 0 1085 0 60
106 0 1085 0 60
107 0 1085 0 60
108 0 1085 0 60
109 0 1085 0 60
110 0 1085 0 60
111 0 1085 0 60
112 0 1085 0 60
113 0 1085 0 60
114 0 1085 0 60
115 0 1085 0 60
116 0 1085 0 60
117 0 1085 0 60
118 0 1085 0 60
119 0 1085 0 60
120 0 1085 0 60
121 0 1085 0 60
122 0 1085 0 60
123 0 1085 0 60
124 0 1083 0 58
125 0 1083 0 58
126 0 1083 0 58
127 0 1083 0 58
128 0 1083 0 58
129 0 1082 0 56
130 0 1082 0 56
131 0 1082 0 56
132 0 1082 0 56
133 0 1082 0 56
134 0 1082 0 56
135 0 1081 0 54
136 0 1081 0 54
137 0 1081 0 54
138 0 1081 0 54
139 0 1081 0 54
140 0 1081 0 54
141 0 1081 0 54
142 0 1081 0 54
143 0 1081 0 54
144 0 1081 0 54
145 0 1081 0 54
146 0 1081 0 54
147 0 1081 0 54
148 0 1081 0 54
149 0 1081 0 54
150 0 1081 0 54
151 0 1081 0 54
152 0 1081 0 54
153 0 1081 0 54
154 0 1081 0 54
155 0 1081 0 54
156 0 1081 0 54
157 0 1081 0 54
158 0 1081 0 54
159 0 1081 0 54
160 0 1081 0 54
161 0 1081 0 54
162 0 1081 0 54
163 0 1081 0 54
164 0 1081 0 54
165 0 1081 0 54
166 0 1081 0 54
167 0 1081 0 54
168 0 1081 0 54
169 0 1081 0 54
170 0 1081 0 54
171 0 1081 0 54
172 0 1081 0 54
173 0 1081 0 54
174 0 1081 0 54
175 0 1081 0 54
176 0 1081 0 54
177 0 1081 0 54
178 0 1081 0 54
179 0 1081 0 54
180 0 1081 0 54
181 0 1081 0 54
182 0 1081 0 54
183 0 1081 0 54
184 0 1081 0 54
185 0 1081 0 54
186 0 1081 0 53
187 0 1081 0 53
188 0 1081 0 53
189 0 1081 0 53
190 0 1081 0 53
191 0 1081 0 53
192 0 1081 0 53
193 0 1081 0 53
194 0 1081 0 53
195 0 1081 0 53
196 0 1081 0 53
197 0 1081 0 53
198 0 1081 0 53
199 0 1081 0 53
200 0 1080 0 51
201 0 1080 0 51
202 0 1080 0 51
203 0 1080 0 51
204 0 1080 0 51
205 0 1080 0 51
206 0 1080 0 51
207 0 1080 0 51
208 0 1080 0 51
209 0 1080 0 51
210 0 1080 0 51
211 0 1080 0 51
212 0 1080 0 51
213 0 1080 0 51
214 0 1080 0 51
215 0 1080 0 51
216 0 1080 0 51
217 0 1080 0 51
218 0 1080 0 51
219 0 1080 0 51
220 0 1080 0 51
221 0 1080 0 51
222 0 1080 0 51
223 0 1080 0 51
224 0 1080 0 51
225 0 1080 0 51
226 0 1080 0 51
227 0 1080 0 51
228 0 1080 0 51
229 0 1080 0 51
230 0 1080 0 51
231 0 1080 0 51
232 0 1080 0 51
233 0 1080 0 51
234 0 1080 0 51
235 0 1080 0 51
236 0 1080 0 51
237 0 1080 0 51
238 0 1080 0 51
239 0 1080 0 51
240 0 1080 0 51
241 0 1080 0 51
242 0 1080 0 51
243 0 1080 0 51
244 0 1080 0 51
245 0 1080 0 51
246 0 1080 0 51
247 0 1080 0 51
248 0 1080 0 51
249 0 1080 0 51
250 0 1080 0 51
251 0 1080 0 51
252 0 1080 0 51
253 0 1080 0 51
254 0 1080 0 51
255 0 1080 0 51
256 0 1080 0 51
257 0 1080 0 51
258 0 1080 0 51
259 0 1080 0 51
260 0 1080 0 51
261 0 1080 0 51
262 0 1080 0 51
263 0 1080 0 51
264 0 1080 0 51
265 0 1080 0 51
266 0 1080 0 51
267 0 1080 0 51
268 0 1080 0 51
269 0 1080 0 51
270 0 1080 0 51
271 0 1080 0 51
272 0 1080 0 51
273 0 1080 0 51
274 0 1079 0 49
275 0 1079 0 49
276 0 1079 0 49
277 0 1079 0 49
278 0 1079 0 49
279 0 1079 0 49
280 0 1079 0 49
281 0 1079 0 49
282 0 1079 0 49
283 0 1079 0 49
284 0 1079 0 49
285 0 1079 0 49
286 0 1079 0 49
287 0 1079 0 49
288 0 1079 0 49
289 0 1079 0 49
290 0 1079 0 49
291 0 1079 0 49
292 0 1075 0 46
293 0 1075 0 46
294 0 1075 0 46
295 0 1075 0 46
296 0 1075 0 46
297 0 1075 0 46
298 0 1075 0 46
299 0 1075 0 46
300 0 1075 0 46
301 0 1075 0 46
302 0 1075 0 46
303 0 1075 0 46
304 0 1075 0 46
305 0 1075 0 46
306 0 1075 0 46
307 0 1075 0 46
308 0 1075 0 46
309 0 1075 0 46
310 0 1075 0 46
311 0 1075 0 46
312 0 1075 0 46
313 0 1075 0 46
314 0 1075 0 46
315 0 1075 0 46
316 0 1075 0 46
317 0 1075 0 46
318 0 1075 0 46
319 0 1075 0 46
320 0 1075 0 46
321 0 1075 0 46
322 0 1075 0 46
323 0 1074 0 44
324 0 1074 0 44
325 0 1074 0 44
326 0 1074 0 44
327 0 1074 0 44
328 0 1074 0 44
329 0 1074 0 44
330 0 1074 0 44
331 0 1074 0 44
332 0 1074 0 44
333 0 1071 0 42
334 0 1071 0 42
335 0 1071 0 42
336 0 1071 0 42
337 0 1071 0 42
338 0 1071 0 42
339 0 1071 0 42
340 0 1071 0 42
341 0 1071 0 42
342 0 1071 0 42
343 0 1071 0 42
344 0 1071 0 42
345 0 1071 0 42
346 0 1071 0 42
347 0 1071 0 42
348 0 1071 0 42
349 0 1071 0 42
350 0 1071 0 42
351 0 1071 0 42
352 0 1071 0 42
353 0 1071 0 42
354 0 1071 0 42
355 0 1071 0 42
356 0 1071 0 42
357 0 1071 0 42
358 0 1071 0 42
359 0 1071 0 42
360 0 1071 0 42
361 0 1071 0 42
362 0 1071 0 42
363 0 1071 0 42
364 0 1071 0 42
365 0 1071 0 42
366 0 1071 0 42
367 0 1071 0 42
368 0 1071 0 42
369 0 1070 0 40
370 0 1070 0 40
371 0 1070 0 40
372 0 1070 0 40
373 0 1070 0 40
374 0 1070 0 40
375 0 1068 0 38
376 0 1068 0 38
377 0 1068 0 38
378 0 1068 0 38
379 0 1068 0 38
380 0 1068 0 38
381 0 1068 0 38
382 0 1068 0 38
383 0 1068 0 38
384 0 1068 0 38
385 0 1068 0 38
386 0 1068 0 38
387 0 1068 0 38
388 0 1068 0 38
389 0 1068 0 38
390 0 1068 0 38
391 0 1068 0 38
392 0 1068 0 38
393 0 1068 0 38
394 0 1068 0 38
395 0 1068 0 38
396 0 1068 0 38
397 0 1068 0 38
398 0 1068 0 38
399 0 1068 0 38
400 0 1068 0 38
401 0 1068 0 38
402 0 1068 0 38
403 0 1068 0 38
404 0 1068 0 38
405 0 1068 0 38
406 0 1068 0 38
407 0 1068 0 38
408 0 1068 0 38
409 0 1068 0 38
410 0 1068 0 38
411 0 1068 0 38
412 0 1068 0 38
413 0 1068 0 38
414 0 1068 0 38
415 0 1068 0 38
416 0 1068 0 38
417 0 1068 0 38
418 0 1068 0 38
419 0 1068 0 38
420 0 1068 0 38
421 0 1068 0 38
422 0 1068 0 38
423 0 1068 0 38
424 0 1068 0 38
425 0 1068 0 38
426 0 1068 0 38
427 0 1068 0 38
428 0 1068 0 38
429 0 1068 0 38
430 0 1068 0 38
431 0 1068 0 38
432 0 1068 0 38
433 0 1068 0 38
434 0 1068 0 38
435 0 1068 0 38
436 0 1068 0 38
437 0 1068 0 38
438 0 1068 0 38
439 0 1068 0 38
440 0 1068 0 38
441 0 1068 0 38
442 0 1068 0 38
443 0 1068 0 38
444 0 1068 0 38
445 0 1068 0 38
446 0 1068 0 38
447 0 1068 0 38
448 0 1068 0 38
449 0 1068 0 38
450 0 1068 0 38
451 0 1068 0 38
452 0 1068 0 38
453 0 1068 0 38
454 0 1068 0 38
455 0 1068 0 38
456 0 1068 0 38
457 0 1068 0 38
458 0 1068 0 38
459 0 1068 0 38
460 0 1068 0 38
461 0 1068 0 38
462 0 1068 0 38
463 0 1068 0 38
464 0 1068 0 38
465 0 1068 0 38
466 0 1068 0 38
467 0 1068 0 38
468 0 1068 0 38
469 0 1068 0 38
470 0 1068 0 38
471 0 1068 0 38
472 0 1068 0 38
473 0 1068 0 38
474 0 1068 0 38
475 0 1068 0 38
476 0 1068 0 38
477 0 1068 0 38
478 0 1068 0 38
479 0 1068 0 38
480 0 1068 0 38
481 0 1068 0 38
482 0 1068 0 38
483 0 1068 0 38
484 0 1068 0 38
485 0 1068 0 38
486 0 1068 0 38
487 0 1068 0 38
488 0 1068 0 38
489 0 1068 0 38
490 0 1068 0 38
491 0 1068 0 38
492 0 1068 0 38
493 0 1068 0 38
494 0 1068 0 38
495 0 1068 0 38
496 0 1068 0 38
497 0 1068 0 38
498 0 1068 0 38
499 0 1068 0 38
500 0 1068 0 38
501 0 1068 0 38
502 0 1068 0 38
503 0 1068 0 38
504 0 1068 0 38
505 0 1068 0 38
506 0 1068 0 38
507 0 1068 0 38
508 0 1068 0 38
509 0 1068 0 38
510 0 1068 0 38
511 0 1068 0 38
512 0 1068 0 38
513 0 1068 0 38
514 0 1068 0 38
515 0 1068 0 38
516 0 1068 0 38
517 0 1068 0 38
518 0 1068 0 38
519 0 1068 0 38
520 0 1068 0 38
521 0 1068 0 38
522 0 1068 0 38
523 0 1068 0 38
524 0 1068 0 38
525 0 1068 0 38
526 0 1068 0 38
527 0 1068 0 38
528 0 1068 0 38
529 0 1068 0 38
530 0 1068 0 38
531 0 1068 0 38
532 0 1068 0 38
533 0 1068 0 38
534 0 1068 0 38
535 0 1068 0 38
536 0 1068 0 38
537 0 1068 0 38
538 0 1068 0 38
539 0 1068 0 38
540 0 1068 0 38
541 0 1068 0 38
542 0 1068 0 38
543 0 1068 0 38
544 0 1068 0 38
545 0 1068 0 38
546 0 1068 0 38
547 0 1068 0 38
548 0 1068 0 38
549 0 1068 0 38
550 0 1068 0 38
551 0 1068 0 38
552 0 1068 0 38
553 0 1068 0 38
554 0 1068 0 38
555 0 1068 0 38
556 0 1068 0 38
557 0 1068 0 38
558 0 1068 0 38
559 0 1068 0 38
560 0 1068 0 38
561 0 1068 0 38
562 0 1068 0 38
563 0 1068 0 38
564 0 1068 0 38
565 0 1068 0 38
566 0 1068 0 38
567 0 1068 0 38
568 0 1068 0 38
569 0 1068 0 38
570 0 1068 0 38
571 0 1068 0 38
572 0 1068 0 38
573 0 1068 0 38
574 0 1068 0 38
575 0 1068 0 38
576 0 1068 0 38
577 0 1068 0 38
578 0 1068 0 38
579 0 1068 0 38
580 0 1068 0 38
581 0 1068 0 38
582 0 1068 0 38
583 0 1068 0 38
584 0 1068 0 38
585 0 1068 0 38
586 0 1068 0 38
587 0 1068 0 38
588 0 1068 0 38
589 0 1068 0 38
590 0 1068 0 38
591 0 1068 0 38
592 0 1068 0 38
593 0 1068 0 38
594 0 1068 0 38
595 0 1068 0 38
596 0 1068 0 38
597 0 1068 0 38
598 0 1068 0 38
599 0 1068 0 38
600 0 1068 0 38
601 0 1068 0 38
602 0 1068 0 38
603 0 1068 0 38
604 0 1068 0 38
605 0 1068 0 38
606 0 1068 0 38
607 0 1068 0 38
608 0 1068 0 38
609 0 1068 0 38
610 0 1068 0 38
611 0 1068 0 38
612 0 1068 0 38
613 0 1068 0 38
614 0 1068 0 38
615 0 1068 0 38
616 0 1068 0 38
617 0 1068 0 38
618 0 1067 0 36
619 0 1067 0 36
620 0 1067 0 36
621 0 1067 0 36
622 0 1067 0 36
623 0 1067 0 36
624 0 1067 0 36
625 0 1067 0 36
626 0 1067 0 36
627 0 1067 0 36
628 0 1067 0 36
629 0 1067 0 36
630 0 1067 0 36
631 0 1067 0 36
632 0 1067 0 36
633 0 1067 0 36
634 0 1067 0 36
635 0 1067 0 36
636 0 1067 0 36
637 0 1067 0 36
638 0 1067 0 36
639 0 1067 0 36
640 0 1067 0 36
641 0 1067 0 36
642 0 1067 0 36
643 0 1067 0 36
644 0 1067 0 36
645 0 1067 0 36
646 0 1067 0 36
647 0 1067 0 36
648 0 1067 0 36
649 0 1067 0 36
650 0 1067 0 36
651 0 1067 0 36
652 0 1067 0 36
653 0 1067 0 36
654 0 1067 0 36
655 0 1067 0 36
656 0 1067 0 36
657 0 1067 0 36
658 0 1067 0 36
659 0 1067 0 36
660 0 1067 0 36
661 0 1067 0 36
662 0 1067 0 36
663 0 1067 0 36
664 0 1067 0 36
665 0 1067 0 36
666 0 1067 0 36
667 0 1067 0 36
668 0 1067 0 36
669 0 1067 0 36
670 0 1067 0 36
671 0 1067 0 36
672 0 1067 0 36
673 0 1067 0 36
674 0 1067 0 36
675 0 1067 0 36
676 0 1067 0 36
677 0 1067 0 36
678 0 1067 0 36
679 0 1067 0 36
680 0 1067 0 36
681 0 1067 0 36
682 0 1067 0 36
683 0 1067 0 36
684 0 1067 0 36
685 0 1067 0 36
686 0 1067 0 36
687 0 1067 0 36
688 0 1067 0 36
689 0 1067 0 36
690 0 1067 0 36
691 0 1067 0 36
692 0 1067 0 36
693 0 1067 0 36
694 0 1067 0 36
695 0 1067 0 36
696 0 1067 0 36
697 0 1067 0 36
698 0 1067 0 36
699 0 1067 0 36
700 0 1067 0 36
701 0 1067 0 36
702 0 1067 0 36
703 0 1067 0 36
704 0 1067 0 36
705 0 1067 0 36
706 0 1067 0 36
707 0 1067 0 36
708 0 1067 0 36
709 0 1067 0 36
710 0 1067 0 36
711 0 1067 0 36
712 0 1067 0 36
713 0 1067 0 36
714 0 1067 0 36
715 0 1067 0 36
716 0 1067 0 36
717 0 1067 0 36
718 0 1067 0 36
719 0 1067 0 36
720 0 1067 0 36
721 0 1067 0 36
722 0 1067 0 36
723 0 1067 0 36
724 0 1066 0 34
725 0 1066 0 34
726 0 1066 0 34
727 0 1066 0 34
728 0 1066 0 34
729 0 1066 0 34
730 0 1066 0 34
731 0 1066 0 34
732 0 1066 0 34
733 0 1066 0 34
734 0 1066 0 34
735 0 1066 0 34
736 0 1066 0 34
737 0 1066 0 34
738 0 1066 0 34
739 0 1066 0 34
740 0 1066 0 34
741 0 1066 0 34
742 0 1066 0 34
743 0 1066 0 34
744 0 1066 0 34
745 0 1066 0 34
746 0 1066 0 34
747 0 1066 0 34
748 0 1066 0 34
749 0 1066 0 34
750 0 1066 0 34
751 0 1066 0 34
752 0 1066 0 34
753 0 1066 0 34
754 0 1066 0 34
755 0 1066 0 34
756 0 1066 0 34
757 0 1066 0 34
758 0 1066 0 34
759 0 1066 0 34
760 0 1066 0 34
761 0 1066 0 34
762 0 1066 0 34
763 0 1066 0 34
764 0 1066 0 34
765 0 1066 0 34
766 0 1066 0 34
767 0 1066 0 34
768 0 1066 0 34
769 0 1066 0 34
770 0 1066 0 34
771 0 1066 0 34
772 0 1066 0 34
773 0 1066 0 34
774 0 1066 0 34
775 0 1066 0 34
776 0 1066 0 34
777 0 1066 0 34
778 0 1066 0 34
779 0 1066 0 34
780 0 1066 0 34
781 0 1066 0 34
782 0 1066 0 34
783 0 1066 0 34
784 0 1066 0 34
785 0 1066 0 34
786 0 1066 0 34
787 0 1066 0 34
788 0 1066 0 34
789 0 1066 0 34
790 0 1066 0 34
791 0 1066 0 34
792 0 1066 0 34
793 0 1066 0 34
794 0 1066 0 34
795 0 1066 0 34
796 0 1066 0 34
797 0 1066 0 34
798 0 1066 0 34
799 0 1066 0 34
800 0 1066 0 34
801 0 1066 0 34
802 0 1066 0 34
803 0 1066 0 34
804 0 1066 0 34
805 0 1066 0 34
806 0 1066 0 34
807 0 1066 0 34
808 0 1066 0 34
809 0 1066 0 34
810 0 1066 0 34
811 0 1066 0 34
812 0 1066 0 34
813 0 1066 0 34
814 0 1066 0 34
815 0 1066 0 34
816 0 1066 0 34
817 0 1066 0 34
818 0 1066 0 34
819 0 1066 0 34
820 0 1066 0 34
821 0 1066 0 34
822 0 1066 0 34
823 0 1066 0 34
824 0 1066 0 34
825 0 1066 0 34
826 0 1066 0 34
827 0 1066 0 34
828 0 1066 0 34
829 0 1066 0 34
830 0 1066 0 34
831 0 1066 0 34
832 0 1065 0 32
833 0 1065 0 32
834 0 1065 0 32
835 0 1065 0 32
836 0 1065 0 32
837 0 1065 0 32
838 0 1065 0 32
839 0 1065 0 32
840 0 1065 0 32
841 0 1065 0 32
842 0 1065 0 32
843 0 1065 0 32
844 0 1065 0 32
845 0 1065 0 32
846 0 1065 0 32
847 0 1065 0 32
848 0 1065 0 32
849 0 1065 0 32
850 0 1065 0 32
851 0 1065 0 32
852 0 1065 0 32
853 0 1065 0 32
854 0 1065 0 32
855 0 1065 0 32
856 0 1065 0 32
857 0 1065 0 32
858 0 1065 0 32
859 0 1065 0 32
860 0 1065 0 32
861 0 1065 0 32
862 0 1065 0 32
863 0 1065 0 32
864 0 1065 0 32
865 0 1065 0 32
866 0 1065 0 32
867 0 1065 0 32
868 0 1065 0 32
869 0 1065 0 32
870 0 1065 0 32
871 0 1065 0 32
872 0 1065 0 32
873 0 1065 0 32
874 0 1065 0 32
875 0 1065 0 32
876 0 1065 0 32
877 0 1065 0 32
878 0 1065 0 32
879 0 1065 0 32
880 0 1065 0 32
881 0 1065 0 32
882 0 1064 0 31
883 0 1064 0 31
884 0 1064 0 31
885 0 1064 0 31
886 0 1062 0 29
887 0 1062 0 29
888 0 1062 0 29
889 0 1062 0 29
890 0 1062 0 29
891 0 1062 0 29
892 0 1062 0 29
893 0 1062 0 29
894 0 1062 0 29
895 0 1062 0 29
896 0 1062 0 29
897 0 1062 0 29
898 0 1062 0 29
899 0 1062 0 29
900 0 1062 0 29
901 0 1062 0 29
902 0 1062 0 29
903 0 1062 0 29
904 0 1062 0 29
905 0 1062 0 29
906 0 1062 0 29
907 0 1062 0 29
908 0 1062 0 29
909 0 1062 0 29
910 0 1062 0 29
911 0 1062 0 29
912 0 1062 0 29
913 0 1062 0 29
914 0 1062 0 29
915 0 1062 0 29
916 0 1062 0 29
917 0 1062 0 29
918 0 1062 0 29
919 0 1062 0 29
920 0 1062 0 29
921 0 1062 0 29
922 0 1062 0 29
923 0 1062 0 29
924 0 1062 0 29
925 0 1062 0 29
926 0 1062 0 29
927 0 1062 0 29
928 0 1062 0 29
929 0 1062 0 29
930 0 1062 0 29
931 0 1062 0 29
932 0 1062 0 29
933 0 1062 0 29
934 0 1062 0 29
935 0 1062 0 29
936 0 1062 0 29
937 0 1062 0 29
938 0 1062 0 29
939 0 1062 0 29
940 0 1062 0 29
941 0 1062 0 29
942 0 1062 0 29
943 0 1062 0 29
944 0 1062 0 29
945 0 1062 0 29
946 0 1062 0 29
947 0 1062 0 29
948 0 1062 0 29
949 0 1062 0 29
950 0 1062 0 29
951 0 1062 0 29
952 0 1062 0 29
953 0 1062 0 29
954 0 1062 0 29
955 0 1062 0 29
956 0 1062 0 29
957 0 1062 0 29
958 0 1062 0 29
959 0 1062 0 29
960 0 1062 0 29
961 0 1062 0 29
962 0 1062 0 29
963 0 1062 0 29
964 0 1062 0 29
965 0 1062 0 29
966 0 1062 0 29
967 0 1062 0 29
968 0 1062 0 29
969 0 1062 0 29
970 0 1062 0 29
971 0 1062 0 29
972 0 1062 0 29
973 0 1062 0 29
974 0 1062 0 29
975 0 1062 0 29
976 0 1062 0 29
977 0 1062 0 29
978 0 1062 0 29
979 0 1062 0 29
980 0 1062 0 29
981 0 1062 0 29
982 0 1062 0 29
983 0 1062 0 29
984 0 1062 0 29
985 0 1062 0 29
986 0 1062 0 29
987 0 1062 0 29
988 0 1062 0 29
989 0 1062 0 29
990 0 1062 0 29
991 0 1062 0 29
992 0 1062 0 29
993 0 1062 0 29
994 0 1062 0 29
995 0 1062 0 29
996 0 1062 0 29
997 0 1062 0 29
998 0 1062 0 29
999 0 1062 0 29
1000 0 1062 0 29
1001 0 1062 0 29
1002 0 1062 0 29
1003 0 1062 0 29
1004 0 1062 0 29
1005 0 1062 0 29
1006 0 1062 0 29
1007 0 1062 0 29
1008 0 1062 0 29
1009 0 1062 0 29
1010 0 1062 0 29
1011 0 1062 0 29
1012 0 1062 0 29
1013 0 1062 0 29
1014 0 1062 0 29
1015 0 1062 0 29
1016 0 1062 0 29
1017 0 1062 0 29
1018 0 1062 0 29
1019 0 1062 0 29
1020 0 1062 0 29
1021 0 1062 0 29
1022 0 1062 0 29
1023 0 1062 0 29
1024 0 1062 0 29
1025 0 1062 0 29
1026 0 1062 0 29
1027 0 1062 0 29
1028 0 1062 0 29
1029 0 1062 0 29
1030 0 1062 0 29
1031 0 1062 0 29
1032 0 1062 0 29
1033 0 1062 0 29
1034 0 1062 0 29
1035 0 1062 0 29
1036 0 1062 0 29
1037 0 1062 0 29
1038 0 1062 0 29
1039 0 1062 0 29
1040 0 1062 0 29
1041 0 1062 0 29
1042 0 1062 0 29
1043 0 1062 0 29
1044 0 1061 0 27
1045 0 1061 0 27
1046 0 1061 0 27
1047 0 1061 0 27
1048 0 1061 0 27
1049 0 1061 0 27
1050 0 1061 0 27
1051 0 1061 0 27
1052 0 1061 0 27
1053 0 1061 0 27
1054 0 1061 0 27
1055 0 1061 0 27
1056 0 1061 0 27
1057 0 1061 0 27
1058 0 1061 0 27
1059 0 1061 0 27
1060 0 1061 0 27
1061 0 1061 0 27
1062 0 1061 0 27
1063 0 1061 0 27
1064 0 1061 0 27
1065 0 1061 0 27
1066 0 1061 0 27
1067 0 1061 0 27
1068 0 1061 0 27
1069 0 1061 0 27
1070 0 1061 0 27
1071 0 1061 0 27
1072 0 1061 0 27
1073 0 1061 0 27
1074 0 1061 0 27
1075 0 1061 0 27
1076 0 1061 0 27
1077 0 1061 0 27
1078 0 1061 0 27
1079 0 1061 0 27
1080 0 1061 0 27
1081 0 1061 0 27
1082 0 1061 0 27
1083 0 1061 0 27
1084 0 1061 0 27
1085 0 1061 0 27
1086 0 1061 0 27
1087 0 1061 0 27
1088 0 1061 0 27
1089 0 1061 0 27
1090 0 1061 0 27
1091 0 1061 0 27
1092 0 1061 0 27
1093 0 1061 0 27
1094 0 1061 0 27
1095 0 1061 0 27
1096 0 1061 0 27
1097 0 1061 0 27
1098 0 1061 0 27
1099 0 1061 0 27
1100 0 1061 0 27
1101 0 1061 0 27
1102 0 1061 0 27
1103 0 1061 0 27
1104 0 1061 0 27
1105 0 1061 0 27
1106 0 1061 0 27
1107 0 1061 0 27
1108 0 1061 0 27
1109 0 1061 0 27
1110 0 1061 0 27
1111 0 1061 0 27
1112 0 1061 0 27
1113 0 1061 0 27
1114 0 1061 0 27
1115 0 1061 0 27
1116 0 1061 0 27
1117 0 1061 0 27
1118 0 1061 0 27
1119 0 1061 0 27
1120 0 1061 0 27
1121 0 1061 0 27
1122 0 1061 0 27
1123 0 1061 0 27
1124 0 1061 0 27
1125 0 1061 0 27
1126 0 1061 0 27
1127 0 1061 0 27
1128 0 1061 0 27
1129 0 1061 0 27
1130 0 1061 0 27
1131 0 1061 0 27
1132 0 1061 0 27
1133 0 1061 0 27
1134 0 1061 0 27
1135 0 1061 0 27
1136 0 1061 0 27
1137 0 1061 0 27
1138 0 1061 0 27
1139 0 1061 0 27
1140 0 1061 0 27
1141 0 1061 0 27
1142 0 1061 0 27
1143 0 1061 0 27
1144 0 1061 0 27
1145 0 1061 0 27
1146 0 1061 0 27
1147 0 1061 0 27
1148 0 1061 0 27
1149 0 1061 0 27
1150 0 1061 0 27
1151 0 1061 0 27
1152 0 1061 0 27
1153 0 1061 0 27
1154 0 1061 0 27
1155 0 1061 0 27
1156 0 1061 0 27
1157 0 1061 0 27
1158 0 1061 0 27
1159 0 1061 0 27
1160 0 1061 0 27
1161 0 1061 0 27
1162 0 1061 0 27
1163 0 1061 0 27
1164 0 1061 0 27
1165 0 1061 0 27
1166 0 1061 0 27
1167 0 1061 0 27
1168 0 1061 0 27
1169 0 1061 0 27
1170 0 1061 0 27
1171 0 1061 0 27
1172 0 1061 0 27
1173 0 1061 0 27
1174 0 1061 0 27
1175 0 1061 0 27
1176 0 1061 0 27
1177 0 1061 0 27
1178 0 1061 0 27
1179 0 1061 0 27
1180 0 1061 0 27
1181 0 1061 0 27
1182 0 1061 0 27
1183 0 1061 0 27
1184 0 1061 0 27
1185 0 1061 0 27
1186 0 1061 0 27
1187 0 1061 0 27
1188 0 1061 0 27
1189 0 1061 0 27
1190 0 1061 0 27
1191 0 1061 0 27
1192 0 1061 0 27
1193 0 1061 0 27
1194 0 1061 0 27
1195 0 1061 0 27
1196 0 1061 0 27
1197 0 1061 0 27
1198 0 1061 0 27
1199 0 1061 0 27
1200 0 1061 0 27
1201 0 1061 0 27
1202 0 1061 0 27
1203 0 1061 0 27
1204 0 1061 0 27
1205 0 1061 0 27
1206 0 1061 0 27
1207 0 1061 0 27
1208 0 1061 0 27
1209 0 1061 0 27
1210 0 1061 0 27
1211 0 1061 0 27
1212 0 1061 0 27
1213 0 1061 0 27
1214 0 1061 0 27
1215 0 1061 0 27
1216 0 1061 0 27
1217 0 1061 0 27
1218 0 1061 0 27
1219 0 1061 0 27
1220 0 1061 0 27
1221 0 1061 0 27
1222 0 1061 0 27
1223 0 1061 0 27
1224 0 1061 0 27
1225 0 1061 0 27
1226 0 1061 0 27
1227 0 1061 0 27
1228 0 1061 0 27
1229 0 1061 0 27
1230 0 1061 0 27
1231 0 1061 0 27
1232 0 1061 0 27
1233 0 1061 0 27
1234 0 1060 0 25
1235 0 1060 0 25
1236 0 1060 0 25
1237 0 1060 0 25
1238 0 1060 0 25
1239 0 1060 0 25
1240 0 1060 0 25
1241 0 1060 0 25
1242 0 1060 0 25
1243 0 1060 0 25
1244 0 1060 0 25
1245 0 1060 0 25
1246 0 1060 0 25
1247 0 1060 0 25
1248 0 1060 0 25
1249 0 1060 0 25
1250 0 1060 0 25
1251 0 1060 0 25
1252 0 1060 0 25
1253 0 1060 0 25
1254 0 1060 0 25
1255 0 1060 0 25
1256 0 1060 0 25
1257 0 1060 0 25
1258 0 1060 0 25
1259 0 1060 0 25
1260 0 1060 0 25
1261 0 1060 0 25
1262 0 1060 0 25
1263 0 1060 0 25
1264 0 1060 0 25
1265 0 1060 0 25
1266 0 1060 0 25
1267 0 1060 0 25
1268 0 1060 0 25
1269 0 1060 0 25
1270 0 1060 0 25
1271 0 1060 0 25
1272 0 1060 0 25
1273 0 1060 0 25
1274 0 1060 0 25
1275 0 1060 0 25
1276 0 1060 0 25
1277 0 1059 0 23
1278 0 1059 0 23
1279 0 1059 0 23
1280 0 1059 0 23
1280 1 1059 0 24
1281 0 1059 0 26
1281 1 1059 0 27
1282 0 1059 0 29
1282 1 1059 0 29
1283 0 1059 0 30
1283 1 1059 0 30
1284 0 1059 0 32
1284 1 1059 0 33
1285 0 1059 0 35
1285 1 1059 0 35
1286 0 1059 0 37
1286 1 1059 0 37
1287 0 1059 0 39
1287 1 1059 0 39
1288 0 1059 0 41
1288 1 1059 0 41
1289 0 1059 0 43
1289 1 1059 0 43
1290 0 1059 0 45
1290 1 1059 0 46
1291 0 1059 0 48
1291 1 1059 0 48
1292 0 1059 0 48
1292 1 1059 0 49
1293 0 1058 0 48
1293 1 1058 0 48
1294 0 1058 0 48
1294 1 1058 0 48
1295 0 1058 0 50
1295 1 1058 0 51
1296 0 1058 0 53
1296 1 1058 0 53
1297 0 1057 0 51
1297 1 1057 0 51
1298 0 1057 0 51
1298 1 1057 0 51
1299 0 1057 0 52
1299 1 1057 0 52
1300 0 1057 0 54
1300 1 1057 0 55
1301 0 1057 0 56
1301 1 1057 0 56
1302 0 1057 0 56
1302 1 1057 0 56
1303 0 1057 0 56
1303 1 1057 0 57
1304 0 1057 0 56
1304 1 1057 0 56
1305 0 1057 0 58
1305 1 1057 0 58
1306 0 1057 0 60
1306 1 1057 0 61
1307 0 1057 0 61
1307 1 1057 0 61
1308 0 1057 0 61
1308 1 1057 0 61
1309 0 1057 0 63
1309 1 1057 0 63
1310 0 1057 0 63
1310 1 1057 0 63
1311 0 1057 0 63
1311 1 1057 0 63
1312 0 1057 0 63
1312 1 1057 0 63
1313 0 1057 0 63
1313 1 1057 0 64
1314 0 1056 0 64
1314 1 1056 0 64
1315 0 1056 0 65
1315 1 1056 0 65
1316 0 1056 0 67
1316 1 1056 0 67
1317 0 1056 0 69
1317 1 1056 0 69
1318 0 1056 0 69
1318 1 1056 0 69
1319 0 1056 0 69
1319 1 1056 0 69
1320 0 1055 0 69
1320 1 1055 0 69
1321 0 1055 0 69
1321 1 1055 0 69
1322 0 1055 0 69
1322 1 1055 0 69
1323 0 1055 0 69
1323 1 1055 0 69
1324 0 1055 0 69
1324 1 1055 0 69
1325 0 1055 0 69
1325 1 1055 0 69
1326 0 1055 0 69
1326 1 1055 0 69
1327 0 1055 0 71
1327 1 1055 0 71
1328 0 1055 0 71
1328 1 1055 0 71
1329 0 1055 0 71
1329 1 1055 0 71
1330 0 1055 0 71
1330 1 1055 0 71
1331 0 1054 0 69
1331 1 1054 0 69
1332 0 1054 0 69
1332 1 1054 0 69
1333 0 1051 0 66
1333 1 1051 0 66
1334 0 1051 0 67
1334 1 1051 0 67
1335 0 1051 0 67
1335 1 1051 0 67
1336 0 1051 0 68
1336 1 1051 0 68
1337 0 1051 0 68
1337 1 1051 0 68
1338 0 1051 0 68
1338 1 1051 0 68
1339 0 1051 0 68
1339 1 1051 0 68
1340 0 1050 0 66
1340 1 1050 0 66
1341 0 1050 0 66
1341 1 1050 0 66
1342 0 1050 0 66
1342 1 1050 0 66
1343 0 1050 0 68
1343 1 1050 0 68
1344 0 1049 0 67
1344 1 1049 0 67
1345 0 1049 0 67
1345 1 1049 0 67
1346 0 1049 0 68
1346 1 1049 0 68
1347 0 1049 0 68
1347 1 1049 0 68
1348 0 1049 0 68
1348 1 1049 0 68
1349 0 1049 0 68
1349 1 1049 0 68
1350 0 1049 0 68
1350 1 1049 0 68
1351 0 1049 0 68
1351 1 1049 0 68
1352 0 1049 0 68
1352 1 1049 0 68
1353 0 1049 0 70
1353 1 1049 0 70
1354 0 1049 0 70
1354 1 1049 0 70
1355 0 1049 0 70
1355 1 1049 0 70
1356 0 1048 0 68
1356 1 1048 0 68
1357 0 1048 0 68
1357 1 1048 0 68
1358 0 1048 0 68
1358 1 1048 0 68
1359 0 1048 0 68
1359 1 1048 0 68
1360 0 1048 0 68
1360 1 1048 0 68
1361 0 1048 0 68
1361 1 1048 0 68
1362 0 1048 0 68
1362 1 1048 0 68
1363 0 1047 0 66
1363 1 1047 0 66
1364 0 1047 0 66
1364 1 1047 0 66
1365 0 1047 0 68
1365 1 1047 0 68
1366 0 1047 0 68
1366 1 1047 0 68
1367 0 1047 0 68
1367 1 1047 0 68
1368 0 1046 0 67
1368 1 1046 0 67
1369 0 1046 0 67
1369 1 1046 0 67
1370 0 1046 0 67
1370 1 1046 0 67
1371 0 1046 0 67
1371 1 1046 0 67
1372 0 1046 0 67
1372 1 1046 0 67
1373 0 1046 0 67
1373 1 1046 0 67
1374 0 1046 0 67
1374 1 1046 0 67
1375 0 1046 0 67
1375 1 1046 0 68
1376 0 1046 0 68
1376 1 1046 0 68
1377 0 1046 0 68
1377 1 1046 0 68
1378 0 1046 0 68
1378 1 1046 0 68
1379 0 1046 0 68
1379 1 1046 0 68
1380 0 1046 0 68
1380 1 1046 0 68
1381 0 1046 0 68
1381 1 1046 0 68
1382 0 1045 0 67
1382 1 1045 0 67
1383 0 1044 0 66
1383 1 1044 0 66
1384 0 1043 0 65
1384 1 1043 0 65
1385 0 1043 0 65
1385 1 1043 0 65
1386 0 1042 0 63
1386 1 1042 0 63
1387 0 1042 0 64
1387 1 1042 0 64
1388 0 1042 0 64
1388 1 1042 0 64
1389 0 1042 0 64
1389 1 1042 0 64
1390 0 1042 0 64
1390 1 1042 0 64
1391 0 1042 0 64
1391 1 1042 0 64
1392 0 1042 0 64
1392 1 1042 0 64
1393 0 1041 0 64
1393 1 1041 0 64
1394 0 1041 0 64
1394 1 1041 0 64
1395 0 1041 0 64
1395 1 1041 0 64
1396 0 1041 0 64
1396 1 1041 0 64
1397 0 1041 0 64
1397 1 1041 0 64
1398 0 1041 0 64
1398 1 1041 0 64
1399 0 1041 0 64
1399 1 1041 0 64
1400 0 1041 0 64
1400 1 1041 0 64
1401 0 1041 0 65
1401 1 1041 0 65
1402 0 1041 0 66
1402 1 1041 0 66
1403 0 1041 0 66
1403 1 1041 0 66
1404 0 1041 0 66
1404 1 1041 0 66
1405 0 1040 0 64
1405 1 1040 0 64
1406 0 1040 0 64
1406 1 1040 0 64
1407 0 1040 0 64
1407 1 1040 0 64
1408 0 1040 0 65
1408 1 1040 0 65
1409 0 1040 0 65
1409 1 1040 0 65
1410 0 1039 0 65
1410 1 1039 0 65
1411 0 1039 0 65
1411 1 1039 0 65
1412 0 1039 0 65
1412 1 1039 0 65
1413 0 1039 0 65
1413 1 1039 0 65
1414 0 1039 0 65
1414 1 1039 0 65
1415 0 1039 0 65
1415 1 1039 0 65
1416 0 1039 0 65
1416 1 1039 0 65
1417 0 1038 0 65
1417 1 1038 0 65
1418 0 1038 0 67
1418 1 1038 0 67
1419 0 1038 0 67
1419 1 1038 0 67
1420 0 1038 0 67
1420 1 1038 0 67
1421 0 1038 0 67
1421 1 1038 0 67
1422 0 1038 0 66
1422 1 1038 0 66
1423 0 1038 0 66
1423 1 1038 0 66
1424 0 1038 0 68
1424 1 1038 0 68
1425 0 1038 0 68
1425 1 1038 0 68
1426 0 1038 0 68
1426 1 1038 0 68
1427 0 1038 0 67
1427 1 1038 0 67
1428 0 1038 0 67
1428 1 1038 0 67
1429 0 1038 0 67
1429 1 1038 0 67
1430 0 1038 0 65
1430 1 1038 0 66
1431 0 1038 0 66
1431 1 1038 0 66
1432 0 1038 0 66
1432 1 1038 0 66
1433 0 1038 0 66
1433 1 1038 0 66
1434 0 1038 0 66
1434 1 1038 0 66
1435 0 1038 0 66
1435 1 1038 0 67
1436 0 1038 0 67
1436 1 1038 0 67
1437 0 1038 0 67
1437 1 1038 0 67
1438 0 1037 0 64
1438 1 1037 0 64
1439 0 1037 0 66
1439 1 1037 0 66
1440 0 1037 0 66
1440 1 1037 0 66
1441 0 1037 0 66
1441 1 1037 0 66
1442 0 1037 0 66
1442 1 1037 0 66
1443 0 1037 0 67
1443 1 1037 0 67
1444 0 1036 0 67
1444 1 1036 0 67
1445 0 1036 0 67
1445 1 1036 0 67
1446 0 1036 0 67
1446 1 1036 0 67
1447 0 1036 0 67
1447 1 1036 0 67
1448 0 1036 0 67
1448 1 1036 0 67
1449 0 1036 0 67
1449 1 1036 0 67
1450 0 1036 0 67
1450 1 1036 0 67
1451 0 1036 0 67
1451 1 1036 0 67
1452 0 1035 0 65
1452 1 1035 0 65
1453 0 1035 0 65
1453 1 1035 0 65
1454 0 1035 0 65
1454 1 1035 0 65
1455 0 1035 0 65
1455 1 1035 0 65
1456 0 1035 0 65
1456 1 1035 0 65
1457 0 1035 0 65
1457 1 1035 0 65
1458 0 1035 0 65
1458 1 1035 0 65
1459 0 1035 0 65
1459 1 1035 0 65
1460 0 1034 0 64
1460 1 1033 0 62
1461 0 1033 0 62
1461 1 1033 0 62
1462 0 1033 0 62
1462 1 1033 0 62
1463 0 1033 0 62
1463 1 1033 0 62
1464 0 1033 0 62
1464 1 1033 0 62
1465 0 1033 0 64
1465 1 1033 0 64
1466 0 1033 0 65
1466 1 1033 0 65
1467 0 1033 0 66
1467 1 1033 0 66
1468 0 1033 0 67
1468 1 1033 0 67
1469 0 1032 0 65
1469 1 1032 0 65
1470 0 1032 0 65
1470 1 1032 0 65
1471 0 1032 0 65
1471 1 1032 0 65
1472 0 1032 0 65
1472 1 1032 0 65
1473 0 1032 0 65
1473 1 1032 0 65
1474 0 1032 0 65
1474 1 1032 0 65
1475 0 1032 0 65
1475 1 1032 0 65
1476 0 1032 0 66
1476 1 1032 0 66
1477 0 1032 0 66
1477 1 1032 0 66
1478 0 1032 0 68
1478 1 1032 0 68
1479 0 1032 0 68
1479 1 1032 0 68
1480 0 1032 0 68
1480 1 1032 0 68
1481 0 1032 0 68
1481 1 1032 0 68
1482 0 1032 0 68
1482 1 1032 0 68
1483 0 1032 0 68
1483 1 1031 0 66
1484 0 1031 0 66
1484 1 1031 0 66
1485 0 1031 0 66
1485 1 1031 0 66
1486 0 1031 0 66
1486 1 1031 0 66
1487 0 1031 0 66
1487 1 1031 0 66
1488 0 1031 0 66
1488 1 1031 0 66
1489 0 1031 0 66
1489 1 1031 0 66
1490 0 1031 0 65
1490 1 1031 0 65
1491 0 1031 0 65
1491 1 1031 0 66
1492 0 1031 0 66
1492 1 1031 0 66
1493 0 1031 0 66
1493 1 1031 0 66
1494 0 1031 0 68
1494 1 1031 0 68
1495 0 1031 0 68
1495 1 1031 0 68
1496 0 1031 0 68
1496 1 1031 0 68
1497 0 1031 0 68
1497 1 1031 0 68
1498 0 1031 0 68
1498 1 1031 0 68
1499 0 1031 0 68
1499 1 1031 0 68
1500 0 1031 0 68
1500 1 1031 0 68
1501 0 1031 0 68
1501 1 1031 0 68
1502 0 1031 0 68
1502 1 1031 0 68
1503 0 1031 0 68
1503 1 1031 0 68
1504 0 1031 0 68
1504 1 1031 0 68
1505 0 1031 0 68
1505 1 1031 0 68
1506 0 1031 0 68
1506 1 1031 0 68
1507 0 1031 0 68
1507 1 1031 0 68
1508 0 1030 0 67
1508 1 1030 0 67
1509 0 1030 0 67
1509 1 1030 0 67
1510 0 1030 0 67
1510 1 1030 0 67
1511 0 1030 0 67
1511 1 1030 0 67
1512 0 1029 0 67
1512 1 1029 0 68
1513 0 1029 0 68
1513 1 1029 0 69
1514 0 1029 0 69
1514 1 1029 0 69
1515 0 1029 0 69
1515 1 1029 0 69
1516 0 1029 0 69
1516 1 1029 0 69
1517 0 1029 0 69
1517 1 1029 0 69
1518 0 1029 0 69
1518 1 1029 0 69
1519 0 1029 0 69
1519 1 1029 0 69
1520 0 1029 0 69
1520 1 1029 0 69
1521 0 1029 0 69
1521 1 1029 0 69
1522 0 1029 0 69
1522 1 1028 0 67
1523 0 1028 0 67
1523 1 1028 0 67
1524 0 1028 0 65
1524 1 1028 0 65
1525 0 1028 0 65
1525 1 1028 0 65
1526 0 1028 0 67
1526 1 1028 0 66
1527 0 1028 0 66
1527 1 1028 0 66
1528 0 1028 0 66
1528 1 1028 0 66
1529 0 1028 0 66
1529 1 1028 0 66
1530 0 1028 0 66
1530 1 1028 0 66
1531 0 1028 0 66
1531 1 1028 0 66
1532 0 1028 0 66
1532 1 1028 0 66
1533 0 1028 0 66
1533 1 1028 0 66
1534 0 1028 0 68
1534 1 1028 0 68
1535 0 1028 0 68
1535 1 1028 0 68
1536 0 1028 0 67
1536 1 1028 0 67
1537 0 1028 0 67
1537 1 1028 0 67
1538 0 1028 0 67
1538 1 1028 0 67
1539 0 1028 0 67
1539 1 1028 0 67
1540 0 1028 0 67
1540 1 1028 0 67
1541 0 1028 0 67
1541 1 1028 0 67
1542 0 1028 0 67
1542 1 1028 0 67
1543 0 1028 0 67
1543 1 1028 0 67
1544 0 1028 0 67
1544 1 1028 0 67
1545 0 1028 0 68
1545 1 1028 0 68
1546 0 1028 0 68
1546 1 1028 0 68
1547 0 1028 0 68
1547 1 1028 0 68
1548 0 1028 0 68
1548 1 1028 0 68
1549 0 1028 0 68
1549 1 1028 0 68
1550 0 1028 0 68
1550 1 1028 0 68
1551 0 1028 0 68
1551 1 1028 0 68
1552 0 1027 0 66
1552 1 1027 0 66
1553 0 1026 0 65
1553 1 1026 0 65
1554 0 1026 0 65
1554 1 1026 0 66
1555 0 1026 0 66
1555 1 1026 0 66
1556 0 1026 0 66
1556 1 1026 0 66
1557 0 1026 0 66
1557 1 1026 0 66
1558 0 1026 0 66
1558 1 1026 0 66
1559 0 1026 0 66
1559 1 1026 0 66
1560 0 1026 0 66
1560 1 1026 0 66
1561 0 1026 0 66
1561 1 1026 0 66
1562 0 1026 0 66
1562 1 1026 0 66
1563 0 1026 0 66
1563 1 1026 0 66
1564 0 1026 0 66
1564 1 1026 0 66
1565 0 1026 0 66
1565 1 1026 0 66
1566 0 1026 0 68
1566 1 1026 0 68
1567 0 1026 0 68
1567 1 1026 0 68
1568 0 1026 0 69
1568 1 1026 0 69
1569 0 1026 0 69
1569 1 1026 0 69
1570 0 1026 0 69
1570 1 1026 0 69
1571 0 1026 0 69
1571 1 1026 0 69
1572 0 1025 0 67
1572 1 1025 0 67
1573 0 1025 0 67
1573 1 1025 0 67
1574 0 1025 0 67
1574 1 1025 0 67
1575 0 1025 0 68
1575 1 1025 0 68
1576 0 1025 0 68
1576 1 1025 0 68
1577 0 1025 0 68
1577 1 1025 0 68
1578 0 1025 0 68
1578 1 1025 0 68
1579 0 1025 0 68
1579 1 1025 0 68
1580 0 1025 0 68
1580 1 1025 0 68
1581 0 1025 0 68
1581 1 1025 0 68
1582 0 1025 0 68
1582 1 1025 0 68
1583 0 1025 0 68
1583 1 1025 0 68
1584 0 1024 0 68
1584 1 1024 0 66
1585 0 1024 0 66
1585 1 1024 0 66
1586 0 1024 0 66
1586 1 1024 0 66
1587 0 1024 0 68
1587 1 1024 0 68
1588 0 1024 0 68
1588 1 1024 0 68
1589 0 1023 0 68
1589 0 1151 0 68
1589 1 1151 0 68
1590 0 1151 0 68
1590 1 1151 0 68
1591 0 1151 0 68
1591 1 1151 0 68
1592 0 1151 0 68
1592 1 1151 0 68
1593 0 1151 0 68
1593 1 1151 0 68
1594 0 1151 0 68
1594 1 1151 0 68
1595 0 1151 0 68
1595 1 1151 0 68
1596 0 1151 0 67
1596 1 1151 0 67
1597 0 1150 0 67
1597 1 1150 0 67
1598 0 1150 0 67
1598 1 1150 0 67
1599 0 1150 0 69
1599 1 1150 0 69
1600 0 1150 0 69
1600 1 1150 0 69
1601 0 1150 0 69
1601 1 1150 0 69
1602 0 1150 0 69
1602 1 1150 0 69
1603 0 1150 0 69
1603 1 1150 0 69
1604 0 1150 0 69
1604 1 1150 0 69
1605 0 1150 0 69
1605 1 1150 0 69
1606 0 1150 0 69
1606 1 1150 0 69
1607 0 1150 0 69
1607 1 1150 0 70
1608 0 1150 0 70
1608 1 1150 0 70
1609 0 1149 0 68
1609 1 1149 0 68
1610 0 1149 0 68
1610 1 1149 0 68
1611 0 1149 0 68
1611 1 1149 0 68
1612 0 1149 0 68
1612 1 1149 0 68
1613 0 1148 0 66
1613 1 1148 0 66
1614 0 1148 0 66
1614 1 1148 0 66
1615 0 1148 0 66
1615 1 1148 0 66
1616 0 1148 0 66
1616 1 1148 0 66
1617 0 1148 0 67
1617 1 1148 0 67
1618 0 1148 0 67
1618 1 1148 0 67
1619 0 1148 0 67
1619 1 1148 0 67
1620 0 1148 0 67
1620 1 1148 0 67
1621 0 1148 0 69
1621 1 1148 0 69
1622 0 1148 0 69
1622 1 1148 0 69
1623 0 1148 0 69
1623 1 1148 0 69
1624 0 1148 0 69
1624 1 1148 0 69
1625 0 1148 0 68
1625 1 1148 0 68
1626 0 1147 0 68
1626 1 1147 0 68
1627 0 1147 0 68
1627 1 1147 0 68
1628 0 1147 0 68
1628 1 1147 0 68
1629 0 1146 0 68
1629 1 1146 0 68
1630 0 1146 0 68
1630 1 1146 0 68
1631 0 1146 0 68
1631 1 1146 0 68
1632 0 1146 0 67
1632 1 1146 0 67
1633 0 1146 0 67
1633 1 1146 0 67
1634 0 1145 0 65
1634 1 1145 0 65
1635 0 1144 0 65
1635 1 1144 0 65
1636 0 1144 0 65
1636 1 1144 0 65
1637 0 1144 0 65
1637 1 1144 0 65
1638 0 1144 0 65
1638 1 1144 0 65
1639 0 1144 0 65
1639 1 1144 0 65
1640 0 1144 0 65
1640 1 1144 0 65
1641 0 1143 0 65
1641 1 1143 0 65
1642 0 1142 0 63
1642 1 1142 0 63
1643 0 1142 0 65
1643 1 1142 0 65
1644 0 1142 0 65
1644 1 1142 0 65
1645 0 1142 0 65
1645 1 1142 0 65
1646 0 1142 0 65
1646 1 1142 0 65
1647 0 1141 0 65
1647 1 1141 0 65
1648 0 1141 0 65
1648 1 1141 0 65
1649 0 1141 0 65
1649 1 1141 0 65
1650 0 1141 0 65
1650 1 1141 0 65
1651 0 1141 0 64
1651 1 1141 0 64
1652 0 1141 0 64
1652 1 1141 0 64
1653 0 1141 0 64
1653 1 1141 0 64
1654 0 1141 0 64
1654 1 1141 0 64
1655 0 1141 0 64
1655 1 1141 0 64
1656 0 1141 0 64
1656 1 1141 0 64
1657 0 1141 0 64
1657 1 1141 0 64
1658 0 1141 0 64
1658 1 1141 0 64
1659 0 1141 0 64
1659 1 1141 0 64
1660 0 1141 0 65
1660 1 1141 0 65
1661 0 1141 0 65
1661 1 1141 0 65
1662 0 1141 0 65
1662 1 1141 0 65
1663 0 1141 0 65
1663 1 1141 0 65
1664 0 1141 0 65
1664 1 1141 0 65
1665 0 1141 0 65
1665 1 1141 0 65
1666 0 1141 0 66
1666 1 1141 0 66
1667 0 1141 0 67
1667 1 1141 0 67
1668 0 1141 0 67
1668 1 1141 0 67
1669 0 1141 0 67
1669 1 1141 0 67
1670 0 1141 0 67
1670 1 1141 0 67
1671 0 1141 0 68
1671 1 1141 0 68
1672 0 1141 0 68
1672 1 1141 0 68
1673 0 1141 0 68
1673 1 1141 0 68
1674 0 1141 0 68
1674 1 1141 0 68
1675 0 1141 0 68
1675 1 1141 0 68
1676 0 1141 0 68
1676 1 1141 0 68
1677 0 1141 0 68
1677 1 1141 0 68
1678 0 1141 0 69
1678 1 1141 0 69
1679 0 1141 0 69
1679 1 1140 0 67
1680 0 1140 0 68
1680 1 1140 0 68
1681 0 1140 0 68
1681 1 1140 0 68
1682 0 1140 0 68
1682 1 1140 0 68
1683 0 1140 0 68
1683 1 1140 0 68
1684 0 1140 0 68
1684 1 1140 0 68
1685 0 1140 0 68
1685 1 1140 0 68
1686 0 1139 0 68
1686 1 1139 0 68
1687 0 1139 0 68
1687 1 1139 0 68
1688 0 1139 0 68
1688 1 1139 0 68
1689 0 1139 0 68
1689 1 1139 0 68
1690 0 1139 0 68
1690 1 1139 0 68
1691 0 1139 0 68
1691 1 1139 0 68
1692 0 1139 0 68
1692 1 1139 0 68
1693 0 1139 0 68
1693 1 1139 0 68
1694 0 1139 0 68
1694 1 1139 0 68
1695 0 1139 0 68
1695 1 1139 0 68
1696 0 1139 0 68
1696 1 1139 0 68
1697 0 1139 0 68
1697 1 1139 0 68
1698 0 1139 0 69
1698 1 1139 0 69
1699 0 1139 0 69
1699 1 1139 0 69
1700 0 1139 0 68
1700 1 1139 0 68
1701 0 1139 0 68
1701 1 1139 0 68
1702 0 1139 0 68
1702 1 1139 0 68
1703 0 1139 0 68
1703 1 1139 0 68
1704 0 1139 0 68
1704 1 1139 0 68
1705 0 1139 0 68
1705 1 1139 0 68
1706 0 1139 0 68
1706 1 1139 0 68
1707 0 1139 0 68
1707 1 1139 0 68
1708 0 1139 0 68
1708 1 1139 0 68
1709 0 1139 0 70
1709 1 1139 0 70
1710 0 1139 0 70
1710 1 1139 0 70
1711 0 1139 0 70
1711 1 1139 0 70
1712 0 1139 0 70
1712 1 1139 0 70
1713 0 1139 0 70
1713 1 1139 0 70
1714 0 1139 0 70
1714 1 1139 0 70
1715 0 1138 0 68
1715 1 1138 0 68
1716 0 1138 0 68
1716 1 1138 0 68
1717 0 1138 0 68
1717 1 1138 0 68
1718 0 1138 0 70
1718 1 1138 0 70
1719 0 1138 0 70
1719 1 1138 0 70
1720 0 1138 0 70
1720 1 1138 0 70
1721 0 1138 0 70
1721 1 1138 0 70
1722 0 1138 0 70
1722 1 1138 0 70
1723 0 1138 0 70
1723 1 1138 0 70
1724 0 1138 0 70
1724 1 1138 0 70
1725 0 1138 0 70
1725 1 1138 0 70
1726 0 1138 0 70
1726 1 1138 0 70
1727 0 1138 0 70
1727 1 1138 0 70
1728 0 1138 0 70
1728 1 1138 0 70
1729 0 1138 0 70
1729 1 1138 0 70
1730 0 1138 0 70
1730 1 1138 0 70
1731 0 1138 0 70
1731 1 1138 0 70
1732 0 1138 0 70
1732 1 1138 0 70
1733 0 1138 0 71
1733 1 1138 0 71
1734 0 1138 0 71
1734 1 1138 0 71
1735 0 1138 0 71
1735 1 1138 0 71
1736 0 1138 0 71
1736 1 1138 0 71
1737 0 1138 0 71
1737 1 1138 0 71
1738 0 1138 0 71
1738 1 1138 0 71
1739 0 1138 0 71
1739 1 1138 0 71
1740 0 1138 0 71
1740 1 1138 0 71
1741 0 1138 0 71
1741 1 1138 0 71
1742 0 1138 0 71
1742 1 1138 0 71
1743 0 1138 0 71
1743 1 1138 0 71
1744 0 1137 0 71
1744 1 1137 0 71
1745 0 1137 0 71
1745 1 1137 0 71
1746 0 1137 0 71
1746 1 1137 0 71
1747 0 1137 0 71
1747 1 1137 0 71
1748 0 1137 0 71
1748 1 1137 0 71
1749 0 1137 0 71
1749 1 1137 0 71
1750 0 1137 0 71
1750 1 1137 0 71
1751 0 1137 0 71
1751 1 1137 0 71
1752 0 1137 0 71
1752 1 1137 0 71
1753 0 1137 0 71
1753 1 1137 0 71
1754 0 1137 0 71
1754 1 1137 0 71
1755 0 1137 0 71
1755 1 1137 0 71
1756 0 1137 0 71
1756 1 1137 0 71
1757 0 1137 0 71
1757 1 1137 0 71
1758 0 1137 0 71
1758 1 1137 0 71
1759 0 1137 0 71
1759 1 1137 0 71
1760 0 1137 0 71
1760 1 1137 0 71
1761 0 1137 0 71
1761 1 1137 0 71
1762 0 1137 0 71
1762 1 1137 0 71
1763 0 1137 0 71
1763 1 1137 0 71
1764 0 1137 0 71
1764 1 1137 0 71
1765 0 1137 0 71
1765 1 1137 0 71
1766 0 1137 0 71
1766 1 1137 0 71
1767 0 1137 0 71
1767 1 1137 0 71
1768 0 1137 0 71
1768 1 1137 0 71
1769 0 1136 0 71
1769 1 1136 0 71
1770 0 1136 0 71
1770 1 1136 0 71
1771 0 1136 0 71
1771 1 1136 0 71
1772 0 1136 0 71
1772 1 1136 0 71
1773 0 1136 0 71
1773 1 1136 0 71
1774 0 1136 0 71
1774 1 1136 0 71
1775 0 1136 0 71
1775 1 1136 0 71
1776 0 1136 0 71
1776 1 1136 0 71
1777 0 1136 0 73
1777 1 1136 0 73
1778 0 1136 0 73
1778 1 1136 0 73
1779 0 1136 0 73
1779 1 1136 0 73
1780 0 1136 0 73
1780 1 1136 0 73
1781 0 1136 0 73
1781 1 1136 0 73
1782 0 1136 0 73
1782 1 1136 0 73
1783 0 1136 0 73
1783 1 1136 0 73
1784 0 1136 0 73
1784 1 1136 0 73
1785 0 1136 0 73
1785 1 1136 0 73
1786 0 1136 0 73
1786 1 1136 0 73
1787 0 1136 0 73
1787 1 1136 0 73
1788 0 1136 0 73
1788 1 1136 0 73
1789 0 1136 0 73
1789 1 1136 0 73
1790 0 1135 0 71
1790 1 1135 0 71
1791 0 1135 0 71
1791 1 1135 0 71
1792 0 1135 0 71
1792 1 1135 0 71
1793 0 1134 0 69
1793 1 1134 0 69
1794 0 1134 0 71
1794 1 1134 0 71
1795 0 1134 0 71
1795 1 1134 0 71
1796 0 1134 0 71
1796 1 1134 0 71
1797 0 1134 0 71
1797 1 1134 0 71
1798 0 1134 0 71
1798 1 1134 0 71
1799 0 1134 0 71
1799 1 1134 0 71
1800 0 1134 0 71
1800 1 1134 0 71
1801 0 1134 0 71
1801 1 1134 0 71
1802 0 1134 0 71
1802 1 1134 0 71
1803 0 1134 0 71
1803 1 1134 0 71
1804 0 1134 0 71
1804 1 1134 0 71
1805 0 1134 0 71
1805 1 1134 0 71
1806 0 1134 0 71
1806 1 1134 0 71
1807 0 1134 0 71
1807 1 1134 0 71
1808 0 1134 0 73
1808 1 1134 0 73
1809 0 1134 0 73
1809 1 1134 0 73
1810 0 1134 0 73
1810 1 1134 0 73
1811 0 1134 0 73
1811 1 1134 0 73
1812 0 1134 0 73
1812 1 1134 0 73
1813 0 1134 0 73
1813 1 1134 0 73
1814 0 1134 0 73
1814 1 1134 0 73
1815 0 1134 0 73
1815 1 1134 0 73
1816 0 1134 0 73
1816 1 1134 0 73
1817 0 1134 0 73
1817 1 1134 0 73
1818 0 1134 0 73
1818 1 1134 0 73
1819 0 1134 0 73
1819 1 1134 0 73
1820 0 1134 0 73
1820 1 1134 0 73
1821 0 1134 0 73
1821 1 1134 0 73
1822 0 1134 0 73
1822 1 1134 0 73
1823 0 1134 0 73
1823 1 1134 0 73
1824 0 1134 0 73
1824 1 1134 0 73
1825 0 1134 0 73
1825 1 1134 0 73
1826 0 1134 0 73
1826 1 1134 0 73
1827 0 1134 0 73
1827 1 1134 0 73
1828 0 1134 0 73
1828 1 1134 0 73
1829 0 1134 0 73
1829 1 1134 0 73
1830 0 1134 0 73
1830 1 1134 0 73
1831 0 1134 0 73
1831 1 1134 0 73
1832 0 1134 0 73
1832 1 1134 0 73
1833 0 1134 0 73
1833 1 1134 0 73
1834 0 1134 0 73
1834 1 1134 0 73
1835 0 1134 0 73
1835 1 1134 0 73
1836 0 1134 0 73
1836 1 1134 0 73
1837 0 1134 0 73
1837 1 1134 0 73
1838 0 1134 0 73
1838 1 1134 0 73
1839 0 1133 0 71
1839 1 1133 0 71
1840 0 1133 0 71
1840 1 1133 0 71
1841 0 1133 0 71
1841 1 1133 0 71
1842 0 1133 0 71
1842 1 1133 0 71
1843 0 1133 0 71
1843 1 1133 0 71
1844 0 1133 0 71
1844 1 1133 0 71
1845 0 1133 0 71
1845 1 1133 0 71
1846 0 1133 0 72
1846 1 1133 0 72
1847 0 1133 0 72
1847 1 1133 0 72
1848 0 1133 0 72
1848 1 1133 0 72
1849 0 1133 0 73
1849 1 1133 0 73
1850 0 1133 0 73
1850 1 1133 0 73
1851 0 1133 0 73
1851 1 1133 0 73
1852 0 1133 0 73
1852 1 1133 0 73
1853 0 1133 0 72
1853 1 1133 0 72
1854 0 1133 0 72
1854 1 1133 0 72
1855 0 1133 0 72
1855 1 1133 0 72
1856 0 1133 0 72
1856 1 1133 0 72
1857 0 1133 0 73
1857 1 1133 0 73
1858 0 1133 0 73
1858 1 1133 0 73
1859 0 1133 0 73
1859 1 1133 0 73
1860 0 1133 0 73
1860 1 1133 0 73
1861 0 1133 0 73
1861 1 1133 0 73
1862 0 1133 0 73
1862 1 1133 0 73
1863 0 1133 0 73
1863 1 1133 0 73
1864 0 1133 0 73
1864 1 1133 0 73
1865 0 1133 0 73
1865 1 1133 0 73
1866 0 1133 0 73
1866 1 1133 0 73
1867 0 1133 0 73
1867 1 1133 0 73
1868 0 1133 0 74
1868 1 1133 0 74
1869 0 1133 0 74
1869 1 1133 0 74
1870 0 1133 0 74
1870 1 1133 0 74
1871 0 1133 0 74
1871 1 1133 0 74
1872 0 1133 0 74
1872 1 1133 0 74
1873 0 1133 0 74
1873 1 1133 0 74
1874 0 1133 0 74
1874 1 1133 0 74
1875 0 1133 0 74
1875 1 1133 0 74
1876 0 1133 0 74
1876 1 1133 0 74
1877 0 1133 0 74
1877 1 1133 0 74
1878 0 1133 0 74
1878 1 1133 0 74
1879 0 1133 0 74
1879 1 1133 0 74
1880 0 1133 0 74
1880 1 1133 0 74
1881 0 1133 0 74
1881 1 1133 0 74
1882 0 1133 0 74
1882 1 1133 0 74
1883 0 1133 0 74
1883 1 1133 0 74
1884 0 1133 0 74
1884 1 1133 0 74
1885 0 1133 0 74
1885 1 1133 0 74
1886 0 1133 0 74
1886 1 1133 0 74
1887 0 1133 0 74
1887 1 1133 0 74
1888 0 1133 0 74
1888 1 1133 0 74
1889 0 1133 0 74
1889 1 1133 0 74
1890 0 1133 0 74
1890 1 1133 0 74
1891 0 1133 0 74
1891 1 1133 0 74
1892 0 1133 0 74
1892 1 1133 0 74
1893 0 1133 0 74
1893 1 1133 0 74
1894 0 1133 0 74
1894 1 1133 0 74
1895 0 1133 0 74
1895 1 1133 0 74
1896 0 1133 0 74
1896 1 1133 0 74
1897 0 1133 0 74
1897 1 1133 0 74
1898 0 1133 0 74
1898 1 1133 0 74
1899 0 1133 0 74
1899 1 1133 0 74
1900 0 1133 0 74
1900 1 1133 0 74
1901 0 1133 0 74
1901 1 1133 0 74
1902 0 1133 0 74
1902 1 1133 0 74
1903 0 1133 0 74
1903 1 1133 0 74
1904 0 1133 0 74
1904 1 1133 0 74
1905 0 1133 0 74
1905 1 1133 0 74
1906 0 1133 0 74
1906 1 1133 0 74
1907 0 1133 0 74
1907 1 1133 0 74
1908 0 1133 0 74
1908 1 1133 0 74
1909 0 1133 0 74
1909 1 1133 0 74
1910 0 1133 0 74
1910 1 1133 0 74
1911 0 1133 0 74
1911 1 1133 0 74
1912 0 1133 0 74
1912 1 1133 0 74
1913 0 1133 0 74
1913 1 1133 0 74
1914 0 1133 0 74
1914 1 1133 0 74
1915 0 1133 0 74
1915 1 1133 0 74
1916 0 1133 0 74
1916 1 1133 0 74
1917 0 1133 0 72
1917 1 1133 0 72
1918 0 1133 0 72
1918 1 1133 0 72
1919 0 1133 0 72
1919 1 1133 0 72
1920 0 1133 0 71
1920 1 1133 0 71
1921 0 1133 0 71
1921 1 1133 0 71
1922 0 1133 0 71
1922 1 1132 0 69
1923 0 1132 0 69
1923 1 1132 0 69
1924 0 1132 0 69
1924 1 1132 0 69
1925 0 1132 0 69
1925 1 1132 0 69
1926 0 1132 0 69
1926 1 1132 0 69
1927 0 1132 0 69
1927 1 1132 0 69
1928 0 1132 0 69
1928 1 1132 0 69
1929 0 1132 0 69
1929 1 1132 0 69
1930 0 1132 0 69
1930 1 1132 0 69
1931 0 1132 0 69
1931 1 1132 0 69
1932 0 1132 0 67
1932 1 1132 0 67
1933 0 1132 0 67
1933 1 1132 0 67
1934 0 1132 0 67
1934 1 1132 0 67
1935 0 1132 0 67
1935 1 1132 0 67
1936 0 1132 0 67
1936 1 1132 0 67
1937 0 1132 0 67
1937 1 1132 0 67
1938 0 1132 0 67
1938 1 1132 0 67
1939 0 1132 0 67
1939 1 1132 0 67
1940 0 1132 0 67
1940 1 1132 0 67
1941 0 1132 0 67
1941 1 1132 0 67
1942 0 1132 0 67
1942 1 1132 0 67
1943 0 1132 0 67
1943 1 1132 0 67
1944 0 1132 0 67
1944 1 1132 0 67
1945 0 1132 0 67
1945 1 1132 0 67
1946 0 1132 0 67
1946 1 1132 0 67
1947 0 1132 0 67
1947 1 1132 0 67
1948 0 1132 0 67
1948 1 1132 0 67
1949 0 1132 0 68
1949 1 1132 0 68
1950 0 1132 0 68
1950 1 1132 0 68
1951 0 1132 0 68
1951 1 1132 0 68
1952 0 1132 0 68
1952 1 1132 0 68
1953 0 1132 0 68
1953 1 1132 0 68
1954 0 1132 0 68
1954 1 1132 0 68
1955 0 1132 0 68
1955 1 1132 0 68
1956 0 1132 0 69
1956 1 1132 0 69
1957 0 1132 0 69
1957 1 1132 0 69
1958 0 1132 0 69
1958 1 1132 0 69
1959 0 1132 0 69
1959 1 1132 0 69
1960 0 1132 0 69
1960 1 1132 0 69
1961 0 1132 0 69
1961 1 1132 0 69
1962 0 1132 0 69
1962 1 1132 0 69
1963 0 1132 0 69
1963 1 1132 0 69
1964 0 1132 0 69
1964 1 1132 0 69
1965 0 1132 0 69
1965 1 1132 0 69
1966 0 1132 0 69
1966 1 1132 0 69
1967 0 1132 0 69
1967 1 1132 0 69
1968 0 1132 0 69
1968 1 1132 0 69
1969 0 1132 0 69
1969 1 1132 0 69
1970 0 1132 0 69
1970 1 1132 0 69
1971 0 1132 0 69
1971 1 1132 0 69
1972 0 1132 0 69
1972 1 1132 0 69
1973 0 1132 0 69
1973 1 1132 0 69
1974 0 1132 0 69
1974 1 1132 0 69
1975 0 1132 0 69
1975 1 1132 0 69
1976 0 1132 0 69
1976 1 1132 0 69
1977 0 1132 0 69
1977 1 1132 0 69
1978 0 1132 0 69
1978 1 1132 0 69
1979 0 1132 0 69
1979 1 1132 0 69
1980 0 1132 0 69
1980 1 1132 0 69
1981 0 1132 0 69
1981 1 1132 0 69
1982 0 1132 0 69
1982 1 1132 0 69
1983 0 1132 0 69
1983 1 1132 0 69
1984 0 1132 0 69
1984 1 1132 0 69
1985 0 1132 0 69
1985 1 1132 0 69
1986 0 1132 0 69
1986 1 1132 0 69
1987 0 1132 0 69
1987 1 1132 0 69
1988 0 1132 0 69
1988 1 1132 0 69
1989 0 1132 0 69
1989 1 1132 0 69
1990 0 1132 0 69
1990 1 1132 0 69
1991 0 1132 0 69
1991 1 1132 0 69
1992 0 1132 0 69
1992 1 1132 0 69
1993 0 1132 0 69
1993 1 1132 0 69
1994 0 1132 0 69
1994 1 1132 0 69
1995 0 1132 0 69
1995 1 1132 0 69
1996 0 1132 0 69
1996 1 1132 0 69
1997 0 1132 0 69
1997 1 1132 0 69
1998 0 1132 0 69
1998 1 1132 0 69
1999 0 1132 0 69
1999 1 1132 0 69
2000 0 1132 0 69
2000 1 1132 0 69
2001 0 1132 0 69
2001 1 1132 0 69
2002 0 1132 0 69
2002 1 1132 0 69
2003 0 1132 0 69
2003 1 1132 0 69
2004 0 1132 0 69
2004 1 1132 0 69
2005 0 1132 0 69
2005 1 1132 0 69
2006 0 1132 0 69
2006 1 1132 0 69
2007 0 1132 0 69
2007 1 1132 0 69
2008 0 1132 0 69
2008 1 1132 0 69
2009 0 1132 0 69
2009 1 1132 0 69
2010 0 1132 0 69
2010 1 1132 0 69
2011 0 1132 0 69
2011 1 1132 0 69
2012 0 1132 0 69
2012 1 1132 0 69
2013 0 1132 0 69
2013 1 1132 0 69
2014 0 1132 0 69
2014 1 1132 0 69
2015 0 1132 0 69
2015 1 1132 0 69
2016 0 1132 0 69
2016 1 1132 0 69
2017 0 1132 0 69
2017 1 1132 0 69
2018 0 1132 0 69
2018 1 1132 0 69
2019 0 1132 0 69
2019 1 1132 0 69
2020 0 1132 0 69
2020 1 1132 0 69
2021 0 1132 0 69
2021 1 1132 0 69
2022 0 1132 0 69
2022 1 1132 0 69
2023 0 1132 0 69
2023 1 1132 0 69
2024 0 1132 0 69
2024 1 1132 0 69
2025 0 1132 0 69
2025 1 1132 0 69
2026 0 1132 0 69
2026 1 1132 0 69
2027 0 1132 0 69
2027 1 1132 0 69
2028 0 1132 0 69
2028 1 1132 0 69
2029 0 1132 0 69
2029 1 1132 0 69
2030 0 1132 0 69
2030 1 1132 0 69
2031 0 1132 0 69
2031 1 1132 0 69
2032 0 1132 0 69
2032 1 1132 0 69
2033 0 1132 0 69
2033 1 1132 0 69
2034 0 1132 0 69
2034 1 1132 0 69
2035 0 1132 0 69
2035 1 1132 0 69
2036 0 1132 0 69
2036 1 1132 0 69
2037 0 1132 0 69
2037 1 1132 0 69
2038 0 1132 0 69
2038 1 1132 0 69
2039 0 1132 0 69
2039 1 1132 0 69
2040 0 1132 0 69
2040 1 1132 0 69
2041 0 1132 0 69
2041 1 1132 0 69
2042 0 1132 0 70
2042 1 1132 0 70
2043 0 1132 0 70
2043 1 1132 0 70
2044 0 1132 0 70
2044 1 1132 0 70
2045 0 1132 0 70
2045 1 1132 0 70
2046 0 1132 0 69
2046 1 1132 0 69
2047 0 1132 0 69
2047 1 1132 0 69
2048 0 1132 0 69
2048 1 1132 0 69
2049 0 1132 0 69
2049 1 1132 0 69
2050 0 1132 0 69
2050 1 1132 0 69
2051 0 1132 0 69
2051 1 1132 0 69
2052 0 1132 0 69
2052 1 1132 0 69
2053 0 1132 0 69
2053 1 1132 0 69
2054 0 1131 0 68
2054 1 1131 0 68
2055 0 1131 0 68
2055 1 1131 0 68
2056 0 1131 0 68
2056 1 1131 0 68
2057 0 1131 0 68
2057 1 1131 0 68
2058 0 1131 0 68
2058 1 1131 0 68
2059 0 1131 0 68
2059 1 1131 0 68
2060 0 1131 0 68
2060 1 1131 0 68
2061 0 1131 0 68
2061 1 1131 0 68
2062 0 1131 0 68
2062 1 1131 0 68
2063 0 1131 0 68
2063 1 1131 0 68
2064 0 1131 0 68
2064 1 1131 0 68
2065 0 1131 0 68
2065 1 1131 0 68
2066 0 1131 0 68
2066 1 1131 0 68
2067 0 1131 0 68
2067 1 1131 0 68
2068 0 1131 0 68
2068 1 1131 0 68
2069 0 1131 0 68
2069 1 1131 0 68
2070 0 1131 0 68
2070 1 1131 0 68
2071 0 1131 0 68
2071 1 1131 0 68
2072 0 1131 0 68
2072 1 1131 0 68
2073 0 1131 0 68
2073 1 1131 0 68
2074 0 1131 0 68
2074 1 1131 0 68
2075 0 1131 0 68
2075 1 1131 0 68
2076 0 1131 0 68
2076 1 1131 0 68
2077 0 1131 0 68
2077 1 1131 0 68
2078 0 1131 0 68
2078 1 1131 0 68
2079 0 1131 0 68
2079 1 1131 0 68
2080 0 1131 0 68
2080 1 1131 0 68
2081 0 1131 0 68
2081 1 1131 0 68
2082 0 1131 0 68
2082 1 1131 0 68
2083 0 1131 0 68
2083 1 1131 0 68
2084 0 1131 0 68
2084 1 1131 0 68
2085 0 1131 0 68
2085 1 1131 0 68
2086 0 1131 0 68
2086 1 1131 0 68
2087 0 1131 0 69
2087 1 1131 0 69
2088 0 1131 0 69
2088 1 1131 0 69
2089 0 1131 0 69
2089 1 1131 0 69
2090 0 1131 0 69
2090 1 1131 0 69
2091 0 1131 0 69
2091 1 1131 0 69
2092 0 1131 0 69
2092 1 1131 0 69
2093 0 1131 0 69
2093 1 1131 0 69
2094 0 1131 0 69
2094 1 1131 0 69
2095 0 1131 0 69
2095 1 1131 0 69
2096 0 1131 0 69
2096 1 1131 0 69
2097 0 1131 0 69
2097 1 1131 0 69
2098 0 1131 0 69
2098 1 1131 0 69
2099 0 1131 0 69
2099 1 1131 0 69
2100 0 1131 0 69
2100 1 1131 0 69
2101 0 1131 0 69
2101 1 1131 0 69
2102 0 1131 0 69
2102 1 1131 0 69
2103 0 1131 0 69
2103 1 1131 0 69
2104 0 1131 0 69
2104 1 1131 0 69
2105 0 1131 0 69
2105 1 1131 0 69
2106 0 1131 0 69
2106 1 1131 0 69
2107 0 1131 0 69
2107 1 1131 0 69
2108 0 1131 0 69
2108 1 1131 0 69
2109 0 1131 0 69
2109 1 1131 0 69
2110 0 1131 0 69
2110 1 1131 0 69
2111 0 1131 0 69
2111 1 1131 0 69
2112 0 1131 0 69
2112 1 1131 0 69
2113 0 1131 0 69
2113 1 1131 0 69
2114 0 1131 0 69
2114 1 1131 0 69
2115 0 1131 0 69
2115 1 1131 0 69
2116 0 1131 0 69
2116 1 1131 0 69
2117 0 1131 0 69
2117 1 1131 0 69
2118 0 1131 0 69
2118 1 1131 0 69
2119 0 1131 0 69
2119 1 1131 0 69
2120 0 1131 0 69
2120 1 1131 0 69
2121 0 1131 0 69
2121 1 1131 0 69
2122 0 1131 0 69
2122 1 1131 0 69
2123 0 1131 0 69
2123 1 1131 0 69
2124 0 1131 0 69
2124 1 1131 0 69
2125 0 1131 0 69
2125 1 1131 0 69
2126 0 1131 0 69
2126 1 1131 0 69
2127 0 1131 0 69
2127 1 1131 0 69
2128 0 1131 0 69
2128 1 1131 0 69
2129 0 1131 0 69
2129 1 1131 0 69
2130 0 1131 0 69
2130 1 1131 0 69
2131 0 1131 0 69
2131 1 1131 0 69
2132 0 1131 0 69
2132 1 1131 0 69
2133 0 1131 0 69
2133 1 1131 0 69
2134 0 1131 0 69
2134 1 1131 0 69
2135 0 1131 0 69
2135 1 1131 0 69
2136 0 1131 0 70
2136 1 1131 0 70
2137 0 1131 0 70
2137 1 1131 0 70
2138 0 1131 0 70
2138 1 1131 0 70
2139 0 1131 0 70
2139 1 1131 0 70
2140 0 1131 0 70
2140 1 1131 0 70
2141 0 1131 0 70
2141 1 1131 0 70
2142 0 1131 0 70
2142 1 1131 0 70
2143 0 1131 0 70
2143 1 1131 0 70
2144 0 1131 0 70
2144 1 1131 0 70
2145 0 1131 0 70
2145 1 1131 0 70
2146 0 1131 0 70
2146 1 1131 0 70
2147 0 1131 0 70
2147 1 1131 0 70
2148 0 1131 0 70
2148 1 1131 0 70
2149 0 1131 0 70
2149 1 1131 0 70
2150 0 1131 0 70
2150 1 1131 0 70
2151 0 1131 0 70
2151 1 1131 0 70
2152 0 1131 0 70
2152 1 1131 0 70
2153 0 1131 0 70
2153 1 1131 0 70
2154 0 1131 0 70
2154 1 1131 0 70
2155 0 1131 0 70
2155 1 1131 0 70
2156 0 1131 0 70
2156 1 1131 0 70
2157 0 1131 0 70
2157 1 1131 0 70
2158 0 1131 0 70
2158 1 1131 0 70
2159 0 1131 0 70
2159 1 1131 0 70
2160 0 1131 0 69
2160 1 1131 0 69
2161 0 1131 0 69
2161 1 1131 0 69
2162 0 1131 0 69
2162 1 1131 0 69
2163 0 1131 0 69
2163 1 1131 0 69
2164 0 1131 0 69
2164 1 1131 0 69
2165 0 1131 0 69
2165 1 1131 0 69
2166 0 1131 0 69
2166 1 1131 0 69
2167 0 1131 0 69
2167 1 1131 0 69
2168 0 1131 0 69
2168 1 1131 0 69
2169 0 1131 0 69
2169 1 1131 0 69
2170 0 1131 0 69
2170 1 1131 0 69
2171 0 1131 0 69
2171 1 1131 0 69
2172 0 1131 0 69
2172 1 1131 0 69
2173 0 1131 0 69
2173 1 1131 0 69
2174 0 1131 0 69
2174 1 1131 0 69
2175 0 1131 0 69
2175 1 1131 0 69
2176 0 1131 0 69
2176 1 1131 0 69
2177 0 1131 0 69
2177 1 1131 0 69
2178 0 1131 0 69
2178 1 1131 0 69
2179 0 1131 0 69
2179 1 1131 0 69
2180 0 1131 0 69
2180 1 1131 0 69
2181 0 1131 0 69
2181 1 1131 0 69
2182 0 1131 0 69
2182 1 1131 0 69
2183 0 1131 0 69
2183 1 1131 0 69
2184 0 1131 0 69
2184 1 1131 0 69
2185 0 1131 0 69
2185 1 1131 0 69
2186 0 1131 0 69
2186 1 1131 0 69
2187 0 1131 0 69
2187 1 1131 0 69
2188 0 1131 0 69
2188 1 1131 0 69
2189 0 1131 0 69
2189 1 1131 0 69
2190 0 1131 0 69
2190 1 1131 0 69
2191 0 1131 0 69
2191 1 1131 0 69
2192 0 1131 0 69
2192 1 1131 0 69
2193 0 1131 0 69
2193 1 1131 0 69
2194 0 1131 0 69
2194 1 1131 0 69
2195 0 1131 0 69
2195 1 1131 0 69
2196 0 1131 0 69
2196 1 1131 0 69
2197 0 1131 0 69
2197 1 1131 0 69
2198 0 1130 0 68
2198 1 1130 0 68
2199 0 1130 0 68
2199 1 1130 0 68
2200 0 1129 0 66
2200 1 1129 0 66
2201 0 1129 0 66
2201 1 1129 0 66
2202 0 1129 0 66
2202 1 1129 0 66
2203 0 1129 0 66
2203 1 1129 0 66
2204 0 1129 0 66
2204 1 1129 0 66
2205 0 1129 0 67
2205 1 1129 0 67
2206 0 1129 0 67
2206 1 1129 0 67
2207 0 1128 0 67
2207 1 1128 0 67
2208 0 1128 0 67
2208 1 1128 0 67
2209 0 1128 0 67
2209 1 1128 0 67
2210 0 1128 0 67
2210 1 1128 0 67
2211 0 1128 0 67
2211 1 1128 0 67
2212 0 1128 0 68
2212 1 1128 0 68
2213 0 1128 0 68
2213 1 1128 0 68
2214 0 1128 0 68
2214 1 1128 0 68
2215 0 1128 0 68
2215 1 1128 0 68
2216 0 1128 0 68
2216 1 1128 0 68
2217 0 1128 0 68
2217 1 1128 0 68
2218 0 1128 0 68
2218 1 1128 0 68
2219 0 1128 0 68
2219 1 1128 0 68
2220 0 1128 0 68
2220 1 1128 0 68
2221 0 1127 0 67
2221 1 1127 0 67
2222 0 1127 0 67
2222 1 1127 0 67
2223 0 1127 0 67
2223 1 1127 0 67
2224 0 1127 0 67
2224 1 1127 0 67
2225 0 1127 0 67
2225 1 1127 0 67
2226 0 1127 0 67
2226 1 1127 0 67
2227 0 1127 0 67
2227 1 1127 0 67
2228 0 1127 0 67
2228 1 1127 0 67
2229 0 1127 0 67
2229 1 1127 0 67
2230 0 1127 0 67
2230 1 1127 0 67
2231 0 1127 0 67
2231 1 1127 0 67
2232 0 1127 0 67
2232 1 1127 0 67
2233 0 1127 0 67
2233 1 1127 0 67
2234 0 1127 0 67
2234 1 1127 0 67
2235 0 1127 0 67
2235 1 1127 0 67
2236 0 1127 0 67
2236 1 1127 0 67
2237 0 1127 0 67
2237 1 1127 0 67
2238 0 1127 0 67
2238 1 1127 0 67
2239 0 1127 0 67
2239 1 1127 0 67
2240 0 1127 0 67
2240 1 1127 0 67
2241 0 1127 0 67
2241 1 1127 0 67
2242 0 1127 0 67
2242 1 1127 0 67
2243 0 1127 0 67
2243 1 1127 0 67
2244 0 1127 0 67
2244 1 1127 0 67
2245 0 1127 0 67
2245 1 1127 0 67
2246 0 1127 0 67
2246 1 1127 0 67
2247 0 1127 0 67
2247 1 1127 0 67
2248 0 1126 0 65
2248 1 1126 0 65
2249 0 1126 0 65
2249 1 1126 0 65
2250 0 1126 0 65
2250 1 1126 0 65
2251 0 1126 0 65
2251 1 1126 0 65
2252 0 1126 0 65
2252 1 1126 0 65
2253 0 1126 0 65
2253 1 1126 0 65
2254 0 1126 0 65
2254 1 1126 0 65
2255 0 1126 0 67
2255 1 1126 0 67
2256 0 1126 0 67
2256 1 1126 0 67
2257 0 1126 0 67
2257 1 1126 0 67
2258 0 1125 0 66
2258 1 1125 0 66
2259 0 1125 0 66
2259 1 1125 0 66
2260 0 1125 0 66
2260 1 1125 0 66
2261 0 1125 0 66
2261 1 1125 0 66
2262 0 1125 0 66
2262 1 1125 0 66
2263 0 1125 0 66
2263 1 1125 0 66
2264 0 1125 0 66
2264 1 1125 0 66
2265 0 1125 0 66
2265 1 1125 0 66
2266 0 1125 0 66
2266 1 1125 0 66
2267 0 1125 0 66
2267 1 1125 0 66
2268 0 1125 0 66
2268 1 1125 0 66
2269 0 1125 0 66
2269 1 1125 0 66
2270 0 1125 0 66
2270 1 1125 0 66
2271 0 1125 0 66
2271 1 1125 0 66
2272 0 1125 0 66
2272 1 1125 0 66
2273 0 1125 0 66
2273 1 1125 0 66
2274 0 1125 0 66
2274 1 1125 0 66
2275 0 1125 0 66
2275 1 1125 0 66
2276 0 1125 0 66
2276 1 1125 0 66
2277 0 1125 0 67
2277 1 1125 0 67
2278 0 1125 0 67
2278 1 1125 0 67
2279 0 1125 0 67
2279 1 1125 0 67
2280 0 1125 0 67
2280 1 1125 0 67
2281 0 1125 0 67
2281 1 1125 0 67
2282 0 1125 0 67
2282 1 1125 0 67
2283 0 1125 0 67
2283 1 1125 0 67
2284 0 1125 0 67
2284 1 1125 0 67
2285 0 1125 0 67
2285 1 1125 0 67
2286 0 1125 0 67
2286 1 1125 0 67
2287 0 1125 0 67
2287 1 1125 0 67
2288 0 1125 0 67
2288 1 1125 0 67
2289 0 1125 0 67
2289 1 1125 0 67
2290 0 1125 0 67
2290 1 1125 0 67
2291 0 1125 0 67
2291 1 1125 0 67
2292 0 1125 0 67
2292 1 1125 0 67
2293 0 1125 0 67
2293 1 1125 0 67
2294 0 1125 0 67
2294 1 1125 0 67
2295 0 1125 0 67
2295 1 1125 0 67
2296 0 1125 0 67
2296 1 1125 0 67
2297 0 1125 0 67
2297 1 1125 0 67
2298 0 1125 0 67
2298 1 1125 0 67
2299 0 1125 0 67
2299 1 1125 0 67
2300 0 1125 0 67
2300 1 1125 0 67
2301 0 1125 0 67
2301 1 1125 0 67
2302 0 1125 0 67
2302 1 1125 0 67
2303 0 1125 0 67
2303 1 1125 0 67
2304 0 1125 0 67
2304 1 1125 0 67
2305 0 1125 0 67
2305 1 1125 0 67
2306 0 1125 0 67
2306 1 1125 0 67
2307 0 1125 0 67
2307 1 1125 0 67
2308 0 1125 0 67
2308 1 1125 0 67
2309 0 1125 0 67
2309 1 1125 0 67
2310 0 1125 0 67
2310 1 1125 0 67
2311 0 1125 0 67
2311 1 1125 0 67
2312 0 1125 0 67
2312 1 1125 0 67
2313 0 1125 0 67
2313 1 1125 0 67
2314 0 1125 0 67
2314 1 1125 0 67
2315 0 1125 0 67
2315 1 1125 0 67
2316 0 1125 0 67
2316 1 1125 0 67
2317 0 1125 0 67
2317 1 1125 0 67
2318 0 1125 0 68
2318 1 1125 0 68
2319 0 1125 0 68
2319 1 1125 0 68
2320 0 1125 0 68
2320 1 1125 0 68
2321 0 1125 0 68
2321 1 1125 0 68
2322 0 1125 0 68
2322 1 1125 0 68
2323 0 1125 0 68
2323 1 1125 0 68
2324 0 1125 0 68
2324 1 1125 0 68
2325 0 1125 0 68
2325 1 1125 0 68
2326 0 1125 0 67
2326 1 1125 0 67
2327 0 1125 0 67
2327 1 1125 0 67
2328 0 1125 0 67
2328 1 1125 0 67
2329 0 1125 0 67
2329 1 1125 0 67
2330 0 1125 0 67
2330 1 1125 0 67
2331 0 1125 0 67
2331 1 1125 0 67
2332 0 1125 0 67
2332 1 1125 0 67
2333 0 1125 0 67
2333 1 1125 0 67
2334 0 1125 0 69
2334 1 1125 0 67
2335 0 1125 0 67
2335 1 1125 0 67
2336 0 1125 0 67
2336 1 1125 0 67
2337 0 1125 0 68
2337 1 1125 0 68
2338 0 1125 0 68
2338 1 1125 0 68
2339 0 1125 0 68
2339 1 1125 0 68
2340 0 1125 0 68
2340 1 1125 0 68
2341 0 1125 0 68
2341 1 1125 0 68
2342 0 1125 0 68
2342 1 1125 0 68
2343 0 1125 0 68
2343 1 1125 0 68
2344 0 1125 0 68
2344 1 1125 0 68
2345 0 1125 0 68
2345 1 1125 0 68
2346 0 1125 0 68
2346 1 1125 0 68
2347 0 1125 0 68
2347 1 1125 0 68
2348 0 1125 0 68
2348 1 1125 0 68
2349 0 1125 0 68
2349 1 1125 0 68
2350 0 1125 0 68
2350 1 1125 0 68
2351 0 1125 0 68
2351 1 1125 0 68
2352 0 1125 0 68
2352 1 1125 0 68
2353 0 1125 0 68
2353 1 1125 0 68
2354 0 1125 0 68
2354 1 1125 0 68
2355 0 1125 0 68
2355 1 1125 0 68
2356 0 1125 0 68
2356 1 1125 0 68
2357 0 1125 0 68
2357 1 1125 0 68
2358 0 1125 0 68
2358 1 1125 0 68
2359 0 1125 0 68
2359 1 1125 0 68
2360 0 1125 0 68
2360 1 1125 0 68
2361 0 1125 0 68
2361 1 1125 0 68
2362 0 1125 0 68
2362 1 1125 0 68
2363 0 1125 0 68
2363 1 1125 0 68
2364 0 1125 0 68
2364 1 1125 0 68
2365 0 1125 0 68
2365 1 1125 0 68
2366 0 1125 0 68
2366 1 1125 0 68
2367 0 1125 0 68
2367 1 1125 0 68
2368 0 1125 0 68
2368 1 1125 0 68
2369 0 1125 0 68
2369 1 1125 0 68
2370 0 1125 0 68
2370 1 1125 0 68
2371 0 1125 0 68
2371 1 1125 0 68
2372 0 1125 0 69
2372 1 1125 0 69
2373 0 1125 0 69
2373 1 1125 0 69
2374 0 1125 0 69
2374 1 1125 0 69
2375 0 1125 0 69
2375 1 1125 0 69
2376 0 1125 0 69
2376 1 1125 0 69
2377 0 1125 0 69
2377 1 1125 0 69
2378 0 1125 0 69
2378 1 1125 0 69
2379 0 1125 0 69
2379 1 1125 0 69
2380 0 1125 0 69
2380 1 1125 0 69
2381 0 1125 0 69
2381 1 1125 0 69
2382 0 1125 0 69
2382 1 1125 0 69
2383 0 1125 0 69
2383 1 1125 0 69
2384 0 1125 0 69
2384 1 1125 0 69
2385 0 1125 0 69
2385 1 1125 0 69
2386 0 1125 0 69
2386 1 1125 0 69
2387 0 1125 0 69
2387 1 1125 0 69
2388 0 1125 0 69
2388 1 1125 0 69
2389 0 1125 0 69
2389 1 1125 0 69
2390 0 1125 0 69
2390 1 1125 0 69
2391 0 1125 0 69
2391 1 1125 0 69
2392 0 1125 0 69
2392 1 1125 0 69
2393 0 1125 0 69
2393 1 1125 0 69
2394 0 1125 0 69
2394 1 1125 0 69
2395 0 1125 0 69
2395 1 1125 0 69
2396 0 1125 0 69
2396 1 1125 0 69
2397 0 1125 0 69
2397 1 1125 0 69
2398 0 1125 0 69
2398 1 1125 0 69
2399 0 1125 0 69
2399 1 1125 0 69
2400 0 1125 0 69
2400 1 1125 0 69
2401 0 1125 0 69
2401 1 1125 0 69
2402 0 1125 0 69
2402 1 1125 0 69
2403 0 1125 0 69
2403 1 1125 0 69
2404 0 1125 0 69
2404 1 1125 0 69
2405 0 1125 0 69
2405 1 1125 0 69
2406 0 1125 0 69
2406 1 1125 0 69
2407 0 1125 0 69
2407 1 1125 0 69
2408 0 1125 0 69
2408 1 1125 0 69
2409 0 1125 0 69
2409 1 1125 0 69
2410 0 1125 0 69
2410 1 1125 0 69
2411 0 1125 0 70
2411 1 1125 0 70
2412 0 1125 0 70
2412 1 1125 0 70
2413 0 1125 0 70
2413 1 1125 0 70
2414 0 1125 0 70
2414 1 1125 0 70
2415 0 1125 0 70
2415 1 1125 0 70
2416 0 1125 0 70
2416 1 1125 0 70
2417 0 1125 0 70
2417 1 1125 0 70
2418 0 1125 0 70
2418 1 1125 0 70
2419 0 1125 0 70
2419 1 1125 0 70
2420 0 1125 0 70
2420 1 1125 0 70
2421 0 1125 0 70
2421 1 1125 0 70
2422 0 1125 0 70
2422 1 1125 0 70
2423 0 1125 0 70
2423 1 1125 0 70
2424 0 1125 0 70
2424 1 1125 0 70
2425 0 1125 0 70
2425 1 1125 0 70
2426 0 1125 0 70
2426 1 1125 0 70
2427 0 1125 0 70
2427 1 1125 0 70
2428 0 1125 0 70
2428 1 1125 0 70
2429 0 1125 0 70
2429 1 1125 0 70
2430 0 1125 0 70
2430 1 1125 0 70
2431 0 1125 0 70
2431 1 1125 0 70
2432 0 1125 0 70
2432 1 1125 0 70
2433 0 1125 0 70
2433 1 1125 0 70
2434 0 1125 0 70
2434 1 1125 0 70
2435 0 1125 0 70
2435 1 1125 0 70
2436 0 1125 0 70
2436 1 1125 0 70
2437 0 1125 0 70
2437 1 1125 0 70
2438 0 1125 0 70
2438 1 1125 0 70
2439 0 1125 0 70
2439 1 1125 0 70
2440 0 1125 0 70
2440 1 1125 0 70
2441 0 1125 0 70
2441 1 1125 0 70
2442 0 1125 0 70
2442 1 1125 0 70
2443 0 1125 0 70
2443 1 1125 0 70
2444 0 1125 0 70
2444 1 1125 0 70
2445 0 1125 0 70
2445 1 1125 0 70
2446 0 1125 0 70
2446 1 1125 0 70
2447 0 1125 0 70
2447 1 1125 0 70
2448 0 1125 0 70
2448 1 1125 0 70
2449 0 1125 0 70
2449 1 1125 0 70
2450 0 1125 0 70
2450 1 1125 0 70
2451 0 1125 0 70
2451 1 1125 0 70
2452 0 1125 0 70
2452 1 1125 0 70
2453 0 1125 0 70
2453 1 1125 0 70
2454 0 1125 0 70
2454 1 1125 0 70
2455 0 1125 0 70
2455 1 1125 0 70
2456 0 1125 0 70
2456 1 1125 0 70
2457 0 1125 0 70
2457 1 1125 0 70
2458 0 1125 0 70
2458 1 1125 0 70
2459 0 1125 0 70
2459 1 1125 0 70
2460 0 1125 0 70
2460 1 1125 0 70
2461 0 1125 0 70
2461 1 1125 0 70
2462 0 1124 0 69
2462 1 1124 0 69
2463 0 1124 0 69
2463 1 1124 0 69
2464 0 1124 0 69
2464 1 1124 0 69
2465 0 1124 0 69
2465 1 1124 0 69
2466 0 1124 0 69
2466 1 1124 0 69
2467 0 1124 0 69
2467 1 1124 0 69
2468 0 1124 0 69
2468 1 1124 0 69
2469 0 1124 0 69
2469 1 1124 0 69
2470 0 1124 0 69
2470 1 1124 0 69
2471 0 1124 0 69
2471 1 1124 0 69
2472 0 1124 0 69
2472 1 1124 0 69
2473 0 1123 0 67
2473 1 1123 0 67
2474 0 1123 0 67
2474 1 1123 0 67
2475 0 1123 0 68
2475 1 1123 0 68
2476 0 1123 0 68
2476 1 1123 0 68
2477 0 1123 0 68
2477 1 1123 0 68
2478 0 1123 0 68
2478 1 1123 0 68
2479 0 1123 0 68
2479 1 1123 0 68
2480 0 1123 0 68
2480 1 1123 0 68
2481 0 1123 0 68
2481 1 1123 0 68
2482 0 1123 0 68
2482 1 1123 0 68
2483 0 1123 0 68
2483 1 1123 0 68
2484 0 1123 0 68
2484 1 1123 0 68
2485 0 1123 0 68
2485 1 1123 0 68
2486 0 1123 0 68
2486 1 1123 0 68
2487 0 1123 0 68
2487 1 1123 0 68
2488 0 1123 0 68
2488 1 1123 0 68
2489 0 1123 0 68
2489 1 1123 0 68
2490 0 1123 0 68
2490 1 1123 0 68
2491 0 1123 0 68
2491 1 1123 0 68
2492 0 1123 0 68
2492 1 1123 0 68
2493 0 1123 0 67
2493 1 1123 0 67
2494 0 1123 0 67
2494 1 1123 0 67
2495 0 1123 0 67
2495 1 1123 0 67
2496 0 1123 0 67
2496 1 1123 0 67
2497 0 1123 0 67
2497 1 1123 0 67
2498 0 1123 0 67
2498 1 1123 0 67
2499 0 1123 0 67
2499 1 1123 0 67
2500 0 1123 0 67
2500 1 1123 0 67
2501 0 1123 0 67
2501 1 1123 0 67
2502 0 1123 0 67
2502 1 1123 0 67
2503 0 1123 0 67
2503 1 1123 0 67
2504 0 1123 0 67
2504 1 1123 0 67
2505 0 1123 0 67
2505 1 1123 0 67
2506 0 1123 0 67
2506 1 1123 0 67
2507 0 1123 0 67
2507 1 1123 0 67
2508 0 1123 0 67
2508 1 1123 0 67
2509 0 1123 0 67
2509 1 1123 0 67
2510 0 1123 0 67
2510 1 1123 0 67
2511 0 1123 0 67
2511 1 1123 0 67
2512 0 1123 0 67
2512 1 1123 0 67
2513 0 1123 0 67
2513 1 1123 0 67
2514 0 1123 0 67
2514 1 1123 0 67
2515 0 1123 0 67
2515 1 1123 0 67
2516 0 1123 0 67
2516 1 1123 0 67
2517 0 1123 0 67
2517 1 1123 0 67
2518 0 1123 0 67
2518 1 1123 0 67
2519 0 1123 0 67
2519 1 1123 0 67
2520 0 1123 0 67
2520 1 1123 0 67
2521 0 1123 0 67
2521 1 1123 0 67
2522 0 1123 0 67
2522 1 1123 0 67
2523 0 1123 0 67
2523 1 1123 0 67
2524 0 1123 0 67
2524 1 1123 0 67
2525 0 1123 0 67
2525 1 1123 0 67
2526 0 1123 0 67
2526 1 1123 0 67
2527 0 1123 0 67
2527 1 1123 0 67
2528 0 1123 0 67
2528 1 1123 0 67
2529 0 1123 0 67
2529 1 1123 0 67
2530 0 1123 0 67
2530 1 1123 0 67
2531 0 1123 0 67
2531 1 1123 0 67
2532 0 1123 0 67
2532 1 1123 0 67
2533 0 1123 0 67
2533 1 1123 0 67
2534 0 1123 0 67
2534 1 1123 0 67
2535 0 1123 0 67
2535 1 1123 0 67
2536 0 1123 0 67
2536 1 1123 0 67
2537 0 1123 0 67
2537 1 1123 0 67
2538 0 1123 0 67
2538 1 1123 0 67
2539 0 1123 0 67
2539 1 1123 0 67
2540 0 1123 0 67
2540 1 1123 0 67
2541 0 1123 0 67
2541 1 1123 0 67
2542 0 1123 0 67
2542 1 1123 0 67
2543 0 1123 0 67
2543 1 1123 0 67
2544 0 1123 0 67
2544 1 1123 0 67
2545 0 1123 0 67
2545 1 1123 0 67
2546 0 1123 0 67
2546 1 1123 0 67
2547 0 1123 0 67
2547 1 1123 0 67
2548 0 1123 0 67
2548 1 1123 0 67
2549 0 1123 0 67
2549 1 1123 0 67
