1 0 0 0 1
2 0 0 0 1
3 0 0 0 1
4 0 0 0 1
5 0 0 0 1
6 0 0 0 1
7 0 0 0 1
7 1 0 2 0
8 0 0 0 1
9 0 0 0 1
10 0 0 0 1
11 0 0 0 1
12 0 0 0 1
13 0 0 0 1
14 0 0 0 1
15 0 0 0 1
16 0 0 0 1
17 0 0 0 1
18 0 0 0 1
19 0 0 0 1
20 0 0 0 1
21 0 0 0 1
22 0 0 0 1
23 0 0 0 1
24 0 0 0 1
25 0 0 0 1
26 0 0 0 1
27 0 0 0 1
28 0 0 0 1
29 0 0 0 1
30 0 0 0 1
31 0 0 0 1
32 0 0 0 1
33 0 0 0 1
34 0 0 0 1
35 0 0 0 1
36 0 0 0 1
37 0 0 0 1
38 0 0 0 1
39 0 0 0 1
40 0 0 0 1
41 0 0 0 1
42 0 0 0 1
43 0 0 0 1
44 0 0 0 1
45 0 0 0 1
46 0 0 0 1
47 0 0 0 1
48 0 0 0 1
49 0 0 0 1
50 0 0 0 1
51 0 0 0 1
52 0 0 0 1
53 0 0 0 1
54 0 0 0 1
55 0 0 0 1
56 0 0 0 1
57 0 0 0 1
58 0 0 0 1
59 0 0 0 1
60 0 0 0 1
61 0 0 0 1
62 0 0 0 1
63 0 0 0 1
64 0 0 0 1
65 0 0 0 1
66 0 0 0 1
67 0 0 0 1
68 0 0 0 1
69 0 0 0 1
70 0 0 0 1
71 0 0 0 1
72 0 0 0 1
73 0 0 0 1
74 0 0 0 1
75 0 0 0 1
76 0 0 0 1
77 0 0 0 1
78 0 0 0 1
79 0 0 0 1
80 0 0 0 1
81 0 0 0 1
82 0 0 0 1
83 0 0 0 1
84 0 0 0 1
85 0 0 0 1
86 0 0 0 1
87 0 0 0 1
88 0 0 0 1
89 0 0 0 1
90 0 0 0 1
91 0 0 0 1
92 0 0 0 1
93 0 0 0 1
94 0 0 0 1
95 0 0 0 1
96 0 0 0 1
97 0 0 0 1
98 0 0 0 1
99 0 0 0 1
100 0 0 0 1
101 0 0 0 1
102 0 0 0 1
103 0 0 0 1
104 0 0 0 1
105 0 0 0 1
106 0 0 0 1
107 0 0 0 1
108 0 0 0 1
109 0 0 0 1
110 0 0 0 1
111 0 0 0 1
111 1 0 2 0
112 0 0 0 1
113 0 0 0 1
114 0 0 0 1
115 0 0 0 1
116 0 0 0 1
117 0 0 0 1
118 0 0 0 1
119 0 0 0 1
120 0 0 0 1
121 0 0 0 1
122 0 0 0 1
123 0 0 0 1
124 0 0 0 1
125 0 0 0 1
126 0 0 0 1
127 0 0 0 1
128 0 0 0 1
129 0 0 0 1
130 0 0 0 1
131 0 0 0 1
132 0 0 0 1
133 0 0 0 1
134 0 0 0 1
135 0 0 0 1
136 0 0 0 1
137 0 0 0 0 1
138 0 0 0 0 1
139 0 0 0 0 1
140 0 0 0 0 1
141 0 0 0 0 1
142 0 0 0 0 1
143 0 0 0 0 1
144 0 0 0 0 1
145 0 0 0 0 1
146 0 0 0 0 1
147 0 0 0 0 1
148 0 0 0 0 1
149 0 0 0 0 1
150 0 0 0 0 1
151 0 0 0 0 1
152 0 0 0 0 1
153 0 0 0 0 1
154 0 0 0 0 1
155 0 0 0 0 1
156 0 0 0 0 1
157 0 0 0 0 1
158 0 0 0 0 1
159 0 0 0 0 1
160 0 0 0 0 1
161 0 0 0 0 1
162 0 0 0 0 1
163 0 0 0 0 1
164 0 0 0 0 1
165 0 0 0 0 1
166 0 0 0 0 1
167 0 0 0 0 1
168 0 0 0 0 1
169 0 0 0 0 1
170 0 0 0 0 1
171 0 0 0 0 1
172 0 0 0 0 1
173 0 0 0 0 1
174 0 0 0 0 1
174 0 1 0 2 0
175 0 0 0 0 1
176 0 0 0 0 1
177 0 0 0 0 1
178 0 0 0 0 1
179 0 0 0 0 1
180 0 0 0 0 1
182 0 0 0 1 0
183 0 0 0 2 0
184 0 0 0 2 0
185 0 0 0 2 0
187 0 0 0 2 0
189 0 0 0 2 0
190 0 0 0 2 0
191 0 0 0 1 0
192 0 0 0 2 0
193 0 0 0 2 0
194 0 0 0 2 0
194 0 0 0 1 0
195 0 0 0 2 0
196 0 0 0 2 0
197 0 0 0 2 0
198 0 0 0 2 0
199 0 0 0 2 0
200 0 0 0 2 0
201 0 0 0 2 0
202 0 0 0 2 0
203 0 0 0 2 0
204 0 0 0 2 0
205 0 0 0 2 0
206 0 0 0 2 0
207 0 0 0 1 0
208 0 0 0 2 0
209 0 0 0 2 0
210 0 0 0 2 0
211 0 0 0 2 0
212 0 0 0 2 0
213 0 0 0 2 0
214 0 0 0 2 0
215 0 0 0 2 0
216 0 0 0 2 0
217 0 0 0 2 0
218 0 0 0 2 0
219 0 0 0 1 0
220 0 0 0 2 0
221 0 0 0 2 0
222 0 0 0 2 0
223 0 0 0 2 0
224 0 0 0 2 0
225 0 0 0 2 0
226 0 0 0 2 0
227 0 0 0 2 0
228 0 0 0 2 0
229 0 0 0 2 0
230 0 0 0 2 0
231 0 0 0 2 0
232 0 0 0 2 0
233 0 0 0 2 0
234 0 0 0 2 0
235 0 0 0 2 0
236 0 0 0 2 0
237 0 0 0 2 0
238 0 0 0 2 0
239 0 0 0 2 0
240 0 0 0 2 0
241 0 0 0 2 0
242 0 0 0 2 0
243 0 0 0 2 0
244 0 0 0 2 0
245 0 0 0 2 0
246 0 0 0 2 0
247 0 0 0 2 0
248 0 0 0 2 0
249 0 0 0 2 0
250 0 0 0 2 0
251 0 0 0 2 0
252 0 0 0 2 0
253 0 0 0 2 0
254 0 0 0 2 0
255 0 0 0 2 0
256 0 0 0 2 0
257 0 0 0 2 0
258 0 0 0 2 0
259 0 0 0 2 0
260 0 0 0 2 0
261 0 0 0 2 0
262 0 0 0 2 0
263 0 0 0 2 0
264 0 0 0 2 0
265 0 0 0 2 0
266 0 0 0 2 0
267 0 0 0 2 0
268 0 0 0 2 0
269 0 0 0 2 0
270 0 0 0 2 0
271 0 0 0 2 0
272 0 0 0 2 0
273 0 0 0 2 0
274 0 0 0 2 0
275 0 0 0 2 0
276 0 0 0 2 0
277 0 0 0 2 0
278 0 0 0 2 0
279 0 0 0 2 0
280 0 0 0 2 0
281 0 0 0 2 0
282 0 0 0 2 0
283 0 0 0 2 0
284 0 0 0 2 0
285 0 0 0 2 0
286 0 0 0 2 0
287 0 0 0 2 0
288 0 0 0 1 0
289 0 0 0 2 0
290 0 0 0 2 0
291 0 0 0 2 0
292 0 0 0 2 0
293 0 0 0 2 0
294 0 0 0 2 0
295 0 0 0 2 0
296 0 0 0 2 0
297 0 0 0 2 0
298 0 0 0 2 0
299 0 0 0 2 0
300 0 0 0 2 0
301 0 0 0 2 0
302 0 0 0 2 0
303 0 0 0 2 0
304 0 0 0 2 0
305 0 0 0 2 0
306 0 0 0 2 0
307 0 0 0 2 0
308 0 0 0 2 0
309 0 0 0 2 0
310 0 0 0 2 0
311 0 0 0 2 0
312 0 0 0 2 0
313 0 0 0 2 0
314 0 0 0 2 0
315 0 0 0 2 0
316 0 0 0 2 0
317 0 0 0 2 0
318 0 0 0 2 0
319 0 0 0 2 0
320 0 0 0 2 0
321 0 0 0 2 0
322 0 0 0 2 0
323 0 0 0 2 0
324 0 0 0 2 0
325 0 0 0 2 0
326 0 0 0 2 0
327 0 0 0 2 0
328 0 0 0 2 0
329 0 0 0 2 0
330 0 0 0 2 0
331 0 0 0 2 0
332 0 0 0 2 0
333 0 0 0 2 0
334 0 0 0 2 0
335 0 0 0 2 0
336 0 0 0 2 0
337 0 0 0 2 0
338 0 0 0 2 0
339 0 0 0 2 0
340 0 0 0 2 0
341 0 0 0 2 0
342 0 0 0 2 0
343 0 0 0 2 0
344 0 0 0 2 0
345 0 0 0 2 0
346 0 0 0 2 0
347 0 0 0 2 0
348 0 0 0 2 0
349 0 0 0 2 0
350 0 0 0 2 0
351 0 0 0 2 0
352 0 0 0 2 0
353 0 0 0 2 0
355 0 0 0 2 0
356 0 0 0 2 0
357 0 0 0 3 0
358 0 0 0 2 0
359 0 0 0 2 0
360 0 0 0 2 0
360 0 0 0 1 0
361 0 0 0 2 0
362 0 0 0 1 0
363 0 1 0 2 0
365 0 1 0 2 0
371 0 0 0 2 0
371 0 1 0 2 0
371 0 1 0 2 0
372 0 0 0 1 0
374 0 0 0 1 0
375 0 0 0 1 0
376 0 0 0 2 0
378 0 1 0 2 0
381 0 0 0 2 0
382 0 0 0 1 0
383 0 0 0 1 0
385 0 0 0 1 0
386 0 0 0 1 0
388 0 0 0 1 0
389 0 0 0 1 0
390 0 0 0 1 0
391 0 0 0 2 0
392 0 0 0 2 0
393 0 0 0 1 0
394 0 1 0 2 0
395 0 1 0 2 0
396 0 0 0 1 0
401 0 0 0 2 0
402 0 0 0 1 0
403 0 0 0 2 0
405 0 0 0 1 0
407 0 0 0 1 0
409 0 0 0 1 0
410 0 0 0 1 0
411 0 0 0 1 0
412 0 0 0 1 0
414 0 0 0 1 0
415 0 0 0 2 0
416 0 0 0 2 0
417 0 0 0 2 0
418 0 0 0 2 0
420 0 0 0 1 0
421 0 0 0 1 0
422 0 0 0 1 0
423 0 1 0 2 0
426 0 0 0 2 0
427 0 0 0 1 0
430 0 0 0 1 0
431 0 0 0 2 0
433 0 0 0 1 0
434 0 1 0 2 0
435 0 0 0 1 0
436 0 0 0 1 0
437 0 0 0 1 0
438 0 0 0 1 0
439 0 0 0 2 0
440 0 0 0 2 0
441 0 0 0 1 0
442 0 0 0 1 0
444 0 1 0 2 0
446 0 1 0 2 0
447 0 0 0 1 0
449 0 0 0 1 0
450 0 1 0 2 0
450 0 1 0 2 0
455 0 0 0 1 0
456 0 0 0 2 0
459 0 0 0 1 0
460 0 0 0 2 0
462 0 0 0 1 0
463 0 0 0 1 0
463 0 1 0 2 0
464 0 0 0 1 0
465 0 0 0 1 0
466 0 1 0 2 0
467 0 0 0 1 0
467 0 0 0 1 0
469 0 1 0 2 0
473 0 0 0 1 0
474 0 0 0 1 0
476 0 1 0 2 0
477 0 0 0 1 0
479 0 0 0 1 0
480 0 0 0 2 0
481 0 1 0 2 0
483 0 0 0 1 0
485 0 0 0 2 0
488 0 0 0 1 0
490 0 1 0 2 0
491 0 1 0 3 0
493 0 0 0 2 0
494 0 0 0 1 0
495 0 1 0 2 0
496 0 0 0 2 0
497 0 0 0 1 0
497 0 1 0 2 0
500 0 0 0 2 0
501 0 1 0 2 0
502 0 0 0 1 0
506 0 0 0 1 0
507 0 0 0 2 0
508 0 0 0 1 0
509 0 0 0 1 0
510 0 0 0 1 0
513 0 0 0 2 0
514 0 0 0 1 0
515 0 0 0 1 0
517 0 1 0 2 0
518 0 0 0 2 0
520 0 0 0 1 0
521 0 1 0 2 0
522 0 0 0 1 0
525 0 0 0 1 0
527 0 0 0 1 0
529 0 0 0 2 0
530 0 0 0 1 0
530 0 0 0 2 0
531 0 0 0 1 0
532 0 0 0 1 0
535 0 0 0 1 0
536 0 0 0 2 0
538 0 0 0 2 0
539 0 0 0 1 0
541 0 0 0 0 1
542 0 0 0 0 1
543 0 0 0 0 1
544 0 0 0 0 1
544 0 0 0 1 0
544 0 1 0 2 0
544 0 0 0 2 0
545 0 0 0 0 1
546 0 0 0 0 1
546 0 0 0 1 0
547 0 0 0 0 1
547 0 1 0 2 0
548 0 0 0 0 1
549 0 0 0 0 1
550 0 0 0 0 1
551 0 0 0 0 1
552 0 0 0 0 1
553 0 0 0 0 1
554 0 0 0 0 1
555 0 0 0 0 1
556 0 0 0 0 1
557 0 0 0 0 1
558 0 0 0 0 1
559 0 0 0 0 1
560 0 0 0 0 1
561 0 0 0 0 1
562 0 0 0 0 1
563 0 0 0 0 1
564 0 0 0 0 1
565 0 0 0 0 1
566 0 0 0 0 1
567 0 0 0 0 1
568 0 0 0 0 1
569 0 0 0 0 1
570 0 0 0 0 1
571 0 0 0 0 1
572 0 0 0 0 1
573 0 0 0 0 1
574 0 0 0 0 1
575 0 0 0 0 1
576 0 0 0 0 1
576 0 1 0 2 0
577 0 0 0 0 1
578 0 0 0 0 1
579 0 0 0 0 1
580 0 0 0 0 1
581 0 0 0 0 1
582 0 0 0 0 1
583 0 0 0 0 1
584 0 0 0 0 1
585 0 0 0 0 1
586 0 0 0 0 1
587 0 0 0 0 1
588 0 0 0 0 1
589 0 0 0 0 1
590 0 0 0 0 1
591 0 0 0 0 1
592 0 0 0 0 1
593 0 0 0 0 1
594 0 0 0 0 1
595 0 0 0 0 1
595 0 1 0 2 0
596 0 0 0 0 1
597 0 0 0 0 1
598 0 0 0 0 1
599 0 0 0 0 1
600 0 0 0 0 1
601 0 0 0 0 1
602 0 0 0 0 1
603 0 0 0 0 1
604 0 0 0 0 1
605 0 0 0 0 1
606 0 0 0 0 1
607 0 0 0 0 1
608 0 0 0 0 1
609 0 0 0 0 1
610 0 0 0 0 1
611 0 0 0 0 1
612 0 0 0 0 1
613 0 0 0 0 1
614 0 0 0 0 1
615 0 0 0 0 1
616 0 0 0 0 1
617 0 0 0 0 1
618 0 0 0 0 1
619 0 0 0 0 1
620 0 0 0 0 1
621 0 0 0 0 1
622 0 0 0 0 1
623 0 0 0 0 1
624 0 0 0 0 1
625 0 0 0 0 1
626 0 0 0 0 1
627 0 0 0 0 1
628 0 0 0 0 1
629 0 0 0 0 1
630 0 0 0 0 1
631 0 0 0 0 1
632 0 0 0 0 1
633 0 0 0 0 1
634 0 0 0 0 1
635 0 0 0 0 1
636 0 0 0 0 1
637 0 0 0 0 1
638 0 0 0 0 1
639 0 0 0 0 1
640 0 0 0 0 1
641 0 0 0 0 1
642 0 0 0 0 1
643 0 0 0 0 1
644 0 0 0 0 1
645 0 0 0 0 1
645 0 1 0 2 0
646 0 0 0 0 1
647 0 0 0 0 1
648 0 0 0 0 1
649 0 0 0 0 1
650 0 0 0 0 1
651 0 0 0 0 1
652 0 0 0 0 1
653 0 0 0 0 1
654 0 0 0 0 1
655 0 0 0 0 1
656 0 0 0 0 1
657 0 0 0 0 1
658 0 0 0 0 1
659 0 0 0 0 1
660 0 0 0 0 1
661 0 0 0 0 1
662 0 0 0 0 1
663 0 0 0 0 1
664 0 0 0 0 1
665 0 0 0 0 1
666 0 0 0 0 1
667 0 0 0 0 1
668 0 0 0 0 1
669 0 0 0 0 1
670 0 0 0 0 1
671 0 0 0 0 1
672 0 0 0 0 1
673 0 0 0 0 1
674 0 0 0 0 1
675 0 0 0 0 1
676 0 0 0 0 1
677 0 0 0 0 1
678 0 0 0 0 1
679 0 0 0 0 1
679 0 1 0 1 0
680 0 0 0 0 1
681 0 0 0 0 1
682 0 0 0 0 1
683 0 0 0 0 1
684 0 0 0 0 1
685 0 0 0 0 1
686 0 0 0 0 1
687 0 0 0 0 1
688 0 0 0 0 1
689 0 0 0 0 1
690 0 0 0 0 1
691 0 0 0 0 1
692 0 0 0 0 1
693 0 0 0 0 1
694 0 0 0 0 1
695 0 0 0 0 1
696 0 0 0 0 1
697 0 0 0 0 1
698 0 0 0 0 1
699 0 0 0 0 1
700 0 0 0 0 1
701 0 0 0 0 1
702 0 0 0 0 1
703 0 0 0 0 1
704 0 0 0 0 1
705 0 0 0 0 1
706 0 0 0 0 1
707 0 0 0 0 1
708 0 0 0 0 1
709 0 0 0 0 1
710 0 0 0 0 1
711 0 0 0 0 1
712 0 0 0 0 1
713 0 0 0 0 1
714 0 0 0 0 1
715 0 0 0 0 1
716 0 0 0 0 1
717 0 0 0 0 1
718 0 0 0 0 1
719 0 0 0 0 1
720 0 0 0 0 1
720 0 1 0 2 0
721 0 0 0 2 0
722 0 0 0 2 0
724 0 0 0 2 0
726 0 0 0 2 0
727 0 0 0 2 0
728 0 0 0 2 0
729 0 0 0 2 0
730 0 0 0 2 0
731 0 1 0 2 0
733 0 0 0 2 0
733 0 1 0 2 0
735 0 0 0 2 0
737 0 0 0 2 0
737 0 1 0 2 0
738 0 0 0 2 0
741 0 0 0 1 0
742 0 1 0 2 0
743 0 0 0 1 0
744 0 0 0 2 0
745 0 0 0 2 0
746 0 0 0 2 0
747 0 0 0 2 0
748 0 0 0 2 0
749 0 0 0 2 0
749 0 1 0 2 0
750 0 0 0 2 0
751 0 0 0 2 0
752 0 0 0 2 0
753 0 0 0 1 0
754 0 0 0 2 0
755 0 0 0 2 0
756 0 1 0 3 0
757 0 1 0 2 0
758 0 1 0 2 0
759 0 0 0 2 0
760 0 1 0 3 0
761 0 0 0 2 0
762 0 0 0 2 0
763 0 0 0 2 0
764 0 1 0 2 0
765 0 0 0 2 0
766 0 0 0 2 0
767 0 0 0 2 0
768 0 1 0 2 0
769 0 0 0 2 0
770 0 0 0 2 0
771 0 0 0 2 0
772 0 0 0 1 0
774 0 0 0 2 0
775 0 0 0 2 0
776 0 0 0 2 0
777 0 1 0 2 0
778 0 0 0 2 0
779 0 0 0 2 0
780 0 1 0 2 0
781 0 0 0 2 0
782 0 0 0 2 0
783 0 0 0 2 0
784 0 0 0 1 0
785 0 0 0 2 0
786 0 0 0 2 0
787 0 0 0 2 0
788 0 0 0 2 0
789 0 0 0 2 0
790 0 0 0 2 0
791 0 0 0 2 0
792 0 0 0 2 0
793 0 0 0 2 0
794 0 0 0 2 0
795 0 0 0 2 0
796 0 0 0 2 0
797 0 0 0 2 0
798 0 0 0 2 0
799 0 0 0 2 0
800 0 0 0 2 0
801 0 0 0 2 0
802 0 0 0 2 0
803 0 0 0 2 0
804 0 0 0 2 0
805 0 0 0 2 0
806 0 0 0 2 0
807 0 0 0 2 0
808 0 0 0 2 0
809 0 0 0 2 0
810 0 0 0 2 0
811 0 0 0 2 0
812 0 0 0 2 0
813 0 0 0 2 0
814 0 0 0 2 0
815 0 0 0 2 0
816 0 0 0 2 0
817 0 0 0 2 0
818 0 0 0 2 0
819 0 0 0 2 0
820 0 0 0 2 0
821 0 0 0 2 0
822 0 0 0 2 0
824 0 0 0 2 0
825 0 0 0 2 0
826 0 0 0 2 0
827 0 0 0 2 0
828 0 0 0 2 0
828 0 1 0 2 0
829 0 1 0 3 0
830 0 0 0 2 0
831 0 0 0 2 0
832 0 0 0 2 0
833 0 0 0 2 0
834 0 0 0 2 0
836 0 0 0 2 0
837 0 0 0 3 0
838 0 0 0 2 0
839 0 0 0 2 0
840 0 0 0 2 0
841 0 0 0 2 0
842 0 0 0 2 0
843 0 0 0 2 0
844 0 0 0 2 0
845 0 0 0 2 0
846 0 0 0 2 0
847 0 0 0 2 0
848 0 0 0 2 0
849 0 0 0 2 0
850 0 0 0 2 0
851 0 0 0 2 0
852 0 0 0 2 0
853 0 0 0 2 0
854 0 0 0 2 0
855 0 0 0 2 0
856 0 0 0 2 0
857 0 0 0 2 0
858 0 0 0 2 0
859 0 0 0 2 0
860 0 0 0 2 0
861 0 0 0 2 0
862 0 0 0 2 0
863 0 0 0 2 0
864 0 0 0 2 0
865 0 0 0 2 0
866 0 0 0 2 0
867 0 0 0 2 0
868 0 0 0 2 0
869 0 0 0 2 0
870 0 0 0 2 0
871 0 0 0 2 0
872 0 0 0 2 0
873 0 0 0 2 0
874 0 0 0 2 0
875 0 0 0 2 0
876 0 0 0 2 0
877 0 0 0 2 0
878 0 0 0 2 0
879 0 0 0 2 0
880 0 0 0 2 0
881 0 0 0 2 0
882 0 0 0 2 0
883 0 0 0 2 0
884 0 0 0 2 0
885 0 0 0 2 0
886 0 0 0 2 0
887 0 0 0 2 0
888 0 0 0 2 0
889 0 0 0 2 0
890 0 0 0 2 0
891 0 0 0 2 0
892 0 0 0 2 0
893 0 0 0 2 0
894 0 0 0 2 0
895 0 0 0 2 0
896 0 0 0 2 0
897 0 0 0 2 0
898 0 0 0 2 0
899 0 0 0 2 0
900 0 0 0 2 0
901 0 0 0 1 0
902 0 1 0 2 0
903 0 1 0 2 0
904 0 0 0 1 0
908 0 1 0 2 0
909 0 1 0 2 0
909 0 1 0 2 0
911 0 1 0 2 0
916 0 1 0 2 0
918 0 0 0 1 0
918 0 1 0 2 0
920 0 0 0 1 0
920 0 1 0 2 0
921 0 1 0 2 0
923 0 0 0 1 0
924 0 1 0 2 0
928 0 1 0 2 0
928 0 1 0 2 0
930 0 0 0 1 0
932 0 1 0 2 0
933 0 1 0 2 0
937 0 1 0 2 0
938 0 0 0 1 0
940 0 1 0 2 0
942 0 0 0 1 0
943 0 0 0 2 0
945 0 1 0 2 0
946 0 0 0 1 0
948 0 0 0 1 0
949 0 1 0 2 0
951 0 1 0 2 0
953 0 0 0 1 0
955 0 0 0 1 0
956 0 0 0 1 0
957 0 0 0 1 0
958 0 1 0 2 0
959 0 0 0 1 0
960 0 0 0 1 0
960 0 1 0 2 0
961 0 1 0 2 0
963 0 0 0 1 0
965 0 0 0 2 0
966 0 0 0 1 0
967 0 1 0 2 0
970 0 0 0 1 0
971 0 0 0 1 0
973 0 0 0 1 0
975 0 1 0 2 0
976 0 1 0 2 0
977 0 1 0 2 0
979 0 1 0 2 0
980 0 0 0 1 0
982 0 0 0 1 0
983 0 0 0 1 0
984 0 0 0 1 0
985 0 0 0 1 0
987 0 0 0 2 0
990 0 0 0 1 0
991 0 1 0 2 0
992 0 0 0 1 0
995 0 0 0 2 0
996 0 0 0 1 0
997 0 0 0 1 0
998 0 0 0 1 0
999 0 1 0 2 0
1000 0 0 0 1 0
1001 0 0 0 1 0
1005 0 0 0 1 0
1006 0 0 0 1 0
1007 0 0 0 1 0
1008 0 0 0 1 0
1009 0 0 0 1 0
1010 0 0 0 2 0
1011 0 0 0 1 0
1013 0 0 0 1 0
1015 0 0 0 1 0
1015 0 0 0 1 0
1018 0 0 0 2 0
1019 0 0 0 1 0
1020 0 0 0 1 0
1021 0 0 0 2 0
1024 0 0 0 1 0
1025 0 0 0 2 0
1026 0 0 0 1 0
1026 0 0 0 1 0
1027 0 0 0 1 0
1028 0 0 0 2 0
1030 0 0 0 1 0
1032 0 0 0 1 0
1033 0 0 0 2 0
1034 0 0 0 1 0
1035 0 0 0 1 0
1036 0 0 0 1 0
1037 0 0 0 1 0
1038 0 0 0 1 0
1040 0 0 0 1 0
1041 0 0 0 2 0
1042 0 0 0 1 0
1044 0 0 0 1 0
1045 0 0 0 1 0
1047 0 0 0 2 0
1048 0 0 0 1 0
1050 0 0 0 2 0
1051 0 0 0 2 0
1054 0 0 0 1 0
1054 0 0 0 1 0
1055 0 0 0 1 0
1056 0 0 0 1 0
1057 0 0 0 2 0
1058 0 0 0 2 0
1060 0 0 0 1 0
1062 0 0 0 1 0
1063 0 0 0 1 0
1064 0 0 0 1 0
1065 0 0 0 1 0
1066 0 0 0 1 0
1067 0 0 0 1 0
1069 0 0 0 1 0
1070 0 0 0 2 0
1071 0 0 0 1 0
1073 0 0 0 1 0
1074 0 0 0 1 0
1075 0 0 0 1 0
1076 0 0 0 2 0
1077 0 0 0 1 0
1078 0 0 0 1 0
1079 0 0 0 1 0
1080 0 0 0 1 0
