0 0 684 0 0
1 0 684 0 36
1 0 756 0 36
2 0 756 0 36
3 0 756 0 36
4 0 756 0 36
5 0 756 0 36
6 0 756 0 36
7 0 755 0 34
8 0 755 0 34
9 0 755 0 34
10 0 755 0 34
11 0 755 0 34
12 0 755 0 34
13 0 755 0 34
14 0 755 0 34
15 0 755 0 34
16 0 755 0 34
17 0 755 0 34
18 0 755 0 34
19 0 755 0 34
20 0 755 0 34
21 0 755 0 34
22 0 755 0 34
23 0 755 0 34
24 0 755 0 34
25 0 755 0 34
26 0 755 0 34
27 0 755 0 34
28 0 755 0 34
29 0 755 0 34
30 0 755 0 34
31 0 755 0 34
32 0 755 0 34
33 0 755 0 34
34 0 755 0 34
35 0 755 0 34
36 0 755 0 34
37 0 755 0 34
38 0 755 0 34
39 0 755 0 34
40 0 755 0 34
41 0 755 0 34
42 0 755 0 34
43 0 755 0 34
44 0 755 0 34
45 0 755 0 34
46 0 755 0 34
47 0 755 0 34
48 0 755 0 34
49 0 755 0 34
50 0 755 0 34
51 0 755 0 34
52 0 755 0 34
53 0 755 0 34
54 0 755 0 34
55 0 755 0 34
56 0 755 0 34
57 0 755 0 34
58 0 755 0 34
59 0 755 0 34
60 0 755 0 34
61 0 755 0 34
62 0 755 0 34
63 0 755 0 34
64 0 755 0 34
65 0 755 0 34
66 0 755 0 34
67 0 755 0 34
68 0 755 0 34
69 0 755 0 34
70 0 755 0 34
71 0 755 0 34
72 0 755 0 34
73 0 755 0 34
74 0 755 0 34
75 0 755 0 34
76 0 755 0 34
77 0 755 0 34
78 0 755 0 34
79 0 755 0 34
80 0 755 0 34
81 0 755 0 34
82 0 755 0 34
83 0 755 0 34
84 0 755 0 34
85 0 755 0 34
86 0 755 0 34
87 0 755 0 34
88 0 755 0 34
89 0 755 0 34
90 0 755 0 34
91 0 755 0 34
92 0 755 0 34
93 0 755 0 34
94 0 755 0 34
95 0 755 0 34
96 0 755 0 34
97 0 755 0 34
98 0 755 0 34
99 0 755 0 34
100 0 755 0 34
101 0 755 0 34
102 0 755 0 34
103 0 755 0 34
104 0 755 0 34
105 0 755 0 34
106 0 755 0 34
107 0 755 0 34
108 0 755 0 34
109 0 755 0 34
110 0 755 0 34
111 0 754 0 32
112 0 754 0 32
113 0 754 0 32
114 0 754 0 32
115 0 754 0 32
116 0 754 0 32
117 0 754 0 32
118 0 754 0 32
119 0 754 0 32
120 0 754 0 32
121 0 754 0 32
122 0 754 0 32
123 0 754 0 32
124 0 754 0 32
125 0 754 0 32
126 0 754 0 32
127 0 754 0 32
128 0 754 0 32
129 0 754 0 32
130 0 754 0 32
131 0 754 0 32
132 0 754 0 32
133 0 754 0 32
134 0 754 0 32
135 0 754 0 32
136 0 754 0 32
137 0 754 0 32
138 0 754 0 32
139 0 754 0 32
140 0 754 0 32
141 0 754 0 32
142 0 754 0 32
143 0 754 0 32
144 0 754 0 32
145 0 754 0 32
146 0 754 0 32
147 0 754 0 32
148 0 754 0 32
149 0 754 0 32
150 0 754 0 32
151 0 754 0 32
152 0 754 0 32
153 0 754 0 32
154 0 754 0 32
155 0 754 0 32
156 0 754 0 32
157 0 754 0 32
158 0 754 0 32
159 0 754 0 32
160 0 754 0 32
161 0 754 0 32
162 0 754 0 32
163 0 754 0 32
164 0 754 0 32
165 0 754 0 32
166 0 754 0 32
167 0 754 0 32
168 0 754 0 32
169 0 754 0 32
170 0 754 0 32
171 0 754 0 32
172 0 754 0 32
173 0 754 0 32
174 0 753 0 30
175 0 753 0 30
176 0 753 0 30
177 0 753 0 30
178 0 753 0 30
179 0 753 0 30
180 0 753 0 30
181 0 753 0 32
182 0 753 0 33
183 0 753 0 33
184 0 753 0 33
185 0 753 0 33
186 0 753 0 35
187 0 753 0 35
188 0 753 0 37
189 0 753 0 37
190 0 753 0 37
191 0 753 0 38
192 0 753 0 38
193 0 753 0 38
194 0 753 0 37
195 0 753 0 37
196 0 753 0 37
197 0 753 0 37
198 0 753 0 37
199 0 753 0 37
200 0 753 0 37
201 0 753 0 37
202 0 753 0 37
203 0 753 0 37
204 0 753 0 37
205 0 753 0 37
206 0 753 0 37
207 0 753 0 38
208 0 753 0 38
209 0 753 0 38
210 0 753 0 38
211 0 753 0 38
212 0 753 0 38
213 0 753 0 38
214 0 753 0 38
215 0 753 0 38
216 0 753 0 38
217 0 753 0 38
218 0 753 0 38
219 0 753 0 39
220 0 753 0 39
221 0 753 0 39
222 0 753 0 39
223 0 753 0 39
224 0 753 0 39
225 0 753 0 39
226 0 753 0 39
227 0 753 0 39
228 0 753 0 39
229 0 753 0 39
230 0 753 0 39
231 0 753 0 39
232 0 753 0 39
233 0 753 0 39
234 0 753 0 39
235 0 753 0 39
236 0 753 0 39
237 0 753 0 39
238 0 753 0 39
239 0 753 0 39
240 0 753 0 39
241 0 753 0 39
242 0 753 0 39
243 0 753 0 39
244 0 753 0 39
245 0 753 0 39
246 0 753 0 39
247 0 753 0 39
248 0 753 0 39
249 0 753 0 39
250 0 753 0 39
251 0 753 0 39
252 0 753 0 39
253 0 753 0 39
254 0 753 0 39
255 0 753 0 39
256 0 753 0 39
257 0 753 0 39
258 0 753 0 39
259 0 753 0 39
260 0 753 0 39
261 0 753 0 39
262 0 753 0 39
263 0 753 0 39
264 0 753 0 39
265 0 753 0 39
266 0 753 0 39
267 0 753 0 39
268 0 753 0 39
269 0 753 0 39
270 0 753 0 39
271 0 753 0 39
272 0 753 0 39
273 0 753 0 39
274 0 753 0 39
275 0 753 0 39
276 0 753 0 39
277 0 753 0 39
278 0 753 0 39
279 0 753 0 39
280 0 753 0 39
281 0 753 0 39
282 0 753 0 39
283 0 753 0 39
284 0 753 0 39
285 0 753 0 39
286 0 753 0 39
287 0 753 0 39
288 0 753 0 40
289 0 753 0 40
290 0 753 0 40
291 0 753 0 40
292 0 753 0 40
293 0 753 0 40
294 0 753 0 40
295 0 753 0 40
296 0 753 0 40
297 0 753 0 40
298 0 753 0 40
299 0 753 0 40
300 0 753 0 40
301 0 753 0 40
302 0 753 0 40
303 0 753 0 40
304 0 753 0 40
305 0 753 0 40
306 0 753 0 40
307 0 753 0 40
308 0 753 0 40
309 0 753 0 40
310 0 753 0 40
311 0 753 0 40
312 0 753 0 40
313 0 753 0 40
314 0 753 0 40
315 0 753 0 40
316 0 753 0 40
317 0 753 0 40
318 0 753 0 40
319 0 753 0 40
320 0 753 0 40
321 0 753 0 40
322 0 753 0 40
323 0 753 0 40
324 0 753 0 40
325 0 753 0 40
326 0 753 0 40
327 0 753 0 40
328 0 753 0 40
329 0 753 0 40
330 0 753 0 40
331 0 753 0 40
332 0 753 0 40
333 0 753 0 40
334 0 753 0 40
335 0 753 0 40
336 0 753 0 40
337 0 753 0 40
338 0 753 0 40
339 0 753 0 40
340 0 753 0 40
341 0 753 0 40
342 0 753 0 40
343 0 753 0 40
344 0 753 0 40
345 0 753 0 40
346 0 753 0 40
347 0 753 0 40
348 0 753 0 40
349 0 753 0 40
350 0 753 0 40
351 0 753 0 40
352 0 753 0 40
353 0 753 0 40
354 0 753 0 42
355 0 753 0 42
356 0 753 0 42
357 0 753 0 41
358 0 753 0 41
359 0 753 0 41
360 0 753 0 40
361 0 753 0 39
362 0 753 0 39
363 0 752 0 38
364 0 752 0 39
365 0 751 0 38
366 0 751 0 39
367 0 751 0 40
368 0 751 0 41
369 0 751 0 42
370 0 751 0 43
371 0 749 0 38
372 0 749 0 38
373 0 749 0 39
374 0 749 0 39
375 0 749 0 39
376 0 749 0 38
377 0 749 0 39
378 0 748 0 38
379 0 748 0 39
380 0 748 0 40
381 0 748 0 39
382 0 748 0 39
383 0 748 0 39
384 0 748 0 40
385 0 748 0 40
386 0 748 0 40
387 0 748 0 41
388 0 748 0 41
389 0 748 0 41
390 0 748 0 41
391 0 748 0 40
392 0 748 0 39
393 0 748 0 39
394 0 747 0 38
395 0 746 0 37
396 0 746 0 37
397 0 746 0 38
398 0 746 0 39
399 0 746 0 40
400 0 746 0 41
401 0 746 0 40
402 0 746 0 40
403 0 746 0 39
404 0 746 0 40
405 0 746 0 40
406 0 746 0 41
407 0 746 0 41
408 0 746 0 42
409 0 746 0 42
410 0 746 0 42
411 0 746 0 42
412 0 746 0 42
413 0 746 0 43
414 0 746 0 43
415 0 746 0 42
416 0 746 0 41
417 0 746 0 40
418 0 746 0 39
419 0 746 0 40
420 0 746 0 40
421 0 746 0 40
422 0 746 0 40
423 0 745 0 39
424 0 745 0 40
425 0 745 0 41
426 0 745 0 40
427 0 745 0 40
428 0 745 0 41
429 0 745 0 42
430 0 745 0 42
431 0 745 0 41
432 0 745 0 42
433 0 745 0 42
434 0 744 0 41
435 0 744 0 41
436 0 744 0 41
437 0 744 0 41
438 0 744 0 41
439 0 744 0 40
440 0 744 0 39
441 0 744 0 39
442 0 744 0 39
443 0 744 0 40
444 0 743 0 39
445 0 743 0 40
446 0 742 0 39
447 0 742 0 39
448 0 742 0 40
449 0 742 0 40
450 0 740 0 37
451 0 740 0 38
452 0 740 0 39
453 0 740 0 40
454 0 740 0 41
455 0 740 0 41
456 0 740 0 40
457 0 740 0 41
458 0 740 0 42
459 0 740 0 42
460 0 740 0 41
461 0 740 0 42
462 0 740 0 42
463 0 739 0 40
464 0 739 0 40
465 0 739 0 40
466 0 738 0 39
467 0 738 0 38
468 0 738 0 39
469 0 737 0 38
470 0 737 0 39
471 0 737 0 40
472 0 737 0 41
473 0 737 0 41
474 0 737 0 41
475 0 737 0 42
476 0 736 0 41
477 0 736 0 41
478 0 736 0 42
479 0 736 0 42
480 0 736 0 41
481 0 735 0 40
482 0 735 0 41
483 0 735 0 41
484 0 735 0 42
485 0 735 0 41
486 0 735 0 42
487 0 735 0 43
488 0 735 0 43
489 0 735 0 44
490 0 734 0 43
491 0 733 0 41
492 0 733 0 42
493 0 733 0 41
494 0 733 0 41
495 0 732 0 40
496 0 732 0 39
497 0 731 0 37
498 0 731 0 38
499 0 731 0 39
500 0 731 0 38
501 0 730 0 37
502 0 730 0 37
503 0 730 0 38
504 0 730 0 39
505 0 730 0 40
506 0 730 0 40
507 0 730 0 39
508 0 730 0 39
509 0 730 0 39
510 0 730 0 39
511 0 730 0 40
512 0 730 0 41
513 0 730 0 40
514 0 730 0 40
515 0 730 0 40
516 0 730 0 41
517 0 729 0 40
518 0 729 0 39
519 0 729 0 40
520 0 729 0 40
521 0 728 0 39
522 0 728 0 39
523 0 728 0 40
524 0 728 0 41
525 0 728 0 41
526 0 728 0 42
527 0 728 0 42
528 0 728 0 43
529 0 728 0 42
530 0 728 0 40
531 0 728 0 40
532 0 728 0 40
533 0 728 0 41
534 0 728 0 42
535 0 728 0 42
536 0 728 0 41
537 0 728 0 42
538 0 728 0 41
539 0 728 0 41
540 0 728 0 42
541 0 728 0 42
542 0 728 0 42
543 0 728 0 42
544 0 727 0 37
545 0 727 0 37
546 0 727 0 36
547 0 726 0 34
548 0 726 0 34
549 0 726 0 34
550 0 726 0 34
551 0 726 0 34
552 0 726 0 34
553 0 726 0 34
554 0 726 0 34
555 0 726 0 34
556 0 726 0 34
557 0 726 0 34
558 0 726 0 34
559 0 726 0 34
560 0 726 0 34
561 0 726 0 34
562 0 726 0 34
563 0 726 0 34
564 0 726 0 34
565 0 726 0 34
566 0 726 0 34
567 0 726 0 34
568 0 726 0 34
569 0 726 0 34
570 0 726 0 34
571 0 726 0 34
572 0 726 0 34
573 0 726 0 34
574 0 726 0 34
575 0 726 0 34
576 0 725 0 32
577 0 725 0 32
578 0 725 0 32
579 0 725 0 32
580 0 725 0 32
581 0 725 0 32
582 0 725 0 32
583 0 725 0 32
584 0 725 0 32
585 0 725 0 32
586 0 725 0 32
587 0 725 0 32
588 0 725 0 32
589 0 725 0 32
590 0 725 0 32
591 0 725 0 32
592 0 725 0 32
593 0 725 0 32
594 0 725 0 32
595 0 724 0 30
596 0 724 0 30
597 0 724 0 30
598 0 724 0 30
599 0 724 0 30
600 0 724 0 30
601 0 724 0 30
602 0 724 0 30
603 0 724 0 30
604 0 724 0 30
605 0 724 0 30
606 0 724 0 30
607 0 724 0 30
608 0 724 0 30
609 0 724 0 30
610 0 724 0 30
611 0 724 0 30
612 0 724 0 30
613 0 724 0 30
614 0 724 0 30
615 0 724 0 30
616 0 724 0 30
617 0 724 0 30
618 0 724 0 30
619 0 724 0 30
620 0 724 0 30
621 0 724 0 30
622 0 724 0 30
623 0 724 0 30
624 0 724 0 30
625 0 724 0 30
626 0 724 0 30
627 0 724 0 30
628 0 724 0 30
629 0 724 0 30
630 0 724 0 30
631 0 724 0 30
632 0 724 0 30
633 0 724 0 30
634 0 724 0 30
635 0 724 0 30
636 0 724 0 30
637 0 724 0 30
638 0 724 0 30
639 0 724 0 30
640 0 724 0 30
641 0 724 0 30
642 0 724 0 30
643 0 724 0 30
644 0 724 0 30
645 0 723 0 28
646 0 723 0 28
647 0 723 0 28
648 0 723 0 28
649 0 723 0 28
650 0 723 0 28
651 0 723 0 28
652 0 723 0 28
653 0 723 0 28
654 0 723 0 28
655 0 723 0 28
656 0 723 0 28
657 0 723 0 28
658 0 723 0 28
659 0 723 0 28
660 0 723 0 28
661 0 723 0 28
662 0 723 0 28
663 0 723 0 28
664 0 723 0 28
