0 0 1216 0 0
1 1216 0 0
2 1216 0 0
3 1216 0 0
4 1216 0 0
5 1216 0 0
6 1216 0 0
7 1216 0 0
8 1216 0 0
9 1216 0 0
10 1216 0 0
11 1216 0 0
12 1216 0 0
13 1216 0 0
14 1216 0 0
15 1216 0 0
16 1216 0 0
17 1216 0 0
18 1216 0 0
19 1216 0 0
20 1216 0 0
21 1216 0 0
22 1216 0 0
23 1216 0 0
24 1216 0 0
25 1216 0 0
26 1216 0 0
27 1216 0 0
28 1216 0 0
29 1216 0 0
30 1216 0 0
31 1216 0 0
32 1216 0 0
33 1216 0 0
34 1216 0 0
35 1216 0 0
36 1216 0 0
37 1216 0 0
38 1216 0 0
39 1216 0 0
40 1216 0 0
41 1216 0 0
42 1216 0 0
43 1216 0 0
44 1216 0 0
45 1216 0 0
46 1216 0 0
47 1216 0 0
48 1216 0 0
49 1216 0 0
50 1216 0 0
51 1216 0 0
52 1216 0 0
53 1216 0 0
54 1216 0 0
55 1216 0 0
56 1216 0 0
57 1216 0 0
58 1216 0 0
59 1216 0 0
60 1216 0 0
61 1216 0 0
62 1216 0 0
63 1216 0 0
64 1216 0 0
65 1216 0 0
66 1216 0 0
67 1216 0 0
68 1216 0 0
69 1216 0 0
70 1216 0 0
71 1216 0 0
72 1216 0 0
73 1216 0 0
74 1216 0 0
75 1216 0 0
76 1216 0 0
77 1216 0 0
78 1216 0 0
79 1216 0 0
80 1216 0 0
81 1216 0 0
82 1216 0 0
83 1216 0 0
84 1216 0 0
85 1216 0 0
86 1216 0 0
87 1216 0 0
88 1216 0 0
89 1216 0 0
90 1216 0 0
91 1216 0 0
92 1216 0 0
93 1216 0 0
94 0 1214 0 0
94 1342 0 0
95 1342 0 0
96 1342 0 0
97 1342 0 0
98 1342 0 0
99 1342 0 0
100 1342 0 0
101 1342 0 0
102 1342 0 0
103 1342 0 0
104 1342 0 0
105 1342 0 0
106 1342 0 0
107 1342 0 0
108 1342 0 0
109 1342 0 0
110 1342 0 0
111 1342 0 0
112 1342 0 0
113 1342 0 0
114 1342 0 0
115 1342 0 0
116 1342 0 0
117 1342 0 0
118 1342 0 0
119 1342 0 0
120 1342 0 0
121 1342 0 0
122 1342 0 0
123 1342 0 0
124 1342 0 0
125 1342 0 0
126 1342 0 0
127 1342 0 0
128 1342 0 0
129 1342 0 0
130 1342 0 0
131 1342 0 0
132 1342 0 0
133 1342 0 0
134 1342 0 0
135 1342 0 0
136 1342 0 0
137 1339 0 0
138 1339 0 0
139 1339 0 0
140 1339 0 0
141 1339 0 0
142 1339 0 0
143 1339 0 0
144 1339 0 0
145 1339 0 0
146 1339 0 0
147 1339 0 0
148 1339 0 0
149 1339 0 0
150 1339 0 0
151 1339 0 0
152 1339 0 0
153 1339 0 0
154 1339 0 0
155 1339 0 0
156 1339 0 0
157 1339 0 0
158 1339 0 0
159 1339 0 0
160 1339 0 0
161 1339 0 0
162 1339 0 0
163 1339 0 0
164 1339 0 0
165 1339 0 0
166 1339 0 0
167 1339 0 0
168 1339 0 0
169 1339 0 0
170 1339 0 0
171 1339 0 0
172 1339 0 0
173 1339 0 0
174 1339 0 0
175 1339 0 0
176 1339 0 0
177 1339 0 0
178 1339 0 0
179 1339 0 0
180 1339 0 0
181 1339 0 0
182 1339 0 0
183 1339 0 0
184 1339 0 0
185 1339 0 0
186 1339 0 0
187 1339 0 0
188 1339 0 0
189 1339 0 0
190 1339 0 0
191 1339 0 0
192 1339 0 0
193 1339 0 0
194 1339 0 0
195 1339 0 0
196 1339 0 0
197 1339 0 0
198 1339 0 0
199 1339 0 0
200 1339 0 0
201 1339 0 0
202 1339 0 0
203 1339 0 0
204 1339 0 0
205 1339 0 0
206 1339 0 0
207 1339 0 0
208 1339 0 0
209 1339 0 0
210 1339 0 0
211 1339 0 0
212 1339 0 0
213 1339 0 0
214 1339 0 0
215 1339 0 0
216 1339 0 0
217 1339 0 0
218 1339 0 0
219 1339 0 0
220 1339 0 0
221 1339 0 0
222 1339 0 0
223 1339 0 0
224 1339 0 0
225 1339 0 0
226 1339 0 0
227 1339 0 0
228 1339 0 0
229 1339 0 0
230 1339 0 0
231 1339 0 0
232 1339 0 0
233 1339 0 0
234 1339 0 0
235 1339 0 0
236 1339 0 0
237 1339 0 0
238 1339 0 0
239 1339 0 0
240 1339 0 0
241 1339 0 0
242 1339 0 0
243 1339 0 0
244 1339 0 0
245 1339 0 0
246 1339 0 0
247 1339 0 0
248 1339 0 0
249 1339 0 0
250 1339 0 0
251 1339 0 0
252 1339 0 0
253 1339 0 0
254 1339 0 0
255 1339 0 0
256 1339 0 0
257 1339 0 0
258 1339 0 0
259 1339 0 0
260 1339 0 0
261 1339 0 0
262 1339 0 0
263 1339 0 0
264 1339 0 0
265 1339 0 0
266 1339 0 0
267 1339 0 0
268 1339 0 0
269 1339 0 0
270 1339 0 0
271 1339 0 0
272 1339 0 0
273 1339 0 0
274 1339 0 0
275 1339 0 0
276 1339 0 0
277 1339 0 0
278 1339 0 0
279 1339 0 0
280 1339 0 0
281 1339 0 0
282 1339 0 0
283 1339 0 0
284 1339 0 0
285 1339 0 0
286 1339 0 0
287 1339 0 0
288 1339 0 0
289 1339 0 0
290 1339 0 0
291 1339 0 0
292 1339 0 0
293 1339 0 0
294 1339 0 0
295 1339 0 0
296 1339 0 0
297 1339 0 0
298 1339 0 0
299 1339 0 0
300 1339 0 0
301 1339 0 0
302 1339 0 0
303 1339 0 0
304 1339 0 0
305 1339 0 0
306 1339 0 0
307 1339 0 0
308 1339 0 0
309 1339 0 0
310 1339 0 0
311 1339 0 0
312 1339 0 0
313 1339 0 0
314 1339 0 0
315 1339 0 0
316 1339 0 0
317 1339 0 0
318 1339 0 0
319 1339 0 0
320 1339 0 0
321 1339 0 0
322 1339 0 0
323 1339 0 0
324 1339 0 0
325 1339 0 0
326 1339 0 0
327 1339 0 0
328 1339 0 0
329 1339 0 0
330 1339 0 0
331 1339 0 0
332 1339 0 0
333 1339 0 0
334 1336 0 0
335 1336 0 0
336 1336 0 0
337 1336 0 0
338 1336 0 0
339 1336 0 0
340 1336 0 0
341 1336 0 0
342 1336 0 0
343 1336 0 0
344 1336 0 0
345 1336 0 0
346 1336 0 0
347 1336 0 0
348 1336 0 0
349 1336 0 0
350 1336 0 0
351 1336 0 0
352 1336 0 0
353 1336 0 0
354 1336 0 0
355 1336 0 0
356 1336 0 0
357 1336 0 0
358 1336 0 0
359 1336 0 0
360 1336 0 0
361 1336 0 0
362 1336 0 0
363 1336 0 0
364 1336 0 0
365 1336 0 0
366 1336 0 0
367 1336 0 0
368 1336 0 0
369 1336 0 0
370 1336 0 0
371 1336 0 0
372 1336 0 0
373 1336 0 0
374 1336 0 0
375 1336 0 0
376 1336 0 0
377 1336 0 0
378 1336 0 0
379 1336 0 0
380 1336 0 0
381 1336 0 0
382 1336 0 0
383 1336 0 0
384 1336 0 0
385 1336 0 0
386 1336 0 0
387 1336 0 0
388 1336 0 0
389 1336 0 0
390 1333 0 0
391 1333 0 0
392 1333 0 0
393 1333 0 0
394 1333 0 0
395 1333 0 0
396 1333 0 0
397 1333 0 0
398 1333 0 0
399 1333 0 0
400 1333 0 0
401 1333 0 0
402 1333 0 0
403 1333 0 0
404 1333 0 0
405 1333 0 0
406 1333 0 0
407 1333 0 0
408 1333 0 0
409 1333 0 0
410 1333 0 0
411 1333 0 0
412 1333 0 0
413 1333 0 0
414 1333 0 0
415 1333 0 0
416 1333 0 0
417 1333 0 0
418 1333 0 0
419 1333 0 0
420 1333 0 0
421 1333 0 0
422 1330 0 0
423 1330 0 0
424 1330 0 0
425 1330 0 0
426 1330 0 0
427 1330 0 0
428 1330 0 0
429 1330 0 0
430 1330 0 0
431 1330 0 0
432 1330 0 0
433 1330 0 0
434 1330 0 0
435 1330 0 0
436 1330 0 0
437 1330 0 0
438 1330 0 0
439 1330 0 0
440 1330 0 0
441 1330 0 0
442 1330 0 0
443 1330 0 0
444 1330 0 0
445 1330 0 0
446 1330 0 0
447 1330 0 0
448 1330 0 0
449 1330 0 0
450 1330 0 0
451 1330 0 0
452 1330 0 0
453 1330 0 0
454 1330 0 0
455 1330 0 0
456 1330 0 0
457 1330 0 0
458 1330 0 0
459 1330 0 0
460 1330 0 0
461 1330 0 0
462 1330 0 0
463 1330 0 0
464 1330 0 0
465 1330 0 0
466 1330 0 0
467 1330 0 0
468 1330 0 0
469 1330 0 0
470 1330 0 0
471 1330 0 0
472 1330 0 0
473 1330 0 0
474 1330 0 0
475 1330 0 0
476 1330 0 0
477 1330 0 0
478 1330 0 0
479 1330 0 0
480 1330 0 0
481 1330 0 0
482 1330 0 0
483 1330 0 0
484 1330 0 0
485 1330 0 0
486 1330 0 0
487 1330 0 0
488 1330 0 0
489 1330 0 0
490 1330 0 0
491 1330 0 0
492 1330 0 0
493 1330 0 0
494 1330 0 0
495 1330 0 0
496 1330 0 0
497 1330 0 0
498 1330 0 0
499 1330 0 0
500 1330 0 0
501 1330 0 0
502 1330 0 0
503 1330 0 0
504 1330 0 0
505 1330 0 0
506 1330 0 0
507 1330 0 0
508 1330 0 0
509 1330 0 0
510 1330 0 0
511 1330 0 0
512 1330 0 0
513 1330 0 0
514 1330 0 0
515 1330 0 0
516 1330 0 0
517 1330 0 0
518 1330 0 0
519 1330 0 0
520 1330 0 0
521 1330 0 0
522 1330 0 0
523 1330 0 0
524 1330 0 0
525 1330 0 0
526 1330 0 0
527 1330 0 0
528 1330 0 0
529 1330 0 0
530 1330 0 0
531 1330 0 0
532 1330 0 0
533 1330 0 0
534 1330 0 0
535 1330 0 0
536 1330 0 0
537 1330 0 0
538 1330 0 0
539 1330 0 0
540 1330 0 0
541 1330 0 0
542 1330 0 0
543 1330 0 0
544 1330 0 0
545 1330 0 0
546 1330 0 0
547 1330 0 0
548 1330 0 0
549 1330 0 0
550 1330 0 0
551 1330 0 0
552 1330 0 0
553 1330 0 0
554 1330 0 0
555 1330 0 0
556 1330 0 0
557 1330 0 0
558 1330 0 0
559 1330 0 0
560 1330 0 0
561 1330 0 0
562 1330 0 0
563 1330 0 0
564 1330 0 0
565 1330 0 0
566 1330 0 0
567 1330 0 0
568 1330 0 0
569 1330 0 0
570 1330 0 0
571 1330 0 0
572 1330 0 0
573 1330 0 0
574 1330 0 0
575 1330 0 0
576 1330 0 0
577 1330 0 0
578 1330 0 0
579 1330 0 0
580 1330 0 0
581 1330 0 0
582 1330 0 0
583 1330 0 0
584 1330 0 0
585 1330 0 0
586 1330 0 0
587 1330 0 0
588 1330 0 0
589 1330 0 0
590 1330 0 0
591 1330 0 0
592 1330 0 0
593 1330 0 0
594 1330 0 0
595 1330 0 0
596 1330 0 0
597 1330 0 0
598 1330 0 0
599 1330 0 0
600 1330 0 0
601 1330 0 0
602 1330 0 0
603 1330 0 0
604 1330 0 0
605 1330 0 0
606 1330 0 0
607 1330 0 0
608 1330 0 0
609 1330 0 0
610 1330 0 0
611 1330 0 0
612 1330 0 0
613 1330 0 0
614 1330 0 0
615 1330 0 0
616 1330 0 0
617 1330 0 0
618 1330 0 0
619 1330 0 0
620 1330 0 0
621 1330 0 0
622 1330 0 0
623 1330 0 0
624 1330 0 0
625 1330 0 0
626 1330 0 0
627 1330 0 0
628 1330 0 0
629 1330 0 0
630 1330 0 0
631 1330 0 0
632 1330 0 0
633 1330 0 0
634 1330 0 0
635 1330 0 0
636 1330 0 0
637 1330 0 0
638 1330 0 0
639 1330 0 0
640 1330 0 0
641 1330 0 0
642 1330 0 0
643 1330 0 0
644 1330 0 0
645 1330 0 0
646 1330 0 0
647 1327 0 0
648 1327 0 0
649 1327 0 0
650 1327 0 0
651 1327 0 0
652 1327 0 0
653 1327 0 0
654 1327 0 0
655 1327 0 0
656 1327 0 0
657 1327 0 0
658 1327 0 0
659 1327 0 0
660 1327 0 0
661 1327 0 0
662 1327 0 0
663 1327 0 0
664 1327 0 0
665 1327 0 0
666 1327 0 0
667 1327 0 0
668 1327 0 0
669 1327 0 0
670 1327 0 0
671 1327 0 0
672 1327 0 0
673 1327 0 0
674 1327 0 0
675 1327 0 0
676 1327 0 0
677 1327 0 0
678 1327 0 0
679 1327 0 0
680 1327 0 0
681 1327 0 0
682 1327 0 0
683 1327 0 0
684 1327 0 0
685 1327 0 0
686 1327 0 0
687 1327 0 0
688 1327 0 0
689 1327 0 0
690 1327 0 0
691 1327 0 0
692 1327 0 0
693 1327 0 0
694 1327 0 0
695 1327 0 0
696 1327 0 0
697 1327 0 0
698 1327 0 0
699 1327 0 0
700 1327 0 0
701 1327 0 0
702 1327 0 0
703 1327 0 0
704 1327 0 0
705 1327 0 0
706 1327 0 0
707 1327 0 0
708 1327 0 0
709 1327 0 0
710 1327 0 0
711 1327 0 0
712 1327 0 0
713 1327 0 0
714 1327 0 0
715 1327 0 0
716 1327 0 0
717 1327 0 0
718 1327 0 0
719 1327 0 0
720 1327 0 0
721 1327 0 0
722 1327 0 0
723 1327 0 0
724 1327 0 0
725 1327 0 0
726 1327 0 0
727 1327 0 0
728 1327 0 0
729 1327 0 0
730 1327 0 0
731 1327 0 0
732 1327 0 0
733 1327 0 0
734 1327 0 0
735 1327 0 0
736 1327 0 0
737 1327 0 0
738 1327 0 0
739 1327 0 0
740 1327 0 0
741 1327 0 0
742 1327 0 0
743 1327 0 0
744 1327 0 0
745 1327 0 0
746 1327 0 0
747 1327 0 0
748 1327 0 0
749 1327 0 0
750 1327 0 0
751 1327 0 0
752 1327 0 0
753 1327 0 0
754 1327 0 0
755 1327 0 0
756 1327 0 0
757 1327 0 0
758 1327 0 0
759 1327 0 0
760 1327 0 0
761 1327 0 0
762 1327 0 0
763 1327 0 0
764 1327 0 0
765 1327 0 0
766 1327 0 0
767 1327 0 0
768 1327 0 0
769 1327 0 0
770 1327 0 0
771 1327 0 0
772 1327 0 0
773 1327 0 0
774 1327 0 0
775 1327 0 0
776 1327 0 0
777 1327 0 0
778 1327 0 0
779 1327 0 0
780 1327 0 0
781 1327 0 0
782 1327 0 0
783 1327 0 0
784 1327 0 0
785 1327 0 0
786 1327 0 0
787 1327 0 0
788 1327 0 0
789 1327 0 0
790 1327 0 0
791 1325 0 0
792 1325 0 0
793 1325 0 0
794 1325 0 0
795 1325 0 0
796 1325 0 0
797 1325 0 0
798 1325 0 0
799 1325 0 0
800 1325 0 0
801 1325 0 0
802 1325 0 0
803 1325 0 0
804 1325 0 0
805 1325 0 0
806 1325 0 0
807 1325 0 0
808 1325 0 0
809 1325 0 0
810 1325 0 0
811 1325 0 0
812 1325 0 0
813 1325 0 0
814 1325 0 0
815 1325 0 0
816 1325 0 0
817 1325 0 0
818 1325 0 0
819 1325 0 0
820 1325 0 0
821 1325 0 0
822 1325 0 0
823 1325 0 0
824 1325 0 0
825 1325 0 0
826 1325 0 0
827 1325 0 0
828 1325 0 0
829 1325 0 0
830 1325 0 0
831 1325 0 0
832 1325 0 0
833 1325 0 0
834 1325 0 0
835 1325 0 0
836 1325 0 0
837 1325 0 0
838 1325 0 0
839 1325 0 0
840 1325 0 0
841 1325 0 0
842 1325 0 0
843 1325 0 0
844 1325 0 0
845 1325 0 0
846 1325 0 0
847 1325 0 0
848 1325 0 0
849 1325 0 0
850 1325 0 0
851 1325 0 0
852 1325 0 0
853 1325 0 0
854 1325 0 0
855 1325 0 0
856 1325 0 0
857 1325 0 0
858 1325 0 0
859 1325 0 0
860 1325 0 0
861 1325 0 0
862 1325 0 0
863 1325 0 0
864 1325 0 0
865 1325 0 0
866 1325 0 0
867 1322 0 0
868 1322 0 0
869 1322 0 0
870 1322 0 0
871 1322 0 0
872 1322 0 0
873 1322 0 0
874 1322 0 0
875 1322 0 0
876 1322 0 0
877 1322 0 0
878 1322 0 0
879 1322 0 0
880 1322 0 0
881 1322 0 0
882 1322 0 0
883 1322 0 0
884 1322 0 0
885 1322 0 0
886 1322 0 0
887 1322 0 0
888 1322 0 0
889 1322 0 0
890 1322 0 0
891 1322 0 0
892 1322 0 0
893 1322 0 0
894 1322 0 0
895 1322 0 0
896 1322 0 0
897 1322 0 0
898 1322 0 0
899 1322 0 0
900 1322 0 0
901 1322 0 0
902 1322 0 0
903 1322 0 0
904 1322 0 0
905 1322 0 0
906 1322 0 0
907 1322 0 0
908 1322 0 0
909 1322 0 0
910 1322 0 0
911 1322 0 0
912 1322 0 0
913 1322 0 0
914 1322 0 0
915 1322 0 0
916 1322 0 0
917 1322 0 0
918 1322 0 0
919 1322 0 0
920 1322 0 0
921 1322 0 0
922 1322 0 0
923 1322 0 0
924 1322 0 0
925 1322 0 0
926 1322 0 0
927 1322 0 0
928 1322 0 0
929 1322 0 0
930 1322 0 0
931 1322 0 0
932 1322 0 0
933 1322 0 0
934 1322 0 0
935 1322 0 0
936 1322 0 0
937 1322 0 0
938 1322 0 0
939 1322 0 0
940 1322 0 0
941 1322 0 0
942 1320 0 0
943 1320 0 0
944 1320 0 0
945 1320 0 0
946 1320 0 0
947 1320 0 0
948 1320 0 0
949 1320 0 0
950 1320 0 0
951 1320 0 0
952 1320 0 0
953 1320 0 0
954 1320 0 0
955 1320 0 0
956 1320 0 0
957 1320 0 0
958 1320 0 0
959 1320 0 0
960 1320 0 0
961 1320 0 0
962 1320 0 0
963 1320 0 0
964 1320 0 0
965 1320 0 0
966 1320 0 0
967 1320 0 0
968 1320 0 0
969 1320 0 0
970 1320 0 0
971 1320 0 0
972 1320 0 0
973 1320 0 0
974 1320 0 0
975 1320 0 0
976 1320 0 0
977 1320 0 0
978 1320 0 0
979 1320 0 0
980 1320 0 0
981 1320 0 0
982 1320 0 0
983 1320 0 0
984 1320 0 0
985 1320 0 0
986 1320 0 0
987 1320 0 0
988 1320 0 0
989 1320 0 0
990 1320 0 0
991 1320 0 0
992 1320 0 0
993 1320 0 0
994 1320 0 0
995 1317 0 0
996 1317 0 0
997 1317 0 0
998 1317 0 0
999 1317 0 0
1000 1317 0 0
1001 1317 0 0
1002 1317 0 0
1003 1317 0 0
1004 1317 0 0
1005 1317 0 0
1006 1317 0 0
1007 1317 0 0
1008 1317 0 0
1009 1317 0 0
1010 1317 0 0
1011 1317 0 0
1012 1317 0 0
1013 1317 0 0
1014 1317 0 0
1015 1317 0 0
1016 1317 0 0
1017 1317 0 0
1018 1317 0 0
1019 1317 0 0
1020 1317 0 0
1021 1317 0 0
1022 1317 0 0
1023 1317 0 0
1024 1317 0 0
1025 1317 0 0
1026 1317 0 0
1027 1317 0 0
1028 1317 0 0
1029 1317 0 0
1030 1317 0 0
1031 1317 0 0
1032 1317 0 0
1033 1317 0 0
1034 1317 0 0
1035 1317 0 0
1036 1317 0 0
1037 1317 0 0
1038 1317 0 0
1039 1317 0 0
1040 1317 0 0
1041 1317 0 0
1042 1317 0 0
1043 1317 0 0
1044 1317 0 0
1045 1317 0 0
1046 1317 0 0
1047 1317 0 0
1048 1317 0 0
1049 1317 0 0
1050 1317 0 0
1051 1317 0 0
1052 1317 0 0
1053 1317 0 0
1054 1317 0 0
1055 1317 0 0
1056 1317 0 0
1057 1317 0 0
1058 1317 0 0
1059 1317 0 0
1060 1314 0 0
1061 1314 0 0
1062 1314 0 0
1063 1314 0 0
1064 1314 0 0
1065 1314 0 0
1066 1314 0 0
1067 1314 0 0
1068 1314 0 0
1069 1314 0 0
1070 1314 0 0
1071 1314 0 0
1072 1314 0 0
1073 1314 0 0
1074 1314 0 0
1075 1314 0 0
1076 1314 0 0
1077 1314 0 0
1078 1314 0 0
1079 1314 0 0
1080 1314 0 0
1081 1314 0 0
1082 1314 0 0
1083 1314 0 0
1084 1314 0 0
1085 1314 0 0
1086 1314 0 0
1087 1314 0 0
1088 1314 0 0
1089 1314 0 0
1090 1314 0 0
1091 1314 0 0
1092 1314 0 0
1093 1314 0 0
1094 1314 0 0
1095 1314 0 0
1096 1314 0 0
1097 1314 0 0
1098 1314 0 0
1099 1314 0 0
1100 1314 0 0
1101 1314 0 0
1102 1314 0 0
1103 1314 0 0
1104 1314 0 0
1105 1314 0 0
1106 1314 0 0
1107 1314 0 0
1108 1314 0 0
1109 1314 0 0
1110 1314 0 0
1111 1314 0 0
1112 1314 0 0
1113 1314 0 0
1114 1314 0 0
1115 1314 0 0
1116 1314 0 0
1117 1314 0 0
1118 1314 0 0
1119 1314 0 0
1120 1314 0 0
1121 1314 0 0
1122 1314 0 0
1123 1314 0 0
1124 1314 0 0
1125 1314 0 0
1126 1314 0 0
1127 1314 0 0
1128 1314 0 0
1129 1314 0 0
1130 1314 0 0
1131 1314 0 0
1132 1314 0 0
1133 1314 0 0
1134 1314 0 0
1135 1314 0 0
1136 1314 0 0
1137 1314 0 0
1138 1314 0 0
1139 1314 0 0
1140 1314 0 0
1141 1314 0 0
1142 1314 0 0
1143 1314 0 0
1144 1314 0 0
1145 1314 0 0
1146 1314 0 0
1147 1314 0 0
1148 1314 0 0
1149 1314 0 0
1150 1314 0 0
1151 1314 0 0
1152 1314 0 0
1153 1314 0 0
1154 1314 0 0
1155 1314 0 0
1156 1314 0 0
1157 1314 0 0
1158 1314 0 0
1159 1314 0 0
1160 1314 0 0
1161 1314 0 0
1162 1314 0 0
1163 1314 0 0
1164 1314 0 0
1165 1314 0 0
1166 1314 0 0
1167 1314 0 0
1168 1314 0 0
1169 1314 0 0
1170 1314 0 0
1171 1314 0 0
1172 1314 0 0
1173 1314 0 0
1174 1314 0 0
1175 1314 0 0
1176 1314 0 0
1177 1314 0 0
1178 1314 0 0
1179 1314 0 0
1180 1314 0 0
1181 1314 0 0
1182 1314 0 0
1183 1314 0 0
1184 1314 0 0
1185 1314 0 0
1186 1314 0 0
1187 1314 0 0
1188 1314 0 0
1189 1314 0 0
1190 1314 0 0
1191 1314 0 0
1192 1314 0 0
1193 1314 0 0
1194 1314 0 0
1195 1314 0 0
1196 1314 0 0
1197 1314 0 0
1198 1314 0 0
1199 1314 0 0
1200 1314 0 0
1201 1314 0 0
1202 1314 0 0
1203 1314 0 0
1204 1314 0 0
1205 1314 0 0
1206 1314 0 0
1207 1314 0 0
1208 1314 0 0
1209 1314 0 0
1210 1314 0 0
1211 1314 0 0
1212 1314 0 0
1213 1314 0 0
1214 1314 0 0
1215 1314 0 0
1216 1314 0 0
1217 1314 0 0
1218 1314 0 0
1219 1314 0 0
1220 1314 0 0
1221 1314 0 0
1222 1314 0 0
1223 1314 0 0
1224 1314 0 0
1225 1314 0 0
1226 1314 0 0
1227 1314 0 0
1228 1314 0 0
1229 1314 0 0
1230 1314 0 0
1231 1314 0 0
1232 1314 0 0
1233 1314 0 0
1234 1314 0 0
1235 1314 0 0
1236 1314 0 0
1237 1314 0 0
1238 1314 0 0
1239 1314 0 0
1240 1314 0 0
1241 1314 0 0
1242 1314 0 0
1243 1314 0 0
1244 1314 0 0
1245 1314 0 0
1246 1314 0 0
1247 1314 0 0
1248 1314 0 0
1249 1314 0 0
1250 1314 0 0
1251 1314 0 0
1252 1314 0 0
1253 1314 0 0
1254 1314 0 0
1255 1314 0 0
1256 1314 0 0
1257 1314 0 0
1258 1314 0 0
1259 1314 0 0
1260 1314 0 0
1261 1314 0 0
1262 1314 0 0
1263 1314 0 0
1264 1314 0 0
1265 1314 0 0
1266 1314 0 0
1267 1314 0 0
1268 1314 0 0
1269 1314 0 0
1270 1314 0 0
1271 1314 0 0
1272 1314 0 0
1273 1314 0 0
1274 1314 0 0
1275 1314 0 0
1276 1314 0 0
1277 1314 0 0
1278 1314 0 0
1279 1314 0 0
1280 1314 0 0
