17 1 0 2 0
28 1 0 2 0
32 1 0 2 0
36 1 0 2 0
36 1 0 2 0
36 1 0 2 0
38 1 0 1 0
39 1 0 2 0
41 2 0 2 0
41 1 0 2 0
44 1 0 2 0
46 1 0 2 0
48 4 0 1 0
48 1 0 2 0
49 1 0 2 0
51 1 0 2 0
54 1 0 2 0
54 3 0 1 0
56 1 0 2 0
57 1 0 2 0
63 1 0 2 0
64 1 0 2 0
65 1 0 2 0
65 1 0 2 0
67 2 0 2 0
69 1 0 2 0
69 1 0 2 0
70 1 0 3 0
71 1 0 2 0
72 1 0 2 0
75 0 0 2 0
77 1 0 2 0
78 1 0 2 0
81 1 0 2 0
81 1 0 2 0
81 2 0 2 0
83 2 0 1 0
84 1 0 2 0
87 1 0 1 0
88 1 0 2 0
89 8 0 6 0
90 1 0 2 0
90 1 0 2 0
92 1 0 2 0
92 1 0 2 0
94 1 0 2 0
94 1 0 2 0
95 3 0 2 0
95 1 0 2 0
96 1 0 2 0
96 2 0 2 0
102 1 0 2 0
104 1 0 2 0
106 1 0 2 0
107 2 0 2 0
107 1 0 2 0
107 1 0 2 0
107 1 0 2 0
108 1 0 2 0
108 1 0 2 0
110 1 0 2 0
110 1 0 2 0
110 1 0 2 0
110 16 0 11 0
111 1 0 1 0
112 1 0 2 0
112 1 0 2 0
113 1 0 2 0
113 1 0 2 0
114 0 0 1 0
114 1 0 2 0
115 1 0 2 0
116 1 0 2 0
118 1 0 2 0
118 1 0 2 0
121 1 0 2 0
127 1 0 2 0
130 1 0 2 0
132 1 0 2 0
132 2 0 1 0
135 1 0 2 0
135 1 0 2 0
136 0 0 1 0
136 1 0 2 0
136 1 0 1 0
137 1 0 2 0
138 5 0 3 0
139 1 0 2 0
139 1 0 2 0
140 1 0 2 0
141 1 0 2 0
142 1 0 1 0
143 1 0 2 0
143 3 0 0 0
144 1 0 1 0
145 1 0 2 0
145 1 0 2 0
146 1 0 2 0
146 2 0 1 0
147 1 0 2 0
150 1 0 1 0
150 1 0 1 0
151 0 0 1 0
152 4 0 2 0
154 1 0 2 0
156 1 0 2 0
157 1 0 2 0
158 2 0 2 0
160 1 0 2 0
160 1 0 1 0
161 1 0 2 0
162 1 0 2 0
163 1 0 2 0
164 1 0 2 0
164 58 0 22 0
165 0 0 2 0
166 3 0 0 0
166 1 0 2 0
166 1 0 2 0
168 1 0 2 0
169 1 0 2 0
172 3 0 2 0
172 1 0 2 0
175 1 0 2 0
175 6 0 3 0
175 9 0 7 0
176 1 0 2 0
177 1 0 2 0
182 1 0 2 0
182 1 0 2 0
182 1 0 2 0
184 1 0 2 0
184 1 0 2 0
184 2 0 2 0
185 1 0 2 0
186 1 0 2 0
187 1 0 2 0
188 1 0 2 0
189 1 0 2 0
189 1 0 2 0
189 1 0 1 0
190 1 0 2 0
193 1 0 2 0
196 1 0 1 0
196 1 0 2 0
196 1 0 2 0
197 2 0 2 0
197 1 0 2 0
198 1 0 2 0
200 1 0 2 0
203 1 0 2 0
203 1 0 2 0
205 1 0 1 0
207 1 0 2 0
208 1 0 2 0
208 1 0 2 0
211 0 0 2 0
212 1 0 2 0
214 2 0 2 0
216 1 0 2 0
217 1 0 2 0
219 1 0 2 0
222 1 0 2 0
222 1 0 2 0
223 0 0 1 0
223 1 0 2 0
224 2 0 2 0
224 1 0 2 0
225 1 0 3 0
225 1 0 2 0
227 0 0 1 0
228 0 0 2 0
228 13 0 5 0
229 1 0 2 0
232 1 0 2 0
232 2 0 2 0
234 2 0 2 0
236 1 0 1 0
236 1 0 2 0
238 0 0 1 0
239 0 0 1 0
240 1 0 2 0
240 1 0 2 0
242 1 0 2 0
243 1 0 2 0
244 0 0 2 0
244 1 0 2 0
245 1 0 2 0
245 1 0 2 0
246 0 0 2 0
248 1 0 2 0
249 1 0 2 0
252 1 0 2 0
252 11 0 7 0
252 2 0 2 0
254 1 0 2 0
255 1 0 2 0
256 1 0 2 0
257 1 0 2 0
258 1 0 2 0
259 1 0 2 0
259 1 0 2 0
259 1 0 2 0
261 1 0 2 0
262 3 0 2 0
262 1 0 2 0
262 1 0 2 0
262 8 0 4 0
263 1 0 2 0
265 1 0 2 0
266 1 0 2 0
267 3 0 2 0
271 0 0 1 0
271 1 0 2 0
272 1 0 2 0
273 1 0 2 0
273 1 0 2 0
274 1 0 2 0
276 0 0 1 0
276 2 0 2 0
277 1 0 2 0
277 1 0 2 0
280 1 0 2 0
280 1 0 2 0
280 1 0 2 0
281 1 0 2 0
282 1 0 2 0
282 1 0 2 0
283 2 0 2 0
286 1 0 2 0
287 1 0 2 0
288 1 0 2 0
290 4 0 3 0
290 1 0 2 0
290 1 0 2 0
291 3 0 3 0
293 0 0 2 0
294 1 0 2 0
295 2 0 2 0
296 1 0 2 0
298 0 0 1 0
298 1 0 2 0
298 1 0 2 0
301 1 0 2 0
302 0 0 1 0
302 1 0 2 0
305 6 0 4 0
306 1 0 2 0
307 1 0 2 0
308 1 0 2 0
308 1 0 2 0
309 1 0 2 0
311 1 0 2 0
311 1 0 2 0
312 1 0 2 0
313 1 0 2 0
316 3 0 2 0
317 1 0 3 0
318 1 0 2 0
318 1 0 2 0
318 1 0 2 0
319 0 0 1 0
319 1 0 2 0
320 4 0 1 0
320 1 0 2 0
322 6 0 3 0
322 1 0 1 0
322 2 0 2 0
323 0 0 1 0
323 1 0 2 0
327 1 0 1 0
327 1 0 3 0
327 1 0 2 0
328 1 0 2 0
328 1 0 2 0
329 1 0 2 0
329 1 0 2 0
330 1 0 2 0
331 1 0 2 0
334 1 0 2 0
335 1 0 2 0
336 1 0 1 0
337 1 0 2 0
337 4 0 2 0
337 0 0 2 0
339 2 0 2 0
340 1 0 2 0
341 1 0 2 0
343 1 0 2 0
345 1 0 2 0
346 1 0 2 0
347 1 0 2 0
350 1 0 2 0
350 1 0 2 0
351 1 0 2 0
351 1 0 2 0
351 1 0 2 0
352 2 0 2 0
352 1 0 2 0
353 1 0 2 0
354 1 0 2 0
355 3 0 3 0
356 1 0 2 0
358 1 0 2 0
361 1 0 2 0
362 0 0 1 0
362 1 0 3 0
362 1 0 2 0
363 1 0 2 0
364 1 0 2 0
365 1 0 2 0
367 1 0 1 0
369 1 0 2 0
370 1 0 2 0
373 1 0 2 0
373 1 0 2 0
374 1 0 2 0
376 1 0 2 0
377 1 0 2 0
377 1 0 2 0
378 1 0 2 0
378 1 0 2 0
379 1 0 1 0
379 1 0 2 0
380 1 0 2 0
380 1 0 2 0
382 1 0 2 0
385 0 1 0 2 0
385 0 1 0 2 0
386 0 1 0 2 0
386 0 1 0 2 0
386 0 1 0 2 0
388 0 1 0 1 0
388 0 1 0 2 0
389 0 1 0 2 0
390 0 1 0 2 0
390 0 1 0 2 0
391 0 1 0 2 0
392 0 1 0 2 0
393 0 1 0 2 0
393 0 1 0 2 0
394 0 2 0 2 0
396 0 1 0 2 0
398 0 1 0 2 0
398 0 1 0 2 0
399 0 1 0 2 0
400 0 1 0 2 0
401 0 2 0 2 0
408 0 1 0 2 0
408 0 1 0 2 0
410 0 2 0 2 0
414 0 1 0 2 0
414 0 2 0 2 0
416 0 1 0 2 0
418 0 1 0 2 0
421 0 1 0 2 0
421 0 1 0 2 0
422 0 1 0 2 0
423 0 1 0 2 0
426 0 1 0 2 0
427 0 1 0 2 0
428 0 1 0 2 0
428 0 1 0 2 0
428 0 1 0 2 0
429 0 6 0 3 0
429 0 3 0 2 0
430 0 1 0 3 0
432 0 4 0 3 0
434 0 1 0 2 0
435 0 1 0 2 0
436 0 1 0 2 0
436 0 1 0 2 0
437 0 1 0 2 0
438 0 0 0 1 0
438 0 2 0 2 0
438 0 1 0 2 0
438 0 1 0 2 0
438 0 4 0 2 0
439 0 1 0 2 0
440 0 1 0 2 0
441 0 1 0 2 0
442 0 1 0 2 0
446 0 1 0 2 0
447 0 1 0 2 0
447 0 1 0 2 0
448 0 4 0 2 0
449 0 0 0 1 0
453 0 1 0 2 0
455 0 1 0 2 0
455 0 1 0 2 0
456 0 1 0 2 0
458 0 3 0 2 0
459 0 1 0 2 0
459 0 0 0 2 0
459 0 1 0 2 0
461 0 1 0 2 0
464 0 1 0 2 0
464 0 1 0 2 0
465 0 1 0 2 0
467 0 1 0 2 0
467 0 1 0 2 0
467 0 1 0 2 0
467 0 1 0 2 0
468 0 5 0 3 0
468 0 1 0 2 0
469 0 1 0 2 0
470 0 2 0 4 0
470 0 2 0 2 0
470 0 1 0 3 0
471 0 1 0 2 0
471 0 1 0 2 0
473 0 1 0 2 0
473 0 1 0 2 0
473 0 1 0 2 0
473 0 1 0 2 0
474 0 1 0 2 0
474 0 1 0 2 0
475 0 1 0 2 0
478 0 1 0 2 0
480 0 0 0 2 0
482 0 1 0 2 0
482 0 8 0 3 0
482 0 1 0 2 0
483 0 1 0 2 0
484 0 1 0 2 0
484 0 1 0 2 0
487 0 1 0 1 0
490 0 2 0 2 0
490 0 1 0 2 0
491 0 1 0 2 0
492 0 1 0 2 0
493 0 1 0 2 0
494 0 2 0 1 0
494 0 1 0 2 0
496 0 1 0 2 0
497 0 1 0 2 0
497 0 1 0 2 0
500 0 1 0 2 0
501 0 1 0 2 0
502 0 1 0 2 0
503 0 2 0 3 0
503 0 4 0 2 0
504 0 1 0 1 0
505 0 1 0 2 0
506 0 1 0 2 0
506 0 3 0 2 0
506 0 1 0 2 0
507 0 1 0 2 0
507 0 2 0 2 0
508 0 1 0 2 0
510 0 1 0 2 0
511 0 3 0 3 0
511 0 1 0 2 0
512 0 1 0 2 0
513 0 1 0 2 0
513 0 1 0 2 0
513 0 1 0 2 0
514 0 1 0 2 0
516 0 0 0 2 0
517 0 1 0 2 0
519 0 2 0 3 0
520 0 2 0 2 0
520 0 1 0 2 0
521 0 1 0 2 0
523 0 1 0 2 0
524 0 1 0 2 0
525 0 1 0 2 0
525 0 1 0 2 0
526 0 1 0 3 0
531 0 1 0 2 0
531 0 1 0 2 0
533 0 1 0 2 0
533 0 1 0 2 0
535 0 1 0 2 0
535 0 1 0 2 0
536 0 1 0 2 0
538 0 1 0 2 0
539 0 2 0 1 0
543 0 1 0 2 0
544 0 1 0 2 0
544 0 1 0 2 0
545 0 1 0 2 0
546 0 3 0 2 0
547 0 2 0 3 0
548 0 1 0 2 0
549 0 1 0 2 0
551 0 1 0 2 0
553 0 0 0 1 0
553 0 1 0 2 0
554 0 1 0 2 0
554 0 0 0 2 0
555 0 5 0 2 0
555 0 4 0 2 0
555 0 1 0 2 0
555 0 1 0 2 0
556 0 1 0 2 0
557 0 1 0 2 0
557 0 1 0 2 0
558 0 1 0 2 0
560 0 2 0 2 0
561 0 0 0 2 0
562 0 2 0 0 0
562 0 1 0 2 0
563 0 0 0 1 0
563 0 1 0 2 0
565 0 1 0 2 0
565 0 1 0 2 0
566 0 0 0 2 0
567 0 1 0 2 0
568 0 1 0 2 0
568 0 1 0 2 0
570 0 4 0 3 0
571 0 1 0 2 0
571 0 1 0 2 0
572 0 0 0 2 0
572 0 1 0 2 0
572 0 1 0 2 0
574 0 6 0 4 0
575 0 1 0 2 0
576 0 2 0 2 0
578 0 1 0 2 0
579 0 1 0 2 0
579 0 1 0 3 0
581 0 1 0 2 0
582 0 1 0 2 0
583 0 1 0 2 0
584 0 2 0 3 0
584 0 1 0 2 0
586 0 0 0 2 0
587 0 2 0 2 0
588 0 1 0 2 0
588 0 1 0 2 0
589 0 2 0 2 0
591 0 1 0 2 0
592 0 2 0 2 0
593 0 1 0 2 0
594 0 1 0 2 0
594 0 1 0 2 0
595 0 1 0 2 0
596 0 1 0 2 0
597 0 0 0 2 0
598 0 1 0 2 0
598 0 0 0 2 0
599 0 1 0 2 0
601 0 2 0 2 0
602 0 1 0 2 0
605 0 1 0 2 0
605 0 5 0 4 0
605 0 1 0 3 0
606 0 1 0 2 0
606 0 1 0 2 0
610 0 1 0 2 0
610 0 1 0 2 0
612 0 1 0 2 0
612 0 1 0 2 0
614 0 1 0 3 0
615 0 1 0 2 0
618 0 1 0 2 0
618 0 1 0 2 0
619 0 1 0 1 0
620 0 0 0 1 0
621 0 1 0 2 0
622 0 1 0 2 0
622 0 1 0 2 0
622 0 1 0 2 0
623 0 2 0 2 0
624 0 1 0 2 0
625 0 1 0 3 0
626 0 0 0 2 0
628 0 1 0 2 0
628 0 1 0 2 0
629 0 1 0 2 0
629 0 1 0 2 0
630 0 1 0 2 0
632 0 1 0 2 0
634 0 1 0 2 0
635 0 1 0 2 0
635 0 1 0 2 0
637 0 1 0 2 0
637 0 1 0 2 0
639 0 3 0 2 0
643 0 1 0 2 0
643 0 3 0 2 0
644 0 3 0 3 0
646 0 1 0 2 0
649 0 1 0 2 0
650 0 1 0 2 0
650 0 1 0 2 0
652 0 1 0 2 0
652 0 1 0 2 0
654 0 2 0 2 0
654 0 3 0 2 0
656 0 1 0 2 0
657 0 2 0 1 0
658 0 1 0 2 0
659 0 1 0 2 0
659 0 1 0 1 0
659 0 1 0 2 0
660 0 1 0 2 0
661 0 1 0 2 0
662 0 0 0 1 0
663 0 1 0 2 0
664 0 2 0 2 0
665 0 1 0 2 0
667 0 1 0 2 0
667 0 3 0 2 0
668 0 1 0 2 0
670 0 1 0 2 0
670 0 2 0 2 0
672 0 1 0 1 0
672 0 1 0 2 0
673 0 1 0 2 0
674 0 1 0 2 0
675 0 2 0 1 0
675 0 1 0 2 0
677 0 0 0 1 0
679 0 5 0 2 0
681 0 1 0 2 0
681 0 1 0 2 0
681 0 1 0 2 0
684 0 1 0 2 0
685 0 1 0 2 0
687 0 1 0 2 0
689 0 1 0 1 0
689 0 1 0 2 0
689 0 3 0 3 0
690 0 1 0 2 0
693 0 1 0 2 0
696 0 1 0 3 0
698 0 2 0 2 0
700 0 1 0 2 0
701 0 2 0 2 0
701 0 2 0 2 0
702 0 1 0 2 0
702 0 1 0 2 0
703 0 1 0 2 0
704 0 0 0 2 0
706 0 1 0 2 0
706 0 1 0 2 0
706 0 1 0 2 0
706 0 1 0 2 0
707 0 1 0 2 0
707 0 2 0 2 0
707 0 1 0 2 0
711 0 1 0 1 0
711 0 1 0 2 0
711 0 1 0 2 0
711 0 1 0 2 0
712 0 1 0 2 0
712 0 1 0 2 0
713 0 1 0 1 0
714 0 3 0 3 0
715 0 2 0 2 0
715 0 1 0 2 0
716 0 0 0 1 0
716 0 1 0 2 0
717 0 0 0 2 0
722 0 1 0 2 0
723 0 1 0 2 0
724 0 2 0 2 0
725 0 1 0 2 0
728 0 1 0 1 0
728 0 1 0 2 0
728 0 1 0 2 0
728 0 1 0 2 0
729 0 1 0 2 0
729 0 1 0 2 0
730 0 3 0 3 0
731 0 1 0 2 0
731 0 2 0 2 0
732 0 1 0 2 0
734 0 1 0 2 0
735 0 1 0 2 0
735 0 1 0 2 0
736 0 1 0 2 0
737 0 1 0 2 0
737 0 1 0 1 0
738 0 1 0 2 0
738 0 1 0 2 0
739 0 1 0 1 0
739 0 1 0 2 0
739 0 1 0 1 0
740 0 3 0 2 0
740 0 3 0 2 0
741 0 1 0 2 0
741 0 2 0 2 0
746 0 3 0 2 0
747 0 1 0 2 0
747 0 2 0 2 0
747 0 1 0 2 0
748 0 1 0 2 0
750 0 4 0 2 0
750 0 1 0 2 0
754 0 1 0 2 0
754 0 1 0 2 0
757 0 1 0 2 0
758 0 1 0 2 0
759 0 1 0 2 0
759 0 1 0 2 0
760 0 1 0 2 0
761 0 1 0 2 0
764 0 1 0 2 0
766 0 1 0 2 0
767 0 6 0 6 0
768 0 1 0 2 0
768 0 1 0 2 0
769 0 1 0 3 0
770 0 2 0 2 0
772 0 1 0 1 0
772 0 1 0 2 0
772 0 1 0 2 0
774 0 1 0 2 0
775 0 1 0 2 0
777 0 1 0 2 0
778 0 1 0 2 0
778 0 1 0 2 0
779 0 1 0 2 0
781 0 1 0 3 0
782 0 1 0 2 0
783 0 0 0 1 0
783 0 1 0 2 0
783 0 1 0 2 0
785 0 0 0 1 0
786 0 1 0 2 0
790 0 4 0 3 0
791 0 1 0 2 0
793 0 1 0 2 0
796 0 1 0 2 0
800 0 1 0 2 0
800 0 1 0 2 0
802 0 1 0 2 0
802 0 0 0 2 0
802 0 1 0 2 0
803 0 1 0 2 0
803 0 1 0 2 0
803 0 1 0 2 0
804 0 1 0 2 0
805 0 1 0 2 0
805 0 1 0 2 0
805 0 5 0 2 0
805 0 1 0 2 0
806 0 1 0 2 0
809 0 1 0 2 0
809 0 1 0 2 0
809 0 1 0 2 0
809 0 1 0 2 0
810 0 1 0 2 0
811 0 0 0 2 0
813 0 1 0 2 0
814 0 1 0 2 0
814 0 1 0 2 0
814 0 1 0 2 0
815 0 1 0 2 0
817 0 1 0 2 0
817 0 1 0 2 0
819 0 1 0 2 0
820 0 1 0 1 0
820 0 1 0 2 0
820 0 1 0 2 0
822 0 1 0 2 0
822 0 1 0 2 0
823 0 2 0 2 0
825 0 3 0 1 0
826 0 3 0 2 0
826 0 1 0 2 0
826 0 1 0 2 0
828 0 1 0 2 0
829 0 1 0 2 0
830 0 1 0 1 0
831 0 1 0 1 0
832 0 1 0 1 0
834 0 1 0 2 0
834 0 1 0 2 0
835 0 1 0 2 0
836 0 1 0 2 0
838 0 4 0 2 0
839 0 0 0 1 0
839 0 1 0 2 0
840 0 1 0 2 0
841 0 1 0 2 0
841 0 1 0 2 0
846 0 1 0 2 0
846 0 3 0 2 0
847 0 1 0 2 0
847 0 1 0 2 0
849 0 2 0 2 0
851 0 1 0 1 0
851 0 1 0 2 0
854 0 0 0 2 0
855 0 1 0 2 0
856 0 1 0 1 0
856 0 1 0 2 0
857 0 0 0 1 0
857 0 1 0 2 0
857 0 1 0 2 0
858 0 1 0 2 0
858 0 1 0 2 0
860 0 1 0 2 0
862 0 1 0 2 0
862 0 1 0 2 0
862 0 6 0 2 0
863 0 1 0 2 0
864 0 1 0 2 0
864 0 1 0 2 0
865 0 1 0 2 0
865 0 1 0 2 0
868 0 1 0 2 0
869 0 1 0 2 0
869 0 1 0 2 0
869 0 6 0 2 0
869 0 3 0 2 0
870 0 1 0 2 0
870 0 1 0 2 0
870 0 1 0 2 0
871 0 2 0 2 0
873 0 1 0 1 0
875 0 1 0 2 0
876 0 1 0 2 0
877 0 1 0 2 0
878 0 1 0 1 0
880 0 1 0 2 0
884 0 1 0 2 0
884 0 1 0 2 0
884 0 1 0 2 0
885 0 1 0 2 0
886 0 1 0 2 0
887 0 1 0 2 0
887 0 1 0 2 0
888 0 1 0 2 0
890 0 1 0 2 0
891 0 1 0 2 0
891 0 1 0 2 0
892 0 1 0 1 0
893 0 1 0 2 0
893 0 1 0 2 0
893 0 1 0 2 0
896 0 1 0 2 0
898 0 1 0 2 0
898 0 2 0 2 0
899 0 1 0 2 0
899 0 2 0 2 0
900 0 1 0 2 0
901 0 1 0 2 0
901 0 1 0 2 0
901 0 2 0 2 0
902 0 1 0 2 0
904 0 1 0 1 0
905 0 1 0 2 0
905 0 1 0 2 0
906 0 2 0 2 0
907 0 1 0 2 0
908 0 1 0 1 0
909 0 2 0 2 0
910 0 1 0 2 0
912 0 1 0 2 0
913 0 2 0 2 0
913 0 1 0 2 0
914 0 1 0 2 0
914 0 1 0 2 0
916 0 1 0 2 0
917 0 1 0 2 0
922 0 1 0 2 0
924 0 1 0 2 0
925 0 1 0 2 0
926 0 2 0 2 0
927 0 1 0 2 0
928 0 1 0 2 0
929 0 1 0 2 0
930 0 1 0 1 0
930 0 1 0 2 0
930 0 1 0 1 0
933 0 0 0 2 0
934 0 2 0 2 0
934 0 1 0 2 0
935 0 1 0 2 0
936 0 3 0 2 0
937 0 1 0 2 0
937 0 1 0 2 0
937 0 1 0 2 0
938 0 1 0 2 0
939 0 1 0 2 0
942 0 1 0 2 0
943 0 1 0 2 0
944 0 3 0 2 0
944 0 1 0 2 0
946 0 1 0 2 0
946 0 1 0 2 0
947 0 1 0 2 0
948 0 3 0 2 0
948 0 1 0 2 0
949 0 1 0 2 0
950 0 5 0 2 0
951 0 1 0 2 0
952 0 2 0 2 0
954 0 4 0 2 0
954 0 3 0 2 0
955 0 0 0 1 0
955 0 1 0 2 0
956 0 1 0 2 0
957 0 1 0 2 0
957 0 1 0 2 0
957 0 1 0 2 0
958 0 1 0 2 0
959 0 0 0 1 0
959 0 0 0 2 0
959 0 2 0 4 0
960 0 1 0 3 0
960 0 1 0 2 0
961 0 0 0 2 0
962 0 1 0 2 0
963 0 2 0 2 0
964 0 1 0 2 0
965 0 1 0 2 0
968 0 1 0 1 0
968 0 1 0 2 0
968 0 1 0 2 0
970 0 1 0 2 0
970 0 1 0 2 0
971 0 6 0 3 0
971 0 1 0 2 0
976 0 1 0 2 0
977 0 2 0 2 0
978 0 1 0 2 0
978 0 1 0 2 0
979 0 1 0 2 0
980 0 1 0 2 0
981 0 0 0 1 0
981 0 1 0 2 0
982 0 0 0 1 0
982 0 1 0 2 0
983 0 1 0 2 0
987 0 1 0 2 0
989 0 1 0 2 0
990 0 1 0 2 0
990 0 1 0 2 0
990 0 1 0 3 0
991 0 1 0 2 0
992 0 1 0 2 0
993 0 1 0 2 0
993 0 1 0 2 0
994 0 3 0 2 0
996 0 1 0 2 0
996 0 1 0 2 0
997 0 0 0 1 0
997 0 1 0 2 0
998 0 2 0 2 0
999 0 1 0 2 0
1000 0 0 0 2 0
1000 0 13 0 7 0
1001 0 1 0 2 0
1001 0 1 0 2 0
1002 0 4 0 3 0
1005 0 1 0 2 0
1007 0 1 0 2 0
1007 0 1 0 2 0
1007 0 1 0 2 0
1011 0 1 0 2 0
1014 0 1 0 2 0
1015 0 2 0 4 0
1015 0 1 0 2 0
1016 0 1 0 2 0
1016 0 1 0 2 0
1016 0 1 0 2 0
1017 0 1 0 1 0
1017 0 2 0 1 0
1019 0 0 0 2 0
1019 0 2 0 2 0
1020 0 1 0 2 0
1020 0 2 0 2 0
1020 0 1 0 2 0
1022 0 1 0 1 0
1022 0 1 0 1 0
1023 0 2 0 1 0
1023 0 1 0 2 0
1027 0 1 0 2 0
1027 0 1 0 1 0
1028 0 1 0 2 0
1029 0 1 0 2 0
1030 0 0 0 1 0
1030 0 1 0 2 0
1031 0 1 0 2 0
1033 0 1 0 2 0
1034 0 1 0 2 0
1034 0 1 0 2 0
1036 0 1 0 2 0
1036 0 1 0 2 0
1037 0 1 0 2 0
1039 0 5 0 3 0
1039 0 1 0 2 0
1040 0 0 0 2 0
1041 0 1 0 2 0
1041 0 1 0 2 0
1041 0 2 0 2 0
1041 0 1 0 2 0
1042 0 1 0 2 0
1042 0 1 0 2 0
1043 0 1 0 1 0
1044 0 1 0 2 0
1045 0 1 0 2 0
1046 0 1 0 2 0
1048 0 1 0 2 0
1048 0 1 0 2 0
1049 0 1 0 2 0
1050 0 1 0 2 0
1050 0 1 0 2 0
1050 0 1 0 2 0
1051 0 2 0 2 0
1051 0 1 0 2 0
1052 0 1 0 2 0
1053 0 1 0 2 0
1055 0 1 0 2 0
1055 0 1 0 2 0
1056 0 1 0 2 0
1058 0 2 0 2 0
1061 0 0 0 1 0
1061 0 1 0 2 0
1062 0 2 0 2 0
1062 0 1 0 2 0
1063 0 0 0 1 0
1065 0 1 0 2 0
1067 0 1 0 2 0
1067 0 1 0 2 0
1069 0 0 0 1 0
1069 0 1 0 2 0
1069 0 1 0 2 0
1070 0 1 0 2 0
1072 0 1 0 2 0
1073 0 1 0 2 0
1074 0 1 0 2 0
1075 0 1 0 2 0
1075 0 1 0 2 0
1075 0 1 0 2 0
1075 0 1 0 2 0
1076 0 1 0 2 0
1077 0 1 0 1 0
1077 0 2 0 2 0
1077 0 2 0 3 0
1078 0 1 0 2 0
1079 0 1 0 1 0
1080 0 1 0 2 0
1081 0 0 0 2 0
1082 0 1 0 2 0
1083 0 1 0 2 0
1085 0 3 0 1 0
1087 0 1 0 2 0
1090 0 1 0 3 0
1090 0 1 0 2 0
1091 0 0 0 1 0
1091 0 1 0 2 0
1093 0 1 0 2 0
1095 0 1 0 2 0
1096 0 1 0 2 0
1097 0 1 0 2 0
1098 0 1 0 2 0
1099 0 1 0 2 0
1099 0 1 0 2 0
1100 0 0 0 1 0
1100 0 1 0 2 0
1101 0 1 0 2 0
1104 0 4 0 3 0
1104 0 1 0 2 0
1105 0 0 0 1 0
1107 0 1 0 1 0
1108 0 0 0 1 0
1110 0 1 0 2 0
1110 0 1 0 2 0
1111 0 1 0 2 0
1113 0 1 0 2 0
1114 0 1 0 2 0
1115 0 1 0 2 0
1116 0 1 0 2 0
1116 0 1 0 2 0
1117 0 1 0 2 0
1117 0 0 0 2 0
1117 0 2 0 2 0
1119 0 1 0 2 0
1120 0 1 0 2 0
1121 0 1 0 2 0
1121 0 1 0 2 0
1122 0 1 0 2 0
1124 0 1 0 2 0
1126 0 1 0 2 0
1128 0 2 0 2 0
1128 0 1 0 2 0
1131 0 1 0 2 0
1131 0 5 0 3 0
1132 0 1 0 2 0
1133 0 1 0 2 0
1133 0 1 0 2 0
1134 0 1 0 2 0
1135 0 1 0 2 0
1135 0 0 0 1 0
1135 0 3 0 2 0
1136 0 1 0 2 0
1136 0 2 0 1 0
1136 0 1 0 2 0
1137 0 1 0 2 0
1140 0 1 0 2 0
1141 0 1 0 1 0
1142 0 0 0 2 0
1144 0 1 0 2 0
1144 0 1 0 2 0
1146 0 1 0 2 0
1146 0 1 0 2 0
1147 0 1 0 2 0
1148 0 1 0 2 0
1149 0 1 0 2 0
1151 0 2 0 3 0
1151 0 1 0 2 0
1152 0 1 0 2 0
1154 0 1 0 2 0
1154 0 2 0 2 0
1154 0 1 0 2 0
1156 0 1 0 2 0
1157 0 2 0 2 0
1157 0 2 0 2 0
1157 0 1 0 2 0
1158 0 1 0 2 0
1161 0 1 0 2 0
1163 0 1 0 2 0
1163 0 1 0 2 0
1164 0 1 0 2 0
1164 0 1 0 2 0
1165 0 1 0 2 0
1165 0 1 0 2 0
1167 0 1 0 2 0
1167 0 1 0 2 0
1168 0 1 0 2 0
1168 0 1 0 1 0
1168 0 1 0 2 0
1168 0 1 0 2 0
1169 0 1 0 2 0
1171 0 1 0 2 0
1171 0 1 0 2 0
1173 0 1 0 2 0
1174 0 1 0 2 0
1176 0 1 0 1 0
1176 0 2 0 2 0
1176 0 1 0 2 0
1177 0 1 0 2 0
1177 0 1 0 3 0
1178 0 1 0 2 0
1182 0 0 0 1 0
1182 0 2 0 2 0
1183 0 1 0 2 0
1185 0 1 0 2 0
1187 0 1 0 2 0
1187 0 1 0 2 0
1188 0 0 0 1 0
1188 0 1 0 2 0
1189 0 1 0 2 0
1190 0 2 0 2 0
1190 0 1 0 2 0
1191 0 1 0 2 0
1191 0 1 0 2 0
1192 0 1 0 2 0
1193 0 1 0 2 0
1193 0 1 0 1 0
1194 0 2 0 2 0
1195 0 1 0 2 0
1195 0 2 0 2 0
1199 0 1 0 2 0
1200 0 1 0 2 0
1202 0 1 0 2 0
1205 0 1 0 2 0
1205 0 1 0 2 0
1206 0 0 0 1 0
1206 0 1 0 2 0
1206 0 1 0 2 0
1207 0 2 0 2 0
1208 0 1 0 1 0
1211 0 1 0 2 0
1213 0 2 0 2 0
1214 0 1 0 2 0
1216 0 1 0 2 0
1217 0 1 0 2 0
1217 0 1 0 2 0
1218 0 1 0 2 0
1218 0 1 0 2 0
1219 0 2 0 2 0
1222 0 1 0 2 0
1223 0 1 0 2 0
1224 0 1 0 2 0
1225 0 2 0 2 0
1226 0 1 0 2 0
1234 0 1 0 2 0
1236 0 2 0 2 0
1236 0 1 0 2 0
1237 0 1 0 2 0
1237 0 1 0 2 0
1239 0 1 0 2 0
1239 0 1 0 2 0
1240 0 1 0 2 0
1240 0 1 0 2 0
1241 0 1 0 2 0
1241 0 1 0 2 0
1242 0 1 0 2 0
1245 0 1 0 2 0
1247 0 1 0 2 0
1250 0 1 0 2 0
1251 0 1 0 1 0
1251 0 3 0 1 0
1252 0 1 0 3 0
1252 0 1 0 2 0
1253 0 0 0 1 0
1254 0 1 0 2 0
1257 0 1 0 2 0
1259 0 1 0 2 0
1261 0 1 0 2 0
1261 0 1 0 2 0
1261 0 2 0 2 0
1262 0 1 0 2 0
1263 0 1 0 2 0
1264 0 1 0 2 0
1264 0 1 0 2 0
1265 0 3 0 2 0
1266 0 1 0 2 0
1266 0 0 0 2 0
1266 0 1 0 2 0
1267 0 1 0 2 0
1268 0 0 0 2 0
1268 0 1 0 2 0
1269 0 1 0 2 0
1270 0 1 0 2 0
1270 0 1 0 2 0
1271 0 0 0 1 0
1271 0 0 0 1 0
1272 0 1 0 2 0
1273 0 1 0 1 0
1276 0 1 0 2 0
1276 0 1 0 2 0
1278 0 4 0 3 0
1278 0 3 0 2 0
1278 0 1 0 2 0
1279 0 1 0 2 0
1280 0 1 0 2 0
1282 0 0 0 2 0
1282 0 1 0 2 0
1286 0 1 0 2 0
1287 0 1 0 2 0
1287 0 3 0 2 0
1287 0 1 0 2 0
1287 0 1 0 2 0
1289 0 0 0 1 0
1289 0 1 0 2 0
1289 0 1 0 2 0
1290 0 1 0 2 0
1291 0 1 0 2 0
1292 0 1 0 2 0
1292 0 1 0 2 0
1293 0 1 0 2 0
1293 0 1 0 2 0
1295 0 0 0 2 0
1296 0 1 0 2 0
1298 0 2 0 2 0
1298 0 1 0 2 0
1299 0 1 0 2 0
1299 0 1 0 2 0
1300 0 0 0 2 0
1300 0 1 0 2 0
1301 0 1 0 2 0
1303 0 1 0 2 0
1303 0 1 0 2 0
1304 0 1 0 1 0
1306 0 1 0 2 0
1307 0 1 0 2 0
1309 0 2 0 2 0
1315 0 1 0 2 0
1316 0 1 0 2 0
1318 0 5 0 2 0
1318 0 1 0 2 0
1319 0 1 0 2 0
1321 0 0 0 2 0
1321 0 1 0 2 0
1323 0 1 0 2 0
1324 0 2 0 3 0
1324 0 1 0 2 0
1325 0 1 0 2 0
1326 0 1 0 2 0
1326 0 1 0 2 0
1327 0 18 0 8 0
1329 0 1 0 2 0
1329 0 1 0 2 0
1330 0 0 0 1 0
1331 0 1 0 2 0
1334 0 1 0 2 0
1335 0 1 0 2 0
1335 0 1 0 2 0
1336 0 2 0 2 0
1336 0 1 0 2 0
1339 0 1 0 2 0
1340 0 1 0 2 0
1340 0 1 0 2 0
1341 0 1 0 2 0
1343 0 1 0 2 0
1344 0 1 0 2 0
1345 0 1 0 2 0
1347 0 1 0 2 0
1347 0 1 0 2 0
1349 0 1 0 2 0
1349 0 1 0 2 0
1351 0 2 0 2 0
1352 0 1 0 2 0
1353 0 1 0 1 0
1353 0 1 0 2 0
1353 0 7 0 2 0
1356 0 1 0 2 0
1357 0 1 0 2 0
1357 0 1 0 2 0
1360 0 1 0 2 0
1361 0 1 0 2 0
1361 0 1 0 2 0
1362 0 1 0 2 0
1364 0 1 0 2 0
1364 0 2 0 2 0
1366 0 1 0 2 0
1366 0 1 0 2 0
1366 0 1 0 2 0
1369 0 1 0 2 0
1370 0 1 0 2 0
1371 0 1 0 2 0
1371 0 1 0 2 0
1372 0 0 0 1 0
1374 0 1 0 2 0
1376 0 1 0 2 0
1377 0 1 0 2 0
1378 0 1 0 2 0
1379 0 1 0 1 0
1379 0 1 0 2 0
1381 0 0 0 2 0
1382 0 1 0 2 0
1383 0 1 0 2 0
1384 0 1 0 2 0
1384 0 1 0 2 0
1385 0 2 0 2 0
1387 0 1 0 2 0
1388 0 4 0 2 0
1388 0 1 0 2 0
1388 0 1 0 1 0
1389 0 1 0 2 0
1391 0 0 0 2 0
1392 0 1 0 2 0
1392 0 1 0 2 0
1393 0 1 0 2 0
1393 0 3 0 4 0
1393 0 5 0 4 0
1394 0 0 0 1 0
1395 0 1 0 2 0
1395 0 1 0 3 0
1396 0 3 0 3 0
1398 0 3 0 2 0
1399 0 2 0 3 0
1400 0 0 0 2 0
1402 0 1 0 2 0
1403 0 1 0 2 0
1403 0 0 0 2 0
1404 0 1 0 2 0
1404 0 2 0 2 0
1406 0 3 0 2 0
1408 0 1 0 2 0
1409 0 1 0 2 0
1410 0 1 0 2 0
1410 0 1 0 2 0
1411 0 2 0 2 0
1411 0 1 0 3 0
1413 0 0 0 1 0
1414 0 1 0 2 0
1414 0 1 0 2 0
1415 0 1 0 2 0
1416 0 2 0 2 0
1416 0 1 0 2 0
1418 0 1 0 2 0
1418 0 1 0 2 0
1420 0 1 0 2 0
1420 0 2 0 2 0
1424 0 1 0 2 0
1426 0 1 0 2 0
1427 0 2 0 2 0
1428 0 2 0 2 0
1430 0 1 0 2 0
1430 0 0 0 1 0
1431 0 1 0 2 0
1432 0 1 0 2 0
1433 0 1 0 2 0
1433 0 1 0 2 0
1434 0 1 0 2 0
1434 0 0 0 1 0
1437 0 1 0 2 0
1437 0 1 0 2 0
1438 0 2 0 1 0
1438 0 1 0 2 0
1438 0 2 0 2 0
1439 0 1 0 2 0
1439 0 1 0 2 0
1440 0 1 0 2 0
1440 0 1 0 2 0
1441 0 1 0 2 0
1442 0 1 0 2 0
1442 0 2 0 2 0
1443 0 2 0 2 0
1444 0 3 0 2 0
1444 0 2 0 2 0
1445 0 1 0 1 0
1445 0 1 0 2 0
1447 0 4 0 2 0
1449 0 1 0 2 0
1450 0 2 0 2 0
1451 0 1 0 2 0
1451 0 1 0 2 0
1454 0 1 0 1 0
1454 0 2 0 1 0
1454 0 1 0 2 0
1456 0 1 0 1 0
1456 0 1 0 2 0
1457 0 1 0 2 0
1458 0 1 0 2 0
1459 0 0 0 1 0
1460 0 1 0 1 0
1460 0 3 0 0 0
1462 0 1 0 1 0
1462 0 1 0 2 0
1463 0 1 0 2 0
1463 0 1 0 2 0
1464 0 0 0 3 0
1464 0 1 0 2 0
1465 0 1 0 2 0
1465 0 1 0 2 0
1468 0 1 0 2 0
1468 0 1 0 2 0
1469 0 1 0 2 0
1470 0 1 0 1 0
1470 0 1 0 2 0
1470 0 1 0 2 0
1472 0 1 0 2 0
1472 0 1 0 2 0
1473 0 1 0 2 0
1475 0 1 0 2 0
1475 0 1 0 2 0
1476 0 1 0 2 0
1477 0 1 0 2 0
1478 0 1 0 2 0
1478 0 1 0 2 0
1479 0 1 0 2 0
1481 0 2 0 1 0
1483 0 4 0 2 0
1484 0 1 0 2 0
1485 0 1 0 2 0
1485 0 1 0 2 0
1486 0 1 0 2 0
1489 0 1 0 2 0
1489 0 1 0 2 0
1490 0 1 0 1 0
1491 0 2 0 2 0
1492 0 0 0 2 0
1493 0 1 0 2 0
1493 0 1 0 2 0
1494 0 1 0 2 0
1495 0 1 0 2 0
1499 0 1 0 2 0
1501 0 1 0 2 0
1503 0 1 0 1 0
1503 0 1 0 2 0
1504 0 2 0 2 0
1505 0 1 0 2 0
1506 0 1 0 2 0
1507 0 0 0 1 0
1508 0 1 0 2 0
1510 0 1 0 2 0
1511 0 1 0 2 0
1513 0 1 0 2 0
1514 0 1 0 2 0
1515 0 1 0 1 0
1516 0 1 0 2 0
1516 0 1 0 2 0
1517 0 2 0 2 0
1517 0 2 0 2 0
1517 0 1 0 2 0
1520 0 1 0 2 0
1520 0 1 0 2 0
1522 0 1 0 2 0
1523 0 1 0 2 0
1523 0 2 0 2 0
1524 0 3 0 2 0
1525 0 1 0 2 0
1525 0 1 0 1 0
1525 0 1 0 2 0
1526 0 2 0 2 0
1527 0 1 0 2 0
1527 0 1 0 2 0
1527 0 1 0 2 0
1528 0 1 0 2 0
1528 0 1 0 2 0
1529 0 0 0 2 0
1531 0 1 0 2 0
1532 0 1 0 2 0
1533 0 1 0 2 0
1534 0 1 0 2 0
1535 0 1 0 2 0
1536 0 1 0 2 0
1537 0 1 0 2 0
1537 0 1 0 3 0
1538 0 1 0 2 0
1538 0 1 0 2 0
1540 0 1 0 2 0
1540 0 1 0 2 0
1541 0 1 0 2 0
1542 0 1 0 2 0
1544 0 1 0 2 0
1545 0 1 0 2 0
1545 0 1 0 2 0
1546 0 1 0 2 0
1546 0 1 0 2 0
1549 0 0 0 1 0
1549 0 1 0 2 0
1549 0 1 0 2 0
1550 0 1 0 2 0
1550 0 1 0 2 0
1551 0 1 0 2 0
1553 0 1 0 2 0
1554 0 1 0 2 0
1555 0 1 0 2 0
1555 0 1 0 2 0
1555 0 1 0 2 0
1556 0 1 0 2 0
1556 0 1 0 2 0
1556 0 2 0 2 0
1556 0 1 0 2 0
1557 0 1 0 2 0
1558 0 1 0 2 0
1560 0 9 0 5 0
1561 0 1 0 2 0
1562 0 1 0 2 0
1565 0 1 0 2 0
1565 0 1 0 2 0
1566 0 11 0 4 0
1566 0 1 0 2 0
1568 0 1 0 2 0
1568 0 1 0 2 0
1572 0 1 0 2 0
1573 0 1 0 2 0
1576 0 1 0 2 0
1577 0 1 0 2 0
1581 0 1 0 2 0
1582 0 1 0 2 0
1583 0 1 0 2 0
1583 0 2 0 2 0
1584 0 2 0 1 0
1586 0 1 0 2 0
1587 0 1 0 2 0
1589 0 1 0 2 0
1589 0 1 0 2 0
1590 0 0 0 1 0
1590 0 1 0 2 0
1592 0 1 0 2 0
1593 0 1 0 2 0
1594 0 1 0 2 0
1595 0 1 0 2 0
1596 0 0 0 1 0
1597 0 2 0 2 0
1597 0 1 0 2 0
1599 0 1 0 2 0
1599 0 1 0 2 0
1600 0 2 0 2 0
1600 0 1 0 2 0
1602 0 1 0 2 0
1603 0 1 0 1 0
1603 0 2 0 2 0
1605 0 1 0 2 0
1607 0 1 0 2 0
1607 0 1 0 2 0
1607 0 1 0 1 0
1608 0 0 0 1 0
1609 0 1 0 2 0
1610 0 1 0 2 0
1611 0 1 0 2 0
1611 0 1 0 2 0
1611 0 1 0 2 0
1613 0 1 0 2 0
1613 0 1 0 2 0
1614 0 1 0 1 0
1614 0 3 0 1 0
1614 0 1 0 2 0
1616 0 2 0 2 0
1616 0 1 0 2 0
1616 0 2 0 1 0
1618 0 1 0 2 0
1618 0 1 0 1 0
1620 0 1 0 2 0
1620 0 1 0 2 0
1622 0 1 0 2 0
1625 0 0 0 1 0
1625 0 1 0 2 0
1625 0 1 0 2 0
1626 0 1 0 1 0
1627 0 3 0 2 0
1628 0 0 0 2 0
1629 0 2 0 2 0
1629 0 19 0 8 0
1630 0 1 0 2 0
1631 0 0 0 2 0
1631 0 1 0 2 0
1632 0 1 0 2 0
1633 0 0 0 1 0
1635 0 1 0 2 0
1635 0 1 0 2 0
1635 0 2 0 2 0
1636 0 1 0 2 0
1641 0 1 0 2 0
1641 0 1 0 2 0
1643 0 0 0 1 0
1644 0 1 0 2 0
1646 0 1 0 2 0
1647 0 1 0 2 0
1648 0 1 0 2 0
1649 0 1 0 2 0
1649 0 1 0 2 0
1651 0 0 0 1 0
1652 0 1 0 2 0
1653 0 0 0 1 0
1653 0 2 0 2 0
1653 0 2 0 2 0
1654 0 1 0 2 0
1654 0 1 0 2 0
1656 0 8 0 3 0
1657 0 0 0 1 0
1659 0 1 0 2 0
1660 0 2 0 2 0
1660 0 1 0 2 0
1660 0 1 0 2 0
1661 0 1 0 2 0
1662 0 0 0 1 0
1662 0 2 0 2 0
1664 0 1 0 2 0
1669 0 1 0 2 0
1669 0 0 0 2 0
1671 0 1 0 1 0
1673 0 5 0 3 0
1673 0 1 0 2 0
1674 0 1 0 2 0
1674 0 3 0 2 0
1675 0 1 0 2 0
1675 0 4 0 2 0
1676 0 1 0 2 0
1678 0 1 0 2 0
1678 0 1 0 2 0
1679 0 2 0 2 0
1681 0 1 0 2 0
1684 0 1 0 2 0
1686 0 1 0 2 0
1686 0 1 0 2 0
1687 0 1 0 2 0
1688 0 1 0 2 0
1690 0 1 0 2 0
1692 0 1 0 3 0
1693 0 0 0 1 0
1693 0 3 0 2 0
1694 0 1 0 2 0
1694 0 1 0 2 0
1694 0 1 0 2 0
1694 0 1 0 2 0
1696 0 1 0 2 0
1696 0 1 0 2 0
1696 0 1 0 2 0
1698 0 1 0 2 0
1699 0 3 0 3 0
1700 0 19 0 8 0
1701 0 1 0 2 0
1701 0 1 0 2 0
1701 0 1 0 2 0
1701 0 1 0 2 0
1702 0 1 0 2 0
1703 0 1 0 2 0
1704 0 1 0 2 0
1704 0 1 0 2 0
1705 0 1 0 2 0
1705 0 1 0 2 0
1706 0 1 0 2 0
1706 0 1 0 2 0
1707 0 1 0 2 0
