0 0 3510 0 0
1 3510 0 2
2 3510 0 4
3 3510 0 6
4 3510 0 8
5 3510 0 10
6 3510 0 12
7 3510 0 14
8 3510 0 16
9 3510 0 18
10 3510 0 20
11 3510 0 22
12 3510 0 24
13 3510 0 26
14 3510 0 28
15 3510 0 30
16 3510 0 32
17 0 3509 0 32
17 3779 0 32
18 3779 0 34
19 3779 0 36
20 3779 0 38
21 3779 0 40
22 3779 0 42
23 3779 0 44
24 3779 0 46
25 3779 0 48
26 3779 0 50
27 3779 0 52
28 3778 0 52
29 3778 0 54
30 3778 0 56
31 3778 0 58
32 3777 0 58
33 3777 0 60
34 3777 0 62
35 3777 0 64
36 3774 0 60
37 3774 0 62
38 3773 0 63
39 3772 0 63
40 3772 0 65
41 3769 0 63
42 3769 0 65
43 3769 0 67
44 3768 0 67
45 3768 0 69
46 3767 0 69
47 3767 0 71
48 3762 0 70
49 3761 0 70
50 3761 0 72
51 3760 0 72
52 3760 0 74
53 3760 0 76
54 3756 0 75
55 3756 0 77
56 3755 0 77
57 3754 0 77
58 3754 0 79
59 3754 0 81
60 3754 0 83
61 3754 0 85
62 3754 0 87
63 3753 0 87
64 3752 0 87
65 3750 0 85
66 3750 0 87
67 3748 0 87
68 3748 0 89
69 3746 0 87
70 3745 0 86
71 3744 0 86
72 3743 0 86
73 3743 0 88
74 3743 0 90
75 3743 0 90
76 3743 0 92
77 3742 0 92
78 3741 0 92
79 3741 0 94
80 3741 0 96
81 3737 0 92
82 3737 0 94
83 3735 0 95
84 3734 0 95
85 3734 0 97
86 3734 0 99
87 3733 0 100
88 3732 0 100
89 3724 0 96
90 3722 0 94
91 3722 0 96
92 3720 0 94
93 3720 0 96
94 3718 0 94
95 3714 0 92
96 3711 0 90
97 3711 0 92
98 3711 0 94
99 3711 0 96
100 3711 0 98
101 3711 0 100
102 3710 0 100
103 3710 0 102
104 3709 0 102
105 3709 0 104
106 3708 0 104
107 3703 0 98
108 3701 0 96
109 3701 0 98
110 3682 0 83
111 3681 0 84
112 3679 0 82
113 3677 0 80
114 3676 0 79
115 3675 0 79
116 3674 0 79
117 3674 0 81
118 3672 0 79
119 3672 0 81
120 3672 0 83
121 3671 0 83
122 3671 0 85
123 3671 0 87
124 3671 0 89
125 3671 0 91
126 3671 0 93
127 3670 0 93
128 3670 0 95
129 3670 0 97
130 3669 0 97
131 3669 0 99
132 3666 0 98
133 3666 0 100
134 3666 0 102
135 3664 0 100
136 3662 0 98
137 3661 0 98
138 3656 0 97
139 3654 0 95
140 3653 0 95
141 3652 0 95
142 3651 0 96
143 3647 0 96
144 3646 0 97
145 3644 0 95
146 3641 0 94
147 3640 0 94
148 3640 0 96
149 3640 0 98
150 3638 0 98
151 3638 0 99
152 3634 0 99
153 3634 0 101
154 3633 0 101
155 3633 0 103
156 3632 0 103
157 3631 0 103
158 3629 0 103
159 3629 0 105
160 3627 0 104
161 3626 0 104
162 3625 0 104
163 3624 0 104
164 3565 0 82
165 3565 0 82
166 3560 0 80
167 3560 0 82
168 3559 0 82
169 3558 0 82
170 3558 0 84
171 3558 0 86
172 3554 0 84
173 3554 0 86
174 3554 0 88
175 3538 0 78
176 3537 0 78
177 3536 0 78
178 3536 0 80
179 3536 0 82
180 3536 0 84
181 3536 0 86
182 3533 0 82
183 3533 0 84
184 3529 0 80
185 3528 0 80
186 3527 0 80
187 3526 0 80
188 3525 0 80
189 3522 0 77
190 3521 0 77
191 3521 0 79
192 3521 0 81
193 3520 0 81
194 3520 0 83
195 3520 0 85
196 3517 0 82
197 3514 0 80
198 3513 0 80
199 3513 0 82
200 3512 0 82
201 3512 0 84
202 3512 0 86
203 3510 0 84
204 3510 0 86
205 0 3509 0 87
205 3779 0 87
206 3779 0 89
207 3778 0 89
208 3776 0 87
209 3776 0 89
210 3776 0 91
211 3776 0 91
212 3775 0 91
213 3775 0 93
214 3773 0 93
215 3773 0 95
216 3772 0 95
217 3771 0 95
218 3771 0 97
219 3770 0 97
220 3770 0 99
221 3770 0 101
222 3768 0 99
223 3767 0 98
224 3764 0 96
225 3762 0 93
226 3762 0 95
227 3762 0 96
228 3749 0 91
229 3748 0 91
230 3748 0 93
231 3748 0 95
232 3745 0 93
233 3745 0 95
234 3743 0 95
235 3743 0 97
236 3741 0 96
237 3741 0 98
238 3741 0 99
239 3741 0 100
240 3739 0 98
241 3739 0 100
242 3738 0 100
243 3737 0 100
244 3736 0 98
245 3734 0 96
246 3734 0 96
247 3734 0 98
248 3733 0 98
249 3732 0 98
250 3732 0 100
251 3732 0 102
252 3718 0 93
253 3718 0 95
254 3717 0 95
255 3716 0 95
256 3715 0 95
257 3714 0 95
258 3713 0 95
259 3710 0 91
260 3710 0 93
261 3709 0 93
262 3696 0 85
263 3695 0 85
264 3695 0 87
265 3694 0 87
266 3693 0 87
267 3690 0 87
268 3690 0 89
269 3690 0 91
270 3690 0 93
271 3689 0 92
272 3688 0 92
273 3686 0 90
274 3685 0 90
275 3685 0 92
276 3683 0 91
277 3681 0 89
278 3681 0 91
279 3681 0 93
280 3678 0 89
281 3677 0 89
282 3675 0 87
283 3673 0 87
284 3673 0 89
285 3673 0 91
286 3672 0 91
287 3671 0 91
288 3670 0 91
289 3670 0 93
290 3664 0 88
291 3661 0 87
292 3661 0 89
293 3661 0 89
294 3660 0 89
295 3658 0 89
296 3657 0 89
297 3657 0 91
298 3655 0 88
299 3655 0 90
300 3655 0 92
301 3654 0 92
302 3653 0 91
303 3653 0 93
304 3653 0 95
305 3647 0 93
306 3646 0 93
307 3645 0 93
308 3643 0 91
309 3642 0 91
310 3642 0 93
311 3640 0 91
312 3639 0 91
313 3638 0 91
314 3638 0 93
315 3638 0 95
316 3635 0 95
317 3634 0 94
318 3631 0 90
319 3630 0 89
320 3625 0 88
321 3625 0 90
322 3616 0 86
323 3615 0 85
324 3615 0 87
325 3615 0 89
326 3615 0 91
327 3612 0 87
328 3610 0 85
329 3608 0 83
330 3607 0 83
331 3606 0 83
332 3606 0 85
333 3606 0 87
334 3605 0 87
335 3604 0 87
336 3603 0 88
337 3598 0 84
338 3598 0 86
339 3596 0 86
340 3595 0 86
341 3594 0 86
342 3594 0 88
343 3593 0 88
344 3593 0 90
345 3592 0 90
346 3591 0 90
347 3590 0 90
348 3590 0 92
349 3590 0 94
350 3588 0 92
351 3585 0 88
352 3582 0 86
353 3581 0 86
354 3580 0 86
355 3577 0 85
356 3576 0 85
357 3576 0 87
358 3575 0 87
359 3575 0 89
360 3575 0 91
361 3574 0 91
362 3572 0 87
363 3571 0 87
364 3570 0 87
365 3569 0 87
366 3569 0 89
367 3568 0 90
368 3568 0 92
369 3567 0 92
370 3566 0 92
371 3566 0 94
372 3566 0 96
373 3564 0 94
374 3563 0 94
375 3563 0 96
376 3562 0 96
377 3560 0 94
378 3558 0 92
379 3556 0 91
380 3554 0 89
381 3554 0 91
382 3553 0 91
383 3553 0 93
384 3553 0 95
385 3551 0 93
386 3548 0 89
387 3548 0 91
388 3546 0 90
389 3545 0 90
390 3543 0 88
391 3542 0 88
392 3541 0 88
393 3539 0 86
394 3537 0 86
395 3537 0 88
396 3536 0 88
397 3536 0 90
398 3534 0 88
399 3533 0 88
400 3532 0 88
401 3530 0 88
402 3530 0 90
403 3530 0 92
404 3530 0 94
405 3530 0 96
406 3530 0 98
407 3530 0 100
408 3528 0 98
409 3528 0 100
410 3526 0 100
411 3526 0 102
412 3526 0 104
413 3526 0 106
414 3523 0 104
415 3523 0 106
416 3522 0 106
417 3522 0 108
418 3521 0 108
419 3521 0 110
420 3521 0 112
421 3519 0 110
422 3518 0 110
423 3517 0 110
424 3517 0 112
425 3517 0 114
426 3516 0 114
427 3515 0 114
428 3512 0 110
429 0 3503 0 107
429 3773 0 107
430 3772 0 106
431 3772 0 108
432 3768 0 107
433 3768 0 109
434 3767 0 109
435 3766 0 109
436 3764 0 107
437 3763 0 107
438 3755 0 100
439 3754 0 100
440 3753 0 100
441 3752 0 100
442 3751 0 100
443 3751 0 102
444 3751 0 104
445 3751 0 106
446 3750 0 106
447 3748 0 104
448 3744 0 104
449 3744 0 105
450 3744 0 107
451 3744 0 109
452 3744 0 111
453 3743 0 111
454 3743 0 113
455 3741 0 111
456 3740 0 111
457 3740 0 113
458 3737 0 113
459 3735 0 109
460 3735 0 111
461 3734 0 111
462 3734 0 113
463 3734 0 115
464 3732 0 113
465 3731 0 113
466 3731 0 115
467 3727 0 109
468 3721 0 106
469 3720 0 106
470 3715 0 99
471 3713 0 97
472 3713 0 99
473 3709 0 93
474 3707 0 91
475 3706 0 91
476 3706 0 93
477 3706 0 95
478 3705 0 95
479 3705 0 97
480 3705 0 97
481 3705 0 99
482 3695 0 94
483 3694 0 94
484 3692 0 92
485 3692 0 94
486 3692 0 96
487 3691 0 97
488 3691 0 99
489 3691 0 101
490 3688 0 99
491 3687 0 99
492 3686 0 99
493 3685 0 99
494 3682 0 98
495 3682 0 100
496 3681 0 100
497 3679 0 98
498 3679 0 100
499 3679 0 102
500 3678 0 102
501 3677 0 102
502 3676 0 102
503 3670 0 99
504 3669 0 100
505 3668 0 100
506 3663 0 96
507 3660 0 94
508 3659 0 94
509 3659 0 96
510 3658 0 96
511 3654 0 93
512 3653 0 93
513 3650 0 89
514 3649 0 89
515 3649 0 91
516 3649 0 91
517 3648 0 91
518 3648 0 93
519 3646 0 92
520 3643 0 90
521 3642 0 90
522 3642 0 92
523 3641 0 92
524 3640 0 92
525 3638 0 90
526 3637 0 89
527 3637 0 91
528 3637 0 93
529 3637 0 95
530 3637 0 97
531 3635 0 95
532 3635 0 97
533 3633 0 95
534 3633 0 97
535 3631 0 95
536 3630 0 95
537 3630 0 97
538 3629 0 97
539 3627 0 98
540 3627 0 100
541 3627 0 102
542 3627 0 104
543 3626 0 104
544 3624 0 102
545 3623 0 102
546 3620 0 102
547 3618 0 101
548 3617 0 101
549 3616 0 101
550 3616 0 103
551 3615 0 103
552 3615 0 105
553 3614 0 104
554 3613 0 102
555 3602 0 96
556 3601 0 96
557 3599 0 94
558 3598 0 94
559 3598 0 96
560 3596 0 96
561 3596 0 96
562 3593 0 96
563 3592 0 95
564 3592 0 97
565 3590 0 95
566 3590 0 95
567 3589 0 95
568 3587 0 93
569 3587 0 95
570 3583 0 94
571 3581 0 92
572 3579 0 88
573 3579 0 90
574 3573 0 88
575 3572 0 88
576 3570 0 88
577 3570 0 90
578 3569 0 90
579 3567 0 87
580 3567 0 89
581 3566 0 89
582 3565 0 89
583 3564 0 89
584 3561 0 86
585 3561 0 88
586 3561 0 88
587 3559 0 88
588 3557 0 86
589 3555 0 86
590 3555 0 88
591 3554 0 88
592 3552 0 88
593 3551 0 88
594 3549 0 86
595 3548 0 86
596 3547 0 86
597 3547 0 86
598 3546 0 84
599 3545 0 84
600 3545 0 86
601 3543 0 86
602 3542 0 86
603 3542 0 88
604 3542 0 90
605 3535 0 83
606 3533 0 81
607 3533 0 83
608 3533 0 85
609 3533 0 87
610 3531 0 85
611 3531 0 87
612 3529 0 85
613 3529 0 87
614 3528 0 86
615 3527 0 86
616 3527 0 88
617 3527 0 90
618 3525 0 88
619 3524 0 89
620 3524 0 90
621 3523 0 90
622 3520 0 86
623 3518 0 86
624 3517 0 86
625 3516 0 85
626 3516 0 85
627 3516 0 87
628 3514 0 85
629 3512 0 83
630 3511 0 83
631 3511 0 85
632 3510 0 85
633 3510 0 87
634 0 3509 0 87
634 3779 0 87
635 3777 0 85
636 3777 0 87
637 3775 0 85
638 3775 0 87
639 3772 0 87
640 3772 0 89
641 3772 0 91
642 3772 0 93
643 3768 0 91
644 3765 0 90
645 3765 0 92
646 3764 0 92
647 3764 0 94
648 3764 0 96
649 3763 0 96
650 3761 0 94
651 3761 0 96
652 3759 0 94
653 3759 0 96
654 3754 0 94
655 3754 0 96
656 3753 0 96
657 3751 0 97
658 3750 0 97
659 3747 0 94
660 3746 0 94
661 3745 0 94
662 3745 0 95
663 3744 0 95
664 3742 0 95
665 3741 0 95
666 3741 0 97
667 3737 0 95
668 3736 0 95
669 3736 0 97
670 3733 0 95
671 3733 0 97
672 3731 0 96
673 3730 0 96
674 3729 0 96
675 3726 0 95
676 3726 0 97
677 3726 0 98
678 3726 0 100
679 3721 0 100
680 3721 0 102
681 3718 0 98
682 3718 0 100
683 3718 0 102
684 3717 0 102
685 3716 0 102
686 3716 0 104
687 3715 0 104
688 3715 0 106
689 3710 0 102
690 3709 0 102
691 3709 0 104
692 3709 0 106
693 3708 0 106
694 3708 0 108
695 3708 0 110
696 3707 0 109
697 3707 0 111
698 3705 0 111
699 3705 0 113
700 3704 0 113
701 3700 0 111
702 3698 0 109
703 3697 0 109
704 3697 0 109
705 3697 0 111
706 3693 0 105
707 3689 0 101
708 3689 0 103
709 3689 0 105
710 3689 0 107
711 3685 0 102
712 3683 0 100
713 3682 0 101
714 3679 0 100
715 3676 0 98
716 3675 0 97
717 3675 0 97
718 3675 0 99
719 3675 0 101
720 3675 0 103
721 3675 0 105
722 3674 0 105
723 3673 0 105
724 3671 0 105
725 3670 0 105
726 3670 0 107
727 3670 0 109
728 3666 0 104
729 3664 0 102
730 3661 0 101
731 3658 0 99
732 3657 0 99
733 3657 0 101
734 3656 0 101
735 3654 0 99
736 3653 0 99
737 3651 0 98
738 3649 0 96
739 3646 0 94
740 3640 0 92
741 3637 0 90
742 3637 0 92
743 3637 0 94
744 3637 0 96
745 3637 0 98
746 3634 0 98
747 3630 0 94
748 3629 0 94
749 3629 0 96
750 3624 0 94
751 3624 0 96
752 3624 0 98
753 3624 0 100
754 3622 0 98
755 3622 0 100
756 3622 0 102
757 3621 0 102
758 3620 0 102
759 3618 0 100
760 3617 0 100
761 3616 0 100
762 3616 0 102
763 3616 0 104
764 3615 0 104
765 3615 0 106
766 3614 0 106
767 3608 0 102
768 3606 0 100
769 3605 0 99
770 3603 0 99
771 3603 0 101
772 3600 0 98
773 3600 0 100
774 3599 0 100
775 3598 0 100
776 3598 0 102
777 3597 0 102
778 3595 0 100
779 3594 0 100
780 3594 0 102
781 3593 0 101
782 3592 0 101
783 3590 0 98
784 3590 0 100
785 3590 0 101
786 3589 0 101
787 3589 0 103
788 3589 0 105
789 3589 0 107
790 3585 0 106
791 3584 0 106
792 3584 0 108
793 3583 0 108
794 3583 0 110
795 3583 0 112
796 3582 0 112
797 3582 0 114
798 3582 0 116
799 3582 0 118
800 3580 0 116
801 3580 0 118
802 3578 0 114
803 3575 0 110
804 3574 0 110
805 3566 0 104
806 3565 0 104
807 3565 0 106
808 3565 0 108
809 3561 0 102
810 3560 0 102
811 3560 0 102
812 3560 0 104
813 3559 0 104
814 3556 0 100
815 3555 0 100
816 3555 0 102
817 3553 0 100
818 3553 0 102
819 3552 0 102
820 3549 0 99
821 3549 0 101
822 3547 0 99
823 3545 0 99
824 3545 0 101
825 3542 0 102
826 3537 0 98
827 3537 0 100
828 3536 0 100
829 3535 0 100
830 3534 0 101
831 3533 0 102
832 3532 0 103
833 3532 0 105
834 3530 0 103
835 3529 0 103
836 3528 0 103
837 3528 0 105
838 3524 0 105
839 3523 0 104
840 3522 0 104
841 3520 0 102
842 3520 0 104
843 3520 0 106
844 3520 0 108
845 3520 0 110
846 3516 0 108
847 3514 0 106
848 3514 0 108
849 3512 0 108
850 3512 0 110
851 3510 0 109
852 3510 0 111
853 3510 0 113
854 3510 0 113
855 0 3509 0 113
855 3779 0 113
856 3777 0 112
857 3775 0 109
858 3773 0 107
859 3773 0 109
860 3772 0 109
861 3772 0 111
862 3764 0 107
863 3763 0 107
864 3761 0 105
865 3759 0 103
866 3759 0 105
867 3759 0 107
868 3758 0 107
869 3747 0 101
870 3744 0 97
871 3742 0 97
872 3742 0 99
873 3741 0 100
874 3741 0 102
875 3740 0 102
876 3739 0 102
877 3738 0 102
878 3737 0 103
879 3737 0 105
880 3736 0 105
881 3736 0 107
882 3736 0 109
883 3736 0 111
884 3733 0 107
885 3732 0 107
886 3731 0 107
887 3729 0 105
888 3728 0 105
889 3728 0 107
890 3727 0 107
891 3725 0 105
892 3724 0 106
893 3721 0 102
894 3721 0 104
895 3721 0 106
896 3720 0 106
897 3720 0 108
898 3717 0 106
899 3714 0 104
900 3713 0 104
901 3709 0 100
902 3708 0 100
903 3708 0 102
904 3707 0 103
905 3705 0 101
906 3703 0 101
907 3702 0 101
908 3701 0 102
909 3699 0 102
910 3698 0 102
911 3698 0 104
912 3697 0 104
913 3694 0 102
914 3692 0 100
915 3692 0 102
916 3691 0 102
917 3690 0 102
918 3690 0 104
919 3690 0 106
920 3690 0 108
921 3690 0 110
922 3689 0 110
923 3689 0 112
924 3688 0 112
925 3687 0 112
926 3685 0 112
927 3684 0 112
928 3683 0 112
929 3682 0 112
930 3679 0 110
931 3679 0 112
932 3679 0 114
933 3679 0 114
934 3676 0 112
935 3675 0 112
936 3672 0 112
937 3669 0 108
938 3668 0 108
939 3667 0 108
940 3667 0 110
941 3667 0 112
942 3666 0 112
943 3665 0 112
944 3661 0 110
945 3661 0 112
946 3659 0 110
947 3658 0 110
948 3654 0 108
949 3653 0 108
950 3648 0 108
951 3647 0 108
952 3645 0 108
953 3645 0 110
954 3638 0 108
955 3637 0 107
956 3636 0 107
957 3633 0 103
958 3632 0 103
959 3630 0 98
960 3628 0 95
961 3628 0 95
962 3627 0 95
963 3625 0 95
964 3624 0 95
965 3623 0 95
966 3623 0 97
967 3623 0 99
968 3620 0 96
969 3620 0 98
970 3618 0 96
971 3611 0 93
972 3611 0 95
973 3611 0 97
974 3611 0 99
975 3611 0 101
976 3610 0 101
977 3608 0 101
978 3606 0 99
979 3605 0 99
980 3604 0 99
981 3603 0 98
982 3602 0 97
983 3601 0 97
984 3601 0 99
985 3601 0 101
986 3601 0 103
987 3600 0 103
988 3600 0 105
989 3599 0 105
990 3596 0 100
991 3595 0 100
992 3594 0 100
993 3592 0 98
994 3589 0 98
995 3589 0 100
996 3587 0 98
997 3586 0 97
998 3584 0 97
999 3583 0 97
1000 3570 0 90
1001 3568 0 88
1002 3564 0 87
1003 3564 0 89
1004 3564 0 91
1005 3563 0 91
1006 3563 0 93
1007 3560 0 89
1008 3560 0 91
1009 3560 0 93
1010 3560 0 95
1011 3559 0 95
1012 3559 0 97
1013 3559 0 99
1014 3558 0 99
1015 3555 0 95
1016 3552 0 91
1017 3549 0 91
1018 3549 0 93
1019 3547 0 91
1020 3543 0 87
1021 3543 0 89
1022 3541 0 89
1023 3538 0 88
1024 3538 0 90
1025 3538 0 92
1026 3538 0 94
1027 3536 0 93
1028 3535 0 93
1029 3534 0 93
1030 3533 0 92
1031 3532 0 92
1032 3532 0 94
1033 3531 0 94
1034 3529 0 92
1035 3529 0 94
1036 3527 0 92
1037 3526 0 92
1038 3526 0 94
1039 3520 0 91
1040 3520 0 91
1041 3515 0 85
1042 3513 0 83
1043 3512 0 84
1044 3511 0 84
1045 3510 0 84
1046 0 3509 0 84
1046 3779 0 84
1047 3779 0 86
1048 3777 0 84
1049 3776 0 84
1050 3773 0 80
1051 3770 0 78
1052 3769 0 78
1053 3768 0 78
1054 3768 0 80
1055 3766 0 78
1056 3765 0 78
1057 3765 0 80
1058 3763 0 80
1059 3763 0 82
1060 3763 0 84
1061 3762 0 83
1062 3759 0 81
1063 3759 0 82
1064 3759 0 84
1065 3758 0 84
1066 3758 0 86
1067 3756 0 84
1068 3756 0 86
1069 3754 0 83
1070 3753 0 83
1071 3753 0 85
1072 3752 0 85
1073 3751 0 85
1074 3750 0 85
1075 3746 0 79
1076 3745 0 79
1077 3740 0 75
1078 3739 0 75
1079 3738 0 76
1080 3737 0 76
1081 3737 0 76
1082 3736 0 76
1083 3735 0 76
1084 3735 0 78
1085 3732 0 79
1086 3732 0 81
1087 3731 0 81
1088 3731 0 83
1089 3731 0 85
1090 3729 0 82
1091 3728 0 81
1092 3728 0 83
1093 3727 0 83
1094 3727 0 85
1095 3726 0 85
1096 3725 0 85
1097 3724 0 85
1098 3723 0 85
1099 3721 0 83
1100 3720 0 82
1101 3719 0 82
1102 3719 0 84
1103 3719 0 86
1104 3714 0 83
1105 3714 0 84
1106 3714 0 86
1107 3713 0 87
1108 3713 0 88
1109 3713 0 90
1110 3711 0 88
1111 3710 0 88
1112 3710 0 90
1113 3709 0 90
1114 3708 0 90
1115 3707 0 90
1116 3705 0 88
1117 3702 0 84
1118 3702 0 86
1119 3701 0 86
1120 3700 0 86
1121 3698 0 84
1122 3697 0 84
1123 3697 0 86
1124 3696 0 86
1125 3696 0 88
1126 3695 0 88
1127 3695 0 90
1128 3692 0 88
1129 3692 0 90
1130 3692 0 92
1131 3686 0 89
1132 3685 0 89
1133 3683 0 87
1134 3682 0 87
1135 3678 0 84
1136 3674 0 81
1137 3673 0 81
1138 3673 0 83
1139 3673 0 85
1140 3672 0 85
1141 3671 0 86
1142 3671 0 86
1143 3671 0 88
1144 3669 0 86
1145 3669 0 88
1146 3667 0 86
1147 3666 0 86
1148 3665 0 86
1149 3664 0 86
1150 3664 0 88
1151 3661 0 85
1152 3660 0 85
1153 3660 0 87
1154 3656 0 83
1155 3656 0 85
1156 3655 0 85
1157 3650 0 81
1158 3649 0 81
1159 3649 0 83
1160 3649 0 85
1161 3648 0 85
1162 3648 0 87
1163 3646 0 85
1164 3644 0 83
1165 3642 0 81
1166 3642 0 83
1167 3640 0 81
1168 3636 0 76
1169 3635 0 76
1170 3635 0 78
1171 3633 0 76
1172 3633 0 78
1173 3632 0 78
1174 3631 0 78
1175 3631 0 80
1176 3627 0 77
1177 3625 0 74
1178 3624 0 74
1179 3624 0 76
1180 3624 0 78
1181 3624 0 80
1182 3622 0 79
1183 3621 0 79
1184 3621 0 81
1185 3620 0 81
1186 3620 0 83
1187 3618 0 81
1188 3617 0 80
1189 3616 0 80
1190 3613 0 78
1191 3611 0 76
1192 3610 0 76
1193 3608 0 75
1194 3606 0 75
1195 3603 0 73
1196 3603 0 75
1197 3603 0 77
1198 3603 0 79
1199 3602 0 79
1200 3601 0 79
1201 3601 0 81
1202 3600 0 81
1203 3600 0 83
1204 3600 0 85
1205 3598 0 83
1206 3596 0 80
1207 3594 0 80
1208 3593 0 81
1209 3593 0 83
1210 3593 0 85
1211 3592 0 85
1212 3592 0 87
1213 3590 0 87
1214 3589 0 87
1215 3589 0 89
1216 3588 0 89
1217 3586 0 87
1218 3584 0 85
1219 3582 0 85
1220 3582 0 87
1221 3582 0 89
1222 3581 0 89
1223 3580 0 89
1224 3579 0 89
1225 3577 0 89
1226 3576 0 89
1227 3576 0 91
1228 3576 0 93
1229 3576 0 95
1230 3576 0 97
1231 3576 0 99
1232 3576 0 101
1233 3576 0 103
1234 3575 0 103
1235 3575 0 105
1236 3572 0 103
1237 3570 0 101
1238 3570 0 103
1239 3568 0 101
1240 3566 0 99
1241 3564 0 97
1242 3563 0 97
1243 3563 0 99
1244 3563 0 101
1245 3562 0 101
1246 3562 0 103
1247 3561 0 103
1248 3561 0 105
1249 3561 0 107
1250 3560 0 107
1251 3556 0 107
1252 3554 0 104
1253 3554 0 105
1254 3553 0 105
1255 3553 0 107
1256 3553 0 109
1257 3552 0 109
1258 3552 0 111
1259 3551 0 111
1260 3551 0 113
1261 3547 0 109
1262 3546 0 109
1263 3545 0 109
1264 3543 0 107
1265 3540 0 107
1266 3538 0 103
1267 3537 0 103
1268 3536 0 101
1269 3535 0 101
1270 3533 0 99
1271 3533 0 99
1272 3532 0 99
1273 3531 0 100
1274 3531 0 102
1275 3531 0 104
1276 3529 0 102
1277 3529 0 104
1278 3521 0 99
1279 3520 0 99
1280 3519 0 99
1281 3519 0 101
1282 3518 0 99
1283 3518 0 101
1284 3518 0 103
1285 3518 0 105
1286 3517 0 105
1287 3511 0 99
1288 3511 0 101
1289 0 3509 0 98
1289 3779 0 98
1290 3778 0 98
1291 3777 0 98
1292 3775 0 96
1293 3773 0 94
1294 3773 0 96
1295 3773 0 96
1296 3772 0 96
1297 3772 0 98
1298 3769 0 96
1299 3767 0 94
1300 3766 0 92
1301 3765 0 92
1302 3765 0 94
1303 3763 0 92
1304 3762 0 93
1305 3762 0 95
1306 3761 0 95
1307 3760 0 95
1308 3760 0 97
1309 3758 0 97
1310 3758 0 99
1311 3758 0 101
1312 3758 0 103
1313 3758 0 105
1314 3758 0 107
1315 3757 0 107
1316 3756 0 107
1317 3756 0 109
1318 3750 0 107
1319 3749 0 107
1320 3749 0 109
1321 3748 0 107
1322 3748 0 109
1323 3747 0 109
1324 3744 0 106
1325 3743 0 106
1326 3741 0 104
1327 3723 0 98
1328 3723 0 100
1329 3721 0 98
1330 3721 0 99
1331 3720 0 99
1332 3720 0 101
1333 3720 0 103
1334 3719 0 103
1335 3717 0 101
1336 3714 0 99
1337 3714 0 101
1338 3714 0 103
1339 3713 0 103
1340 3711 0 101
1341 3710 0 101
1342 3710 0 103
1343 3709 0 103
1344 3708 0 103
1345 3707 0 103
1346 3707 0 105
1347 3705 0 103
1348 3705 0 105
1349 3703 0 103
1350 3703 0 105
1351 3701 0 105
1352 3700 0 105
1353 3691 0 102
1354 3691 0 104
1355 3691 0 106
1356 3690 0 106
1357 3688 0 104
1358 3688 0 106
1359 3688 0 108
1360 3687 0 108
1361 3685 0 106
1362 3684 0 106
1363 3684 0 108
1364 3681 0 106
1365 3681 0 108
1366 3678 0 104
1367 3678 0 106
1368 3678 0 108
1369 3677 0 108
1370 3676 0 108
1371 3674 0 106
1372 3674 0 107
1373 3674 0 109
1374 3673 0 109
1375 3673 0 111
1376 3672 0 111
1377 3671 0 111
1378 3670 0 111
1379 3668 0 110
1380 3668 0 112
1381 3668 0 112
1382 3667 0 112
1383 3666 0 112
1384 3664 0 110
1385 3662 0 110
1386 3662 0 112
1387 3661 0 112
1388 3655 0 109
1389 3654 0 109
1390 3654 0 111
1391 3654 0 111
1392 3652 0 109
1393 3643 0 101
1394 3643 0 102
1395 3641 0 99
1396 3638 0 98
1397 3638 0 100
1398 3635 0 100
1399 3633 0 99
1400 3633 0 99
1401 3633 0 101
1402 3632 0 101
1403 3631 0 99
1404 3628 0 97
1405 3628 0 99
1406 3625 0 99
1407 3625 0 101
1408 3624 0 101
1409 3623 0 101
1410 3621 0 99
1411 3618 0 96
1412 3618 0 98
1413 3618 0 99
1414 3616 0 97
1415 3615 0 97
1416 3612 0 95
1417 3612 0 97
1418 3610 0 95
1419 3610 0 97
1420 3607 0 95
1421 3607 0 97
1422 3607 0 99
1423 3607 0 101
1424 3606 0 101
1425 3606 0 103
1426 3605 0 103
1427 3603 0 103
1428 3601 0 103
1429 3601 0 105
1430 3600 0 104
1431 3599 0 104
1432 3598 0 104
1433 3596 0 102
1434 3595 0 101
1435 3595 0 103
1436 3595 0 105
1437 3593 0 103
1438 3588 0 100
1439 3586 0 98
1440 3584 0 96
1441 3583 0 96
1442 3580 0 94
1443 3578 0 94
1444 3573 0 92
1445 3571 0 91
1446 3571 0 93
1447 3567 0 93
1448 3567 0 95
1449 3566 0 95
1450 3564 0 95
1451 3562 0 93
1452 3562 0 95
1453 3562 0 97
1454 3558 0 95
1455 3558 0 97
1456 3556 0 96
1457 3555 0 96
1458 3554 0 96
1459 3554 0 97
1460 3550 0 98
1461 3550 0 100
1462 3548 0 99
1463 3546 0 97
1464 3545 0 94
1465 3543 0 92
1466 3543 0 94
1467 3543 0 96
1468 3541 0 94
1469 3540 0 94
1470 3537 0 91
1471 3537 0 93
1472 3535 0 91
1473 3534 0 91
1474 3534 0 93
1475 3532 0 91
1476 3531 0 91
1477 3530 0 91
1478 3528 0 89
1479 3527 0 89
1480 3527 0 91
1481 3525 0 92
1482 3525 0 94
1483 3521 0 94
1484 3520 0 94
1485 3518 0 92
1486 3517 0 92
1487 3517 0 94
1488 3517 0 96
1489 3515 0 94
1490 3514 0 95
1491 3512 0 95
1492 3512 0 95
1493 3510 0 93
1494 0 3509 0 93
1494 3779 0 93
1495 3778 0 93
1496 3778 0 95
1497 3778 0 97
1498 3778 0 99
1499 3777 0 99
1500 3777 0 101
1501 3776 0 101
1502 3776 0 103
1503 3774 0 102
1504 3772 0 102
1505 3771 0 102
1506 3770 0 102
1507 3770 0 103
1508 3769 0 103
1509 3769 0 105
1510 3768 0 105
1511 3767 0 105
1512 3767 0 107
1513 3766 0 107
1514 3765 0 107
1515 3764 0 108
1516 3762 0 106
1517 3757 0 102
1518 3757 0 104
1519 3757 0 106
1520 3755 0 104
1521 3755 0 106
1522 3754 0 106
1523 3751 0 104
1524 3748 0 104
1525 3745 0 101
1526 3743 0 101
1527 3740 0 97
1528 3738 0 95
1529 3738 0 95
1530 3738 0 97
1531 3737 0 97
1532 3736 0 97
1533 3735 0 97
1534 3734 0 97
1535 3733 0 97
1536 3732 0 97
1537 3730 0 94
1538 3728 0 92
1539 3728 0 94
1540 3726 0 92
1541 3725 0 92
1542 3724 0 92
1543 3724 0 94
1544 3723 0 94
1545 3721 0 92
1546 3719 0 90
1547 3719 0 92
1548 3719 0 94
1549 3717 0 91
1550 3715 0 89
1551 3714 0 89
1552 3714 0 91
1553 3713 0 91
1554 3712 0 91
1555 3709 0 87
1556 3704 0 81
1557 3703 0 81
1558 3702 0 81
1559 3702 0 83
1560 3693 0 80
1561 3692 0 80
1562 3691 0 80
1563 3691 0 82
1564 3691 0 84
1565 3689 0 82
1566 3677 0 78
1567 3677 0 80
1568 3675 0 78
1569 3675 0 80
1570 3675 0 82
1571 3675 0 84
1572 3674 0 84
1573 3673 0 84
1574 3673 0 86
1575 3673 0 88
1576 3672 0 88
1577 3671 0 88
1578 3671 0 90
1579 3671 0 92
1580 3671 0 94
1581 3670 0 94
1582 3669 0 94
1583 3666 0 92
1584 3664 0 93
1585 3664 0 95
1586 3663 0 95
1587 3662 0 95
1588 3662 0 97
1589 3660 0 95
1590 3659 0 94
1591 3659 0 96
1592 3658 0 96
1593 3657 0 96
1594 3656 0 96
1595 3655 0 96
1596 3655 0 97
1597 3652 0 95
1598 3652 0 97
1599 3650 0 95
1600 3647 0 93
1601 3647 0 95
1602 3646 0 95
1603 3643 0 94
1604 3643 0 96
1605 3642 0 96
1606 3642 0 98
1607 3639 0 95
1608 3639 0 96
1609 3638 0 96
1610 3637 0 96
1611 3634 0 92
1612 3634 0 94
1613 3632 0 92
1614 3627 0 90
1615 3627 0 92
1616 3622 0 89
1617 3622 0 91
1618 3620 0 90
1619 3620 0 92
1620 3618 0 90
1621 3618 0 92
1622 3617 0 92
1623 3617 0 94
1624 3617 0 96
1625 3615 0 93
1626 3614 0 94
1627 3611 0 94
1628 3611 0 94
1629 3590 0 86
1630 3589 0 86
1631 3588 0 84
1632 3587 0 84
1633 3587 0 85
1634 3587 0 87
1635 3583 0 83
1636 3582 0 83
1637 3582 0 85
1638 3582 0 87
1639 3582 0 89
1640 3582 0 91
1641 3580 0 89
1642 3580 0 91
1643 3580 0 92
1644 3579 0 92
1645 3579 0 94
1646 3578 0 94
1647 3577 0 94
1648 3576 0 94
1649 3574 0 92
1650 3574 0 94
1651 3574 0 95
1652 3573 0 95
1653 3569 0 92
1654 3567 0 90
1655 3567 0 92
1656 3559 0 91
1657 3559 0 92
1658 3559 0 94
1659 3558 0 94
1660 3554 0 90
1661 3553 0 90
1662 3551 0 89
1663 3551 0 91
1664 3550 0 91
1665 3550 0 93
1666 3550 0 95
1667 3550 0 97
1668 3550 0 99
1669 3549 0 97
1670 3549 0 99
1671 3548 0 100
1672 3548 0 102
1673 3542 0 99
1674 3538 0 97
1675 3533 0 95
1676 3532 0 95
1677 3532 0 97
1678 3530 0 95
1679 3528 0 95
1680 3528 0 97
1681 3527 0 97
1682 3527 0 99
1683 3527 0 101
1684 3526 0 101
1685 3526 0 103
1686 3524 0 101
1687 3523 0 101
1688 3522 0 101
1689 3522 0 103
1690 3521 0 103
1691 3521 0 105
1692 3520 0 104
1693 3517 0 103
1694 3513 0 97
1695 3513 0 99
1696 3510 0 95
1697 3510 0 97
1698 0 3509 0 97
1698 3779 0 97
1699 3776 0 96
1700 3757 0 90
1701 3753 0 84
1702 3752 0 84
1703 3751 0 84
1704 3749 0 82
1705 3747 0 80
1706 3745 0 78
1707 3744 0 78
