0 0 0 1 0
0 0 0 1 0
1 1 0 2 0
1 0 0 1 0
1 0 0 1 0
1 0 0 1 0
2 1 0 2 0
2 0 0 1 0
2 0 0 1 0
3 0 0 1 0
3 0 0 1 0
4 0 0 1 0
4 0 0 1 0
4 0 0 1 0
5 1 0 2 0
5 1 0 2 0
5 0 0 1 0
5 0 0 1 0
6 0 0 1 0
6 0 0 1 0
6 0 0 1 0
7 0 0 1 0
7 0 0 1 0
8 0 0 1 0
8 0 0 1 0
8 0 0 1 0
9 0 0 1 0
9 0 0 1 0
10 1 0 2 0
10 0 0 1 0
10 0 0 1 0
11 0 0 1 0
11 0 0 1 0
12 1 0 2 0
12 1 0 2 0
12 0 0 1 0
12 0 0 1 0
13 0 0 1 0
13 0 0 1 0
13 0 0 1 0
13 0 0 1 0
13 0 0 1 0
14 1 0 2 0
14 1 0 2 0
14 0 0 1 0
14 0 0 1 0
15 1 0 2 0
15 0 0 1 0
15 0 0 1 0
16 0 0 1 0
16 0 0 1 0
17 0 0 1 0
17 0 0 1 0
18 0 0 1 0
18 0 0 1 0
19 1 0 2 0
19 1 0 2 0
19 0 0 1 0
19 0 0 1 0
20 1 0 2 0
20 1 0 2 0
20 0 0 1 0
20 0 0 1 0
21 1 0 2 0
21 0 0 1 0
21 0 0 1 0
22 1 0 2 0
22 0 0 1 0
22 0 0 1 0
23 0 0 1 0
23 0 0 1 0
24 1 0 2 0
24 1 0 2 0
24 0 0 1 0
24 0 0 1 0
25 1 0 2 0
25 0 0 1 0
25 0 0 1 0
26 0 0 1 0
26 0 0 1 0
27 0 0 1 0
27 0 0 1 0
28 0 0 1 0
28 0 0 1 0
29 0 0 1 0
29 0 0 1 0
30 1 0 2 0
30 0 0 1 0
30 0 0 1 0
31 3 0 2 0
31 0 0 1 0
32 2 0 2 0
32 0 0 1 0
32 0 0 1 0
33 0 0 1 0
33 0 0 1 0
34 1 0 2 0
34 0 0 2 0
34 0 0 1 0
35 1 0 2 0
35 0 0 1 0
35 0 0 1 0
36 0 0 1 0
36 0 0 1 0
37 0 0 1 0
37 0 0 1 0
38 0 0 1 0
38 1 0 2 0
38 1 0 2 0
38 0 0 1 0
38 0 0 1 0
39 5 0 3 0
39 0 0 1 0
39 0 0 1 0
40 0 0 1 0
40 0 0 1 0
41 1 0 2 0
41 1 0 2 0
41 1 0 2 0
41 0 0 1 0
41 0 0 1 0
42 0 0 1 0
42 0 0 1 0
43 0 0 1 0
43 0 0 1 0
44 0 0 1 0
44 0 0 1 0
45 0 0 1 0
46 1 0 3 0
46 0 0 1 0
47 1 0 2 0
47 0 0 1 0
47 0 0 1 0
48 1 0 2 0
48 0 0 1 0
48 0 0 1 0
49 4 0 2 0
49 0 0 1 0
49 0 0 1 0
50 1 0 2 0
50 0 0 1 0
50 0 0 1 0
51 1 0 2 0
51 1 0 2 0
51 0 0 1 0
51 0 0 1 0
52 0 0 1 0
53 0 0 1 0
53 0 0 1 0
54 1 0 2 0
54 0 0 1 0
55 1 0 2 0
55 1 0 2 0
55 0 0 1 0
56 0 0 1 0
56 0 0 1 0
57 1 0 2 0
57 0 0 1 0
58 0 0 1 0
58 1 0 2 0
58 1 0 2 0
58 0 0 1 0
59 1 0 2 0
59 0 0 1 0
59 0 0 1 0
60 0 0 1 0
60 0 0 1 0
61 1 0 2 0
61 3 0 2 0
61 0 0 1 0
61 0 0 1 0
62 0 0 1 0
62 0 0 1 0
63 0 0 1 0
63 0 0 1 0
64 1 0 2 0
64 0 0 1 0
65 2 0 2 0
65 0 0 1 0
66 0 0 1 0
66 0 0 1 0
67 0 0 1 0
67 0 0 1 0
68 1 0 2 0
68 0 0 1 0
68 0 0 1 0
69 0 0 1 0
69 0 0 1 0
70 1 0 2 0
70 1 0 2 0
70 0 0 1 0
70 0 0 2 0
71 1 0 2 0
71 0 0 1 0
71 0 0 1 0
72 0 0 1 0
73 0 0 1 0
74 0 0 1 0
74 0 0 1 0
74 0 0 1 0
75 1 0 2 0
75 0 0 1 0
75 0 0 1 0
76 1 0 1 0
76 0 0 1 0
76 0 0 1 0
77 1 0 3 0
77 0 0 2 0
77 1 0 2 0
77 0 0 1 0
77 0 0 1 0
78 0 0 1 0
78 0 0 1 0
79 1 0 2 0
79 0 0 1 0
79 0 0 1 0
80 1 0 1 0
80 0 0 1 0
80 0 0 1 0
81 1 0 2 0
81 0 0 1 0
82 0 0 1 0
82 0 0 1 0
83 0 0 1 0
83 0 0 1 0
83 1 0 2 0
83 0 0 1 0
83 0 0 1 0
84 0 0 1 0
85 0 0 1 0
85 0 0 1 0
86 0 0 1 0
86 0 0 1 0
87 0 0 1 0
87 0 0 1 0
88 0 0 1 0
88 0 0 1 0
89 1 0 2 0
89 1 0 2 0
89 0 0 1 0
90 1 0 1 0
90 0 0 1 0
90 0 0 1 0
91 1 0 2 0
91 0 0 1 0
92 1 0 3 0
92 0 0 1 0
92 0 0 1 0
93 1 0 2 0
93 2 0 2 0
93 0 0 1 0
93 0 0 1 0
94 0 0 1 0
95 0 0 1 0
95 0 0 1 0
96 0 0 1 0
96 0 0 1 0
96 0 0 1 0
97 1 0 2 0
97 0 0 1 0
98 0 0 1 0
98 0 0 1 0
99 1 0 2 0
99 0 0 1 0
100 1 0 2 0
100 2 0 2 0
100 0 0 2 0
100 0 0 1 0
101 1 0 2 0
101 0 0 1 0
101 0 0 1 0
102 0 0 1 0
102 0 0 1 0
102 0 0 1 0
103 1 0 3 0
103 2 0 2 0
103 1 0 2 0
103 0 0 1 0
103 0 0 1 0
104 0 0 1 0
104 0 0 1 0
105 2 0 2 0
105 1 0 2 0
105 0 0 1 0
105 0 0 1 0
106 0 0 1 0
106 0 0 1 0
107 0 0 1 0
107 0 0 1 0
108 0 0 1 0
108 0 0 1 0
109 0 0 1 0
110 1 0 2 0
110 0 0 1 0
110 0 0 1 0
111 0 0 1 0
111 0 0 1 0
112 1 0 2 0
112 1 0 2 0
112 0 0 1 0
113 0 0 1 0
113 0 0 1 0
114 0 0 1 0
115 0 0 1 0
115 0 0 1 0
116 1 0 2 0
116 0 0 1 0
117 1 0 2 0
117 0 0 1 0
117 0 0 1 0
118 1 0 2 0
118 0 0 1 0
118 0 0 1 0
119 1 0 2 0
119 0 0 1 0
119 0 0 1 0
120 1 0 2 0
120 1 0 2 0
120 1 0 2 0
120 2 0 2 0
120 0 0 1 0
120 0 0 1 0
121 1 0 2 0
121 1 0 2 0
121 0 0 1 0
122 2 0 2 0
122 1 0 1 0
122 0 0 1 0
122 0 0 1 0
123 0 0 1 0
124 1 0 2 0
124 1 0 2 0
124 0 0 1 0
125 1 0 2 0
125 0 0 1 0
126 0 0 1 0
126 0 0 1 0
127 0 0 1 0
127 0 0 1 0
129 0 0 1 0
130 0 0 1 0
130 0 0 1 0
131 1 0 2 0
131 1 0 2 0
131 0 0 1 0
131 0 0 1 0
132 1 0 2 0
132 2 0 2 0
132 0 0 1 0
132 0 0 1 0
133 1 0 2 0
133 0 0 1 0
133 0 0 1 0
134 1 0 2 0
134 1 0 2 0
134 0 0 1 0
135 0 0 1 0
135 0 0 1 0
136 1 0 2 0
136 1 0 2 0
136 0 0 1 0
136 0 0 1 0
137 0 0 1 0
137 0 0 1 0
138 0 0 1 0
138 0 0 1 0
139 0 0 1 0
139 0 0 1 0
140 1 0 2 0
140 0 0 1 0
140 0 0 1 0
141 1 0 2 0
141 0 0 1 0
141 0 0 1 0
142 1 0 2 0
142 0 0 1 0
143 1 0 2 0
143 0 0 1 0
143 0 0 1 0
144 1 0 3 0
144 0 0 1 0
144 0 0 1 0
145 0 0 1 0
145 0 0 1 0
145 0 0 1 0
146 0 0 1 0
146 1 0 2 0
146 0 0 1 0
146 0 0 1 0
147 2 0 2 0
147 0 0 1 0
148 1 0 2 0
148 0 0 1 0
148 0 0 1 0
149 0 0 1 0
149 0 0 1 0
150 2 0 2 0
150 0 0 1 0
150 0 0 1 0
151 0 0 1 0
151 0 0 1 0
152 0 0 1 0
153 0 0 1 0
153 0 0 1 0
153 0 0 1 0
154 1 0 2 0
154 1 0 2 0
154 1 0 2 0
154 0 0 1 0
155 0 0 1 0
156 1 0 2 0
156 0 0 1 0
156 0 0 1 0
157 1 0 2 0
157 1 0 2 0
157 0 0 1 0
157 0 0 1 0
158 1 0 2 0
158 0 0 1 0
159 4 0 2 0
159 0 0 1 0
159 0 0 1 0
160 0 0 1 0
160 0 0 1 0
161 1 0 2 0
161 1 0 2 0
161 0 0 1 0
161 0 0 2 0
162 1 0 2 0
162 1 0 2 0
162 0 0 1 0
163 0 0 2 0
163 0 0 1 0
163 0 0 1 0
164 0 0 1 0
164 0 0 1 0
165 2 0 2 0
165 1 0 2 0
165 0 0 1 0
165 0 0 1 0
166 1 0 2 0
166 0 0 1 0
167 0 0 1 0
167 0 0 1 0
167 0 0 2 0
168 0 0 1 0
168 0 0 1 0
169 0 0 1 0
170 0 0 1 0
170 0 0 1 0
171 1 0 2 0
171 0 0 1 0
172 1 0 2 0
172 4 0 4 0
172 0 0 1 0
172 0 0 1 0
173 0 0 1 0
173 0 0 1 0
174 0 0 1 0
175 1 0 3 0
175 0 0 1 0
176 0 0 1 0
176 0 0 1 0
176 0 0 1 0
177 1 0 1 0
177 1 0 3 0
177 1 0 2 0
177 0 0 1 0
178 1 0 3 0
178 0 0 1 0
178 0 0 1 0
179 1 0 2 0
179 0 0 1 0
179 0 0 1 0
180 0 0 1 0
180 1 0 2 0
180 1 0 2 0
180 1 0 2 0
181 0 0 1 0
182 0 0 1 0
182 0 0 1 0
183 1 0 2 0
183 1 0 2 0
183 0 0 1 0
183 0 0 1 0
184 1 0 2 0
184 0 0 1 0
184 0 0 1 0
185 0 0 1 0
185 0 0 1 0
186 0 0 1 0
186 0 0 1 0
187 0 0 1 0
188 1 0 2 0
188 1 0 2 0
188 0 0 1 0
189 0 0 1 0
189 0 0 1 0
190 0 0 1 0
190 0 0 1 0
191 0 0 1 0
191 0 0 1 0
192 0 0 1 0
193 1 0 2 0
193 1 0 4 0
194 1 0 2 0
194 0 0 1 0
194 0 0 1 0
195 0 0 1 0
195 0 0 1 0
196 1 0 2 0
196 0 0 1 0
196 0 0 1 0
197 1 0 1 0
197 0 0 1 0
197 0 0 1 0
198 4 0 3 0
198 0 0 1 0
198 0 0 1 0
199 1 0 2 0
199 1 0 1 0
199 0 0 1 0
199 0 0 1 0
200 1 0 1 0
200 0 0 1 0
200 0 0 1 0
201 0 0 1 0
201 0 0 1 0
202 0 0 1 0
203 0 0 1 0
204 1 0 2 0
204 0 0 1 0
204 0 0 1 0
205 0 0 1 0
205 0 0 1 0
206 1 0 2 0
206 0 0 1 0
206 0 0 1 0
207 0 0 1 0
207 0 0 1 0
208 1 0 2 0
208 1 0 2 0
208 0 0 1 0
208 0 0 1 0
209 0 0 1 0
209 0 0 1 0
210 0 0 1 0
210 0 0 1 0
211 0 0 1 0
212 1 0 2 0
212 0 0 1 0
212 0 0 1 0
213 0 0 1 0
213 0 0 1 0
214 1 0 3 0
214 1 0 2 0
214 1 0 2 0
214 1 0 2 0
214 0 0 1 0
214 0 0 1 0
215 3 0 3 0
215 0 0 1 0
215 0 0 1 0
216 0 0 1 0
216 0 0 1 0
217 1 0 2 0
217 0 0 1 0
217 0 0 1 0
218 0 0 1 0
218 0 0 1 0
219 1 0 1 0
219 1 0 2 0
219 0 0 1 0
219 0 0 1 0
220 1 0 1 0
220 1 0 1 0
220 0 0 1 0
220 3 0 3 0
221 2 0 2 0
221 0 0 1 0
221 0 0 1 0
222 1 0 2 0
222 0 0 1 0
222 0 0 1 0
223 1 0 2 0
223 0 0 1 0
224 1 0 2 0
224 0 0 1 0
225 1 0 2 0
225 1 0 2 0
225 1 0 2 0
225 0 0 1 0
225 0 0 1 0
226 0 0 1 0
227 1 0 2 0
227 0 0 1 0
227 0 0 1 0
228 0 0 1 0
228 0 0 1 0
229 0 0 1 0
229 0 0 1 0
230 1 0 2 0
230 1 0 2 0
230 0 0 1 0
230 0 0 1 0
231 0 0 1 0
231 0 0 1 0
232 1 0 2 0
232 0 0 1 0
232 0 0 1 0
233 1 0 2 0
233 0 0 1 0
233 0 0 1 0
234 1 0 2 0
234 0 0 1 0
235 0 0 1 0
235 0 0 1 0
236 0 0 1 0
236 0 0 1 0
237 1 0 2 0
237 0 0 1 0
237 0 0 1 0
238 1 0 2 0
238 0 0 1 0
238 0 0 1 0
239 1 0 2 0
239 0 0 1 0
240 1 0 2 0
240 0 0 1 0
241 0 0 1 0
241 0 0 1 0
242 0 0 1 0
242 1 0 2 0
242 0 0 1 0
242 0 0 1 0
243 0 0 1 0
243 0 0 1 0
244 0 0 1 0
244 0 0 1 0
245 0 0 1 0
245 0 0 1 0
246 1 0 2 0
246 1 0 2 0
246 0 0 1 0
246 0 0 1 0
247 1 0 2 0
247 0 0 1 0
248 1 0 2 0
248 0 0 1 0
248 0 0 1 0
249 0 0 1 0
249 0 0 1 0
250 0 0 1 0
250 0 0 1 0
251 2 0 1 0
251 1 0 2 0
251 2 0 2 0
251 1 0 2 0
251 1 0 2 0
251 0 0 1 0
252 0 0 1 0
252 0 0 2 0
253 2 0 2 0
253 0 0 1 0
254 1 0 2 0
254 1 0 2 0
254 0 0 1 0
255 0 0 1 0
256 0 0 1 0
257 1 0 2 0
257 0 0 1 0
257 0 0 1 0
258 3 0 3 0
258 0 0 1 0
258 0 0 1 0
259 0 0 2 0
259 0 0 1 0
260 1 0 2 0
260 0 0 1 0
261 2 0 2 0
261 0 0 1 0
261 0 0 1 0
262 0 0 1 0
263 2 0 4 0
263 0 0 1 0
263 0 0 1 0
264 2 0 2 0
264 0 0 1 0
264 0 0 1 0
265 1 0 2 0
265 1 0 2 0
265 0 0 1 0
265 0 0 1 0
267 1 0 3 0
267 0 0 1 0
267 0 0 1 0
268 1 0 2 0
268 0 0 1 0
268 0 0 2 0
269 2 0 2 0
269 1 0 2 0
269 0 0 1 0
270 0 0 1 0
270 0 0 1 0
271 2 0 2 0
271 0 0 1 0
271 0 0 1 0
272 1 0 2 0
272 0 0 1 0
272 0 0 1 0
273 1 0 2 0
273 0 0 1 0
274 0 0 1 0
274 0 0 1 0
275 1 0 2 0
275 0 0 1 0
276 1 0 2 0
276 1 0 2 0
276 0 0 1 0
276 0 0 1 0
277 1 0 2 0
277 0 0 1 0
277 0 0 1 0
278 0 0 1 0
278 0 0 1 0
279 0 0 1 0
279 0 0 1 0
280 0 0 1 0
280 0 0 1 0
281 1 0 2 0
281 0 0 1 0
281 0 0 1 0
282 0 0 2 0
282 1 0 2 0
282 0 0 1 0
283 1 0 2 0
283 0 0 1 0
283 0 0 1 0
284 1 0 2 0
284 0 0 1 0
284 0 0 1 0
285 0 0 1 0
285 0 0 1 0
285 0 0 1 0
286 0 0 1 0
286 0 0 1 0
287 0 0 1 0
287 0 0 1 0
288 0 0 1 0
289 0 0 1 0
289 0 0 1 0
290 0 0 1 0
291 2 0 4 0
291 0 0 1 0
291 0 0 2 0
292 0 0 1 0
293 0 0 1 0
294 0 0 1 0
295 0 0 1 0
295 1 0 3 0
295 2 0 2 0
295 1 0 2 0
295 0 0 1 0
296 1 0 2 0
296 1 0 2 0
296 1 0 2 0
296 0 0 1 0
297 1 0 2 0
297 0 0 1 0
297 0 0 1 0
298 0 0 1 0
298 0 0 1 0
299 0 0 1 0
299 0 0 1 0
300 1 0 2 0
300 0 0 1 0
300 0 0 1 0
301 0 0 1 0
302 0 0 2 0
302 0 0 1 0
303 1 0 2 0
303 0 0 2 0
303 0 0 1 0
304 1 0 2 0
305 0 0 1 0
305 0 0 2 0
306 1 0 2 0
306 0 0 1 0
306 0 0 1 0
307 1 0 2 0
307 1 0 2 0
307 0 0 1 0
308 1 0 2 0
308 0 0 1 0
308 0 0 1 0
309 1 0 2 0
309 0 0 1 0
310 1 0 2 0
310 0 0 1 0
310 0 0 1 0
311 1 0 2 0
311 0 0 1 0
312 0 0 1 0
312 1 0 2 0
312 0 0 1 0
313 0 0 1 0
313 0 0 1 0
314 1 0 3 0
314 0 0 2 0
314 0 0 1 0
314 0 0 1 0
316 1 0 3 0
316 0 0 1 0
317 0 0 2 0
317 1 0 2 0
317 0 0 1 0
318 0 0 1 0
319 1 0 3 0
319 0 0 1 0
320 0 0 1 0
321 1 0 2 0
321 0 0 1 0
322 0 0 1 0
322 0 0 1 0
323 1 0 2 0
323 1 0 2 0
323 0 0 1 0
323 0 0 1 0
324 0 0 1 0
324 0 0 1 0
325 1 0 2 0
325 0 0 1 0
325 0 0 1 0
325 0 0 1 0
326 1 0 2 0
326 1 0 2 0
326 0 0 1 0
326 0 0 1 0
327 1 0 2 0
327 0 0 1 0
327 0 0 1 0
328 1 0 2 0
328 0 0 1 0
329 0 0 1 0
329 1 0 2 0
329 0 0 1 0
329 0 0 1 0
330 0 0 1 0
330 1 0 2 0
330 0 0 1 0
330 0 0 1 0
331 0 0 1 0
331 1 0 2 0
331 0 0 1 0
332 0 0 1 0
332 0 0 1 0
332 0 0 1 0
332 0 0 1 0
333 1 0 2 0
333 0 0 1 0
334 1 0 2 0
334 0 0 1 0
334 0 0 1 0
335 0 0 1 0
336 0 0 1 0
336 0 0 1 0
337 0 0 2 0
337 1 0 2 0
337 1 0 2 0
337 1 0 2 0
337 0 0 1 0
338 0 0 1 0
338 1 0 2 0
338 0 0 1 0
339 1 0 2 0
339 0 0 1 0
339 0 0 1 0
340 0 0 1 0
340 0 0 1 0
341 1 0 2 0
341 1 0 3 0
341 1 0 2 0
341 0 0 1 0
342 0 0 1 0
342 0 0 2 0
342 0 0 1 0
343 1 0 2 0
343 2 0 2 0
343 0 0 1 0
344 0 0 1 0
344 0 0 1 0
345 1 0 2 0
345 1 0 2 0
345 0 0 1 0
345 0 0 1 0
346 0 0 1 0
346 0 0 1 0
347 1 0 2 0
347 0 0 1 0
347 0 0 1 0
348 0 0 1 0
348 1 0 2 0
349 0 0 1 0
349 0 0 1 0
350 0 0 2 0
350 0 0 1 0
351 0 0 1 0
351 0 0 1 0
351 0 0 1 0
352 0 0 1 0
353 0 0 1 0
353 1 0 2 0
353 0 0 1 0
353 0 0 1 0
354 1 0 2 0
354 1 0 2 0
354 0 0 1 0
355 0 0 1 0
355 1 0 3 0
355 0 0 1 0
356 1 0 2 0
356 1 0 2 0
356 1 0 2 0
356 0 0 1 0
356 0 0 1 0
357 0 0 1 0
357 0 0 1 0
358 1 0 2 0
358 1 0 2 0
358 0 0 1 0
358 0 0 1 0
359 0 0 1 0
359 0 0 1 0
360 0 0 1 0
360 0 0 1 0
361 0 0 1 0
361 0 0 1 0
362 0 0 1 0
362 0 0 1 0
363 0 0 1 0
363 0 0 1 0
363 0 0 1 0
364 1 0 1 0
364 0 0 1 0
364 0 0 1 0
365 1 0 2 0
365 1 0 2 0
365 0 0 1 0
365 0 0 1 0
366 1 0 2 0
366 0 0 1 0
367 1 0 2 0
367 0 0 1 0
367 0 0 1 0
368 0 0 1 0
368 0 0 1 0
369 1 0 2 0
369 0 0 1 0
369 0 0 1 0
370 0 0 1 0
370 0 0 1 0
371 1 0 2 0
371 0 0 1 0
371 0 0 1 0
372 0 0 1 0
372 0 0 1 0
373 1 0 2 0
373 0 0 1 0
373 0 0 1 0
374 0 0 1 0
374 0 0 1 0
375 1 0 2 0
375 1 0 2 0
375 0 0 1 0
375 0 0 1 0
376 0 0 1 0
376 0 0 1 0
377 1 0 2 0
377 0 0 1 0
377 0 0 1 0
378 0 0 1 0
378 0 0 1 0
379 1 0 2 0
379 1 0 2 0
379 0 0 1 0
379 0 0 1 0
380 1 0 2 0
380 0 0 1 0
380 0 0 1 0
381 1 0 2 0
381 0 0 1 0
381 0 0 1 0
382 0 0 1 0
383 1 0 2 0
383 1 0 2 0
383 0 0 1 0
383 0 0 1 0
384 1 0 2 0
384 1 0 2 0
384 0 0 1 0
384 0 0 1 0
385 0 0 1 0
385 0 0 1 0
386 0 0 1 0
386 0 0 1 0
387 0 0 1 0
387 0 0 1 0
388 1 0 2 0
388 0 0 1 0
389 1 0 2 0
389 0 0 1 0
389 0 0 1 0
390 0 0 1 0
390 0 0 1 0
391 0 0 1 0
391 0 0 1 0
392 1 0 2 0
392 1 0 2 0
392 1 0 2 0
392 0 0 1 0
392 0 0 1 0
393 1 0 1 0
393 0 0 1 0
393 0 0 1 0
394 0 0 1 0
395 0 0 1 0
395 4 0 3 0
395 0 0 1 0
395 0 0 1 0
396 2 0 2 0
396 0 0 1 0
396 0 0 1 0
397 1 0 2 0
397 1 0 2 0
397 0 0 1 0
397 0 0 1 0
398 1 0 2 0
398 0 0 1 0
398 0 0 1 0
399 1 0 2 0
399 0 0 1 0
399 0 0 1 0
400 0 0 1 0
400 0 0 1 0
401 1 0 2 0
401 0 0 1 0
401 0 0 1 0
402 0 0 1 0
402 0 0 1 0
403 0 0 1 0
404 1 0 2 0
404 0 0 1 0
404 0 0 1 0
405 0 0 1 0
405 0 0 1 0
406 1 0 2 0
406 0 0 1 0
406 0 0 1 0
407 0 0 1 0
407 0 0 1 0
407 0 0 1 0
407 1 0 2 0
408 1 0 2 0
408 0 0 1 0
408 1 0 2 0
408 0 0 1 0
409 0 0 1 0
409 0 0 1 0
410 1 0 2 0
411 1 0 2 0
411 0 0 1 0
411 0 0 1 0
412 0 0 1 0
412 0 0 1 0
413 0 0 1 0
413 0 0 1 0
414 1 0 2 0
414 0 0 1 0
414 0 0 1 0
415 0 0 2 0
416 1 0 2 0
416 0 0 2 0
416 2 0 0 1 0
417 0 0 0 1 0
417 0 1 0 2 0
417 1 0 0 1 0
417 2 0 0 1 0
418 1 0 0 1 0
418 2 0 0 1 0
419 0 0 0 1 0
419 0 1 0 2 0
419 0 1 0 2 0
419 1 0 0 1 0
420 0 1 0 2 0
420 1 0 0 1 0
420 2 0 0 1 0
421 0 1 0 2 0
421 0 1 0 2 0
421 1 0 0 1 0
421 2 0 0 1 0
423 0 0 0 2 0
423 0 1 0 2 0
423 2 1 0 2 0
423 2 0 0 1 0
424 1 0 0 1 0
424 2 0 0 1 0
425 1 0 0 1 0
425 2 0 0 1 0
426 0 2 0 2 0
426 2 0 0 1 0
427 1 0 0 1 0
427 2 0 0 1 0
428 0 0 0 1 0
428 1 0 0 1 0
428 2 0 0 1 0
429 1 0 0 1 0
429 2 0 0 1 0
430 1 0 0 1 0
430 2 0 0 1 0
431 0 1 0 2 0
431 1 0 0 1 0
431 2 0 0 1 0
432 0 1 0 2 0
432 1 0 0 1 0
432 2 0 0 1 0
433 0 3 0 2 0
433 2 0 0 1 0
434 0 1 0 3 0
434 1 1 0 2 0
434 1 0 0 1 0
434 2 0 0 1 0
435 1 0 0 1 0
435 2 0 0 1 0
436 2 0 0 1 0
437 0 0 0 1 0
437 0 1 0 2 0
437 1 0 0 1 0
437 2 0 0 1 0
438 0 1 0 2 0
438 1 0 0 1 0
438 2 0 0 1 0
439 0 1 0 2 0
439 1 0 0 1 0
439 2 0 0 1 0
440 1 0 0 1 0
440 2 0 0 1 0
441 1 0 0 1 0
441 2 0 0 1 0
442 0 0 0 1 0
442 2 0 0 1 0
443 0 1 0 2 0
443 1 0 0 1 0
443 2 0 0 1 0
444 1 0 0 1 0
444 2 0 0 1 0
445 0 1 0 2 0
445 0 1 0 2 0
445 1 0 0 1 0
446 0 0 0 2 0
446 0 1 0 2 0
446 0 1 0 2 0
446 1 0 0 1 0
446 2 0 0 1 0
447 2 0 0 1 0
448 0 1 0 2 0
448 1 0 0 1 0
448 2 0 0 1 0
449 0 0 0 2 0
449 1 0 0 1 0
449 2 0 0 1 0
451 1 0 0 1 0
451 2 0 0 1 0
452 1 0 0 1 0
452 2 0 0 1 0
453 0 0 0 1 0
453 0 1 0 2 0
453 1 0 0 1 0
453 2 0 0 1 0
454 0 1 0 3 0
454 2 0 0 1 0
455 0 1 0 3 0
455 0 1 0 2 0
456 0 1 0 2 0
456 1 0 0 1 0
456 2 1 0 2 0
457 1 0 0 2 0
457 2 0 0 1 0
458 0 1 0 2 0
458 1 0 0 1 0
458 2 0 0 1 0
459 0 1 0 2 0
459 2 0 0 1 0
460 0 1 0 2 0
460 1 0 0 1 0
460 2 0 0 1 0
461 2 0 0 1 0
462 1 0 0 1 0
462 2 0 0 1 0
463 0 1 0 2 0
463 0 1 0 2 0
463 1 0 0 1 0
463 2 1 0 2 0
464 1 0 0 1 0
464 2 0 0 1 0
465 0 1 0 2 0
465 1 0 0 1 0
465 2 0 0 1 0
466 1 0 0 1 0
466 2 0 0 2 0
467 0 0 0 2 0
467 0 1 0 2 0
467 1 0 0 1 0
467 2 0 0 1 0
468 1 0 0 1 0
468 2 0 0 1 0
469 0 0 0 1 0
469 1 0 0 1 0
470 0 0 0 1 0
470 0 1 0 2 0
470 2 0 0 1 0
470 2 0 0 1 0
471 0 5 0 4 0
471 2 0 0 1 0
472 0 0 0 1 0
472 0 1 0 2 0
472 2 1 0 2 0
472 2 0 0 1 0
473 0 1 0 2 0
474 0 0 0 1 0
474 2 0 0 1 0
475 0 1 0 2 0
475 2 0 0 1 0
476 0 0 0 1 0
476 0 1 0 2 0
476 2 0 0 1 0
477 0 1 0 2 0
477 0 0 0 3 0
477 2 0 0 1 0
478 0 0 0 1 0
478 2 0 0 1 0
479 0 1 0 2 0
479 0 1 0 2 0
480 0 0 0 1 0
480 0 1 0 2 0
480 2 0 0 1 0
481 0 0 0 1 0
481 2 0 0 1 0
482 0 0 0 1 0
482 0 1 0 2 0
482 2 0 0 1 0
482 2 0 0 3 0
483 2 0 0 1 0
484 0 1 0 2 0
484 2 0 0 1 0
485 0 0 0 2 0
485 0 0 0 1 0
485 0 1 0 2 0
485 2 0 0 1 0
486 0 0 0 1 0
486 0 1 0 2 0
487 0 0 0 1 0
487 0 1 0 2 0
487 2 0 0 1 0
488 0 0 0 1 0
488 0 1 0 2 0
488 2 0 0 1 0
489 0 0 0 1 0
489 2 0 0 1 0
490 0 0 0 1 0
490 0 1 0 2 0
490 2 0 0 1 0
491 0 0 0 1 0
491 0 0 0 2 0
491 0 0 0 2 0
491 2 0 0 1 0
492 0 0 0 1 0
493 0 0 0 1 0
493 2 0 0 1 0
494 0 0 0 1 0
494 2 0 0 1 0
494 2 0 0 2 0
495 2 0 0 1 0
496 0 0 0 1 0
496 2 0 0 1 0
497 0 0 0 1 0
497 0 1 0 2 0
497 2 0 0 1 0
497 2 0 0 1 0
498 0 4 0 5 0
498 0 1 0 2 0
498 2 0 0 1 0
499 1 0 0 1 0
499 2 0 0 1 0
500 0 1 0 2 0
500 1 0 0 1 0
500 2 1 0 3 0
501 0 1 0 2 0
501 2 0 0 1 0
502 1 0 0 1 0
502 2 0 0 1 0
503 1 0 0 1 0
505 0 0 0 1 0
505 0 1 0 2 0
505 1 0 0 2 0
506 1 0 0 1 0
506 2 0 0 1 0
507 0 1 0 2 0
507 0 1 0 2 0
507 1 0 0 1 0
507 2 0 0 1 0
508 1 0 0 1 0
508 2 0 0 1 0
509 0 1 0 2 0
509 0 3 0 3 0
509 1 0 0 1 0
510 0 1 0 3 0
510 2 0 0 1 0
510 2 1 0 2 0
511 1 0 0 1 0
511 2 0 0 1 0
512 0 1 0 2 0
512 0 1 0 2 0
512 0 1 0 2 0
512 1 0 0 1 0
513 2 0 0 1 0
514 0 1 0 2 0
514 1 0 0 1 0
514 2 0 0 1 0
515 0 3 0 2 0
515 1 0 0 1 0
515 2 0 0 1 0
516 1 0 0 1 0
516 2 0 0 1 0
517 1 0 0 1 0
517 2 0 0 1 0
518 0 0 0 2 0
518 1 0 0 1 0
518 2 0 0 1 0
519 0 1 0 1 0
519 1 0 0 1 0
520 2 0 0 1 0
521 2 0 0 1 0
522 0 1 0 2 0
522 2 0 0 1 0
523 0 1 0 1 0
523 0 1 0 2 0
523 0 1 0 3 0
523 1 0 0 1 0
524 0 0 0 2 0
524 1 1 0 2 0
524 1 0 0 1 0
524 2 0 0 1 0
525 0 1 0 2 0
525 0 1 0 2 0
525 2 0 0 1 0
525 2 0 0 1 0
526 1 0 0 1 0
526 2 0 0 1 0
527 0 1 0 2 0
527 1 0 0 1 0
527 2 0 0 1 0
528 0 1 0 2 0
528 0 1 0 2 0
528 1 0 0 1 0
528 2 0 0 1 0
529 0 1 0 2 0
529 1 0 0 1 0
529 2 0 0 1 0
530 0 1 0 2 0
530 1 0 0 1 0
530 2 1 0 2 0
531 0 1 0 2 0
531 1 0 0 1 0
531 2 0 0 1 0
532 0 0 0 1 0
532 0 1 0 2 0
532 1 1 0 2 0
532 2 0 0 1 0
533 1 0 0 2 0
533 2 0 0 1 0
534 0 1 0 2 0
534 2 0 0 1 0
535 0 1 0 2 0
536 1 0 0 1 0
536 2 0 0 1 0
537 0 1 0 2 0
537 1 0 0 1 0
538 0 2 0 2 0
538 1 0 0 1 0
538 2 0 0 1 0
539 0 1 0 2 0
539 1 0 0 1 0
539 2 0 0 1 0
540 1 0 0 1 0
541 1 0 0 1 0
541 2 0 0 1 0
542 1 0 0 1 0
542 2 0 0 1 0
543 0 1 0 2 0
543 1 0 0 1 0
543 2 0 0 1 0
544 1 0 0 1 0
545 0 0 0 1 0
545 0 1 0 3 0
545 0 1 0 2 0
545 0 1 0 2 0
545 1 0 0 1 0
546 1 0 0 1 0
547 0 1 0 2 0
547 0 1 0 2 0
547 1 0 0 1 0
547 2 0 0 1 0
548 0 2 0 2 0
548 0 1 0 2 0
548 1 0 0 1 0
548 2 1 0 2 0
549 1 0 0 1 0
549 2 0 0 1 0
550 1 0 0 1 0
550 1 2 0 2 0
550 2 0 0 1 0
551 0 1 0 2 0
551 0 1 0 2 0
551 1 0 0 1 0
551 2 0 0 1 0
552 2 1 0 2 0
553 1 1 0 2 0
553 2 0 0 1 0
554 1 0 0 1 0
554 2 0 0 1 0
555 0 1 0 2 0
555 0 1 0 2 0
555 1 0 0 1 0
555 2 0 0 1 0
556 1 0 0 1 0
556 2 0 0 1 0
557 1 0 0 1 0
558 1 0 0 1 0
558 2 0 0 1 0
559 1 0 0 1 0
560 1 0 0 1 0
560 2 0 0 1 0
561 0 1 0 2 0
561 0 1 0 2 0
561 1 0 0 1 0
561 2 0 0 1 0
562 0 0 0 1 0
562 0 1 0 2 0
562 2 1 0 2 0
562 2 0 0 1 0
563 2 0 0 1 0
564 1 0 0 1 0
565 1 0 0 1 0
565 2 0 0 1 0
566 0 1 0 2 0
566 0 1 0 2 0
566 1 0 0 1 0
566 2 0 0 1 0
567 0 1 0 2 0
567 1 1 0 2 0
567 1 0 0 1 0
567 2 0 0 1 0
568 1 0 0 1 0
569 0 1 0 2 0
569 1 0 0 1 0
569 2 0 0 1 0
570 1 0 0 1 0
570 2 0 0 1 0
571 0 1 0 2 0
571 1 0 0 1 0
571 2 0 0 1 0
572 0 1 0 3 0
572 1 0 0 1 0
572 2 0 0 1 0
573 1 0 0 1 0
573 2 0 0 1 0
574 0 1 0 2 0
574 1 0 0 1 0
574 2 0 0 1 0
575 0 1 0 2 0
575 2 1 0 3 0
576 0 1 0 2 0
576 1 0 0 1 0
576 2 0 0 1 0
577 0 1 0 2 0
577 1 0 0 1 0
577 2 0 0 1 0
578 0 1 0 2 0
578 1 0 0 1 0
578 2 0 0 1 0
579 1 0 0 1 0
579 2 0 0 1 0
580 0 1 0 2 0
580 1 0 0 1 0
580 2 0 0 1 0
581 1 0 0 1 0
581 2 0 0 1 0
582 1 0 0 1 0
582 2 0 0 1 0
583 1 1 0 2 0
583 1 0 0 1 0
584 1 0 0 1 0
584 2 0 0 1 0
585 0 1 0 2 0
585 0 1 0 2 0
585 0 2 0 2 0
585 2 0 0 1 0
586 0 1 0 2 0
586 0 1 0 1 0
586 1 0 0 1 0
586 2 0 0 1 0
587 2 0 0 1 0
588 0 1 0 2 0
588 2 0 0 1 0
588 2 0 0 1 0
589 0 1 0 3 0
589 0 1 0 2 0
589 1 0 0 1 0
589 2 0 0 1 0
590 1 0 0 1 0
590 2 0 0 1 0
591 0 1 0 2 0
591 0 0 0 2 0
591 1 0 0 1 0
592 1 0 0 1 0
593 0 1 0 2 0
593 1 0 0 1 0
593 2 0 0 1 0
594 1 0 0 1 0
594 2 0 0 1 0
595 1 0 0 1 0
595 2 0 0 1 0
596 0 2 0 2 0
596 2 1 0 3 0
598 0 0 0 1 0
598 0 1 0 1 0
598 2 0 0 1 0
598 2 0 0 1 0
599 1 0 0 1 0
599 2 0 0 1 0
600 0 1 0 2 0
600 0 1 0 2 0
600 1 0 0 1 0
601 0 0 0 1 0
601 0 0 0 2 0
601 1 0 0 1 0
601 2 0 0 1 0
602 0 1 0 2 0
602 1 0 0 1 0
603 0 1 0 2 0
603 2 1 0 2 0
603 2 0 0 1 0
604 1 0 0 1 0
604 2 0 0 1 0
605 0 1 0 2 0
605 1 0 0 1 0
605 2 0 0 1 0
607 0 0 0 1 0
607 1 0 0 1 0
607 2 0 0 1 0
608 0 1 0 2 0
608 0 1 0 3 0
608 1 0 0 1 0
609 1 0 0 1 0
609 2 0 0 1 0
610 0 1 0 2 0
610 1 0 0 1 0
610 2 0 0 1 0
611 0 1 0 2 0
611 1 0 0 1 0
611 1 1 0 2 0
612 0 1 0 2 0
612 1 0 0 1 0
612 2 0 0 1 0
613 1 0 0 1 0
614 0 1 0 2 0
614 1 0 0 1 0
615 0 1 0 2 0
615 0 1 0 2 0
615 1 0 0 1 0
616 0 1 0 2 0
616 1 0 0 1 0
616 2 0 0 1 0
617 1 0 0 1 0
617 2 0 0 1 0
618 1 0 0 1 0
618 2 0 0 1 0
619 1 1 0 2 0
619 2 0 0 2 0
619 2 0 0 1 0
620 1 0 0 1 0
621 0 1 0 2 0
621 1 0 0 1 0
621 2 0 0 1 0
622 1 0 0 1 0
622 2 0 0 1 0
623 0 1 0 2 0
623 0 1 0 2 0
623 1 0 0 1 0
623 2 0 0 1 0
624 0 0 0 2 0
624 0 1 0 2 0
624 2 0 0 2 0
624 2 0 0 1 0
625 0 1 0 2 0
625 1 0 0 1 0
625 2 0 0 1 0
626 1 0 0 1 0
626 2 0 0 1 0
627 0 1 0 2 0
627 1 0 0 1 0
627 2 0 0 1 0
628 0 1 0 2 0
628 1 0 0 1 0
629 1 0 0 1 0
629 2 0 0 1 0
630 0 1 0 2 0
630 2 0 0 1 0
631 2 1 0 3 0
632 0 0 0 1 0
632 0 1 0 2 0
632 0 1 0 2 0
632 0 1 0 2 0
632 1 0 0 1 0
633 0 0 0 1 0
633 0 1 0 2 0
633 0 1 0 2 0
633 2 0 0 1 0
634 0 0 0 1 0
634 2 0 0 1 0
635 0 0 0 1 0
635 0 1 0 1 0
635 2 0 0 1 0
636 0 0 0 1 0
636 2 0 0 1 0
637 0 0 0 1 0
637 0 1 0 2 0
637 0 1 0 2 0
637 2 0 0 1 0
638 0 0 0 1 0
638 2 0 0 1 0
639 0 2 0 2 0
640 0 7 0 5 0
640 1 0 0 1 0
640 2 0 0 1 0
641 1 0 0 1 0
641 2 0 0 1 0
642 0 1 0 2 0
642 0 1 0 2 0
642 2 0 0 1 0
642 2 0 0 1 0
643 0 1 0 2 0
643 1 0 0 1 0
644 0 0 0 1 0
644 0 1 0 2 0
644 2 0 0 1 0
645 2 0 0 1 0
645 2 0 0 1 0
646 0 1 0 2 0
646 1 0 0 1 0
646 2 0 0 1 0
647 1 0 0 1 0
647 2 0 0 1 0
648 2 0 0 1 0
649 0 2 0 2 0
649 1 0 0 1 0
649 2 0 0 1 0
650 0 1 0 2 0
650 1 0 0 1 0
650 2 0 0 1 0
651 2 0 0 1 0
652 1 0 0 1 0
652 2 0 0 1 0
653 1 0 0 1 0
653 2 0 0 1 0
654 1 0 0 1 0
654 2 0 0 1 0
655 1 0 0 1 0
656 0 0 0 1 0
656 2 0 0 1 0
656 2 0 0 1 0
657 0 1 0 2 0
657 2 0 0 1 0
658 0 0 0 1 0
658 0 2 0 3 0
658 0 1 0 2 0
659 0 0 0 1 0
659 0 1 0 2 0
659 1 0 0 2 0
659 2 0 0 1 0
660 0 1 0 2 0
660 1 0 0 1 0
661 0 1 0 2 0
661 0 1 0 2 0
661 1 0 0 1 0
662 0 1 0 2 0
662 2 0 0 1 0
663 0 1 0 2 0
663 1 0 0 1 0
663 2 0 0 1 0
664 0 1 0 2 0
664 1 0 0 1 0
664 2 0 0 1 0
665 1 0 0 1 0
666 1 0 0 1 0
666 2 0 0 1 0
667 0 1 0 2 0
667 1 0 0 1 0
667 2 0 0 1 0
668 2 0 0 1 0
669 0 1 0 2 0
669 1 0 0 1 0
670 0 0 0 1 0
670 0 1 0 2 0
670 0 1 0 2 0
670 0 1 0 2 0
670 1 0 0 1 0
670 2 0 0 1 0
671 1 0 0 1 0
671 2 0 0 1 0
672 0 0 0 2 0
672 0 1 0 2 0
672 1 0 0 1 0
672 2 0 0 1 0
672 2 1 0 2 0
673 1 0 0 2 0
673 2 0 0 1 0
674 0 1 0 2 0
674 1 0 0 1 0
674 2 0 0 1 0
675 0 1 0 2 0
676 0 0 0 1 0
676 1 0 0 1 0
676 2 0 0 1 0
677 0 1 0 2 0
678 1 0 0 1 0
678 2 0 0 1 0
679 1 0 0 2 0
679 1 0 0 1 0
679 2 0 0 1 0
680 0 1 0 2 0
680 0 1 0 2 0
680 2 0 0 1 0
680 2 0 0 1 0
681 0 1 0 2 0
681 0 1 0 2 0
681 1 0 0 1 0
682 0 0 0 1 0
682 0 1 0 2 0
682 2 0 0 1 0
683 0 0 0 1 0
683 1 0 0 1 0
683 2 0 0 1 0
684 0 1 0 2 0
684 0 1 0 2 0
684 2 0 0 1 0
685 0 0 0 1 0
685 0 1 0 2 0
685 2 0 0 2 0
686 0 1 0 2 0
686 0 1 0 2 0
686 0 2 0 2 0
686 2 0 0 1 0
687 0 0 0 1 0
687 1 0 0 1 0
688 0 0 0 1 0
688 2 0 0 1 0
689 0 2 0 2 0
690 0 0 0 1 0
690 1 1 0 3 0
690 2 0 0 1 0
691 0 1 0 2 0
691 0 1 0 2 0
691 1 0 0 1 0
692 0 1 0 2 0
692 1 0 0 1 0
692 2 0 0 1 0
693 0 0 0 1 0
693 1 0 0 1 0
693 2 0 0 1 0
694 0 1 0 2 0
694 1 0 0 1 0
694 2 0 0 1 0
695 1 0 0 1 0
695 2 0 0 1 0
697 0 0 0 1 0
697 1 0 0 1 0
698 0 0 0 1 0
698 0 0 0 2 0
698 1 0 0 1 0
698 1 1 0 2 0
699 0 1 0 4 0
699 1 0 0 1 0
699 2 0 0 1 0
700 1 0 0 1 0
700 2 0 0 1 0
701 1 0 0 1 0
702 1 0 0 1 0
703 0 1 0 1 0
703 1 0 0 1 0
703 2 0 0 1 0
704 0 0 0 1 0
704 0 1 0 2 0
704 0 1 0 2 0
704 1 0 0 1 0
704 2 0 0 1 0
705 0 0 0 1 0
705 1 0 0 1 0
705 2 0 0 1 0
706 2 0 0 1 0
707 0 1 0 2 0
707 1 0 0 1 0
707 2 0 0 1 0
708 1 0 0 1 0
708 2 0 0 1 0
709 1 0 0 1 0
709 2 0 0 1 0
710 0 1 0 2 0
710 0 3 0 1 0
710 1 0 0 1 0
710 2 0 0 1 0
711 0 0 0 2 0
711 1 0 0 1 0
711 2 0 0 1 0
712 0 1 0 2 0
712 1 0 0 1 0
713 0 1 0 2 0
713 2 0 0 1 0
713 2 0 0 1 0
714 0 1 0 2 0
714 2 0 0 1 0
715 1 0 0 1 0
715 2 0 0 1 0
716 0 1 0 2 0
716 2 0 0 1 0
717 1 0 0 1 0
717 2 0 0 1 0
718 0 1 0 2 0
718 1 0 0 1 0
718 2 0 0 1 0
719 0 0 0 1 0
719 0 1 0 2 0
719 1 0 0 1 0
719 2 0 0 1 0
