0 0 684 0 0
0 1 684 0 36
0 2 684 0 36
1 0 683 0 35
1 0 755 0 35
1 1 755 0 35
1 2 755 0 35
2 0 754 0 34
2 1 754 0 34
2 2 754 0 34
3 0 754 0 35
3 1 754 0 35
3 2 754 0 35
4 0 754 0 36
4 1 754 0 36
4 2 754 0 36
5 0 752 0 34
5 1 752 0 34
5 2 752 0 34
6 0 752 0 34
6 1 752 0 34
6 2 752 0 34
7 0 752 0 35
7 1 752 0 35
7 2 752 0 35
8 0 752 0 36
8 1 752 0 36
8 2 752 0 36
9 0 752 0 37
9 1 752 0 37
9 2 752 0 37
10 0 751 0 36
10 1 751 0 36
10 2 751 0 36
11 0 751 0 38
11 1 751 0 38
11 2 751 0 38
12 0 749 0 36
12 1 749 0 36
12 2 749 0 36
13 0 749 0 35
13 1 749 0 35
13 2 749 0 35
14 0 747 0 33
14 1 747 0 33
14 2 747 0 33
15 0 746 0 33
15 1 746 0 33
15 2 746 0 33
16 0 746 0 34
16 1 746 0 34
16 2 746 0 34
17 0 746 0 35
17 1 746 0 35
17 2 746 0 35
18 0 746 0 37
18 1 746 0 37
18 2 746 0 37
19 0 744 0 35
19 1 744 0 35
19 2 744 0 35
20 0 742 0 32
20 1 742 0 32
20 2 742 0 32
21 0 741 0 31
21 1 741 0 31
21 2 741 0 31
22 0 740 0 30
22 1 740 0 30
22 2 740 0 30
23 0 740 0 32
23 1 740 0 32
23 2 740 0 32
24 0 738 0 30
24 1 738 0 30
24 2 738 0 30
25 0 737 0 30
25 1 737 0 30
25 2 737 0 30
26 0 737 0 31
26 1 737 0 31
26 2 737 0 31
27 0 737 0 32
27 1 737 0 32
27 2 737 0 32
28 0 737 0 33
28 1 737 0 33
28 2 737 0 33
29 0 737 0 35
29 1 737 0 35
29 2 737 0 35
30 0 736 0 34
30 1 736 0 34
30 2 736 0 34
31 0 733 0 34
31 1 733 0 34
31 2 733 0 35
32 0 731 0 34
32 1 731 0 34
32 2 731 0 34
33 0 731 0 35
33 1 731 0 35
33 2 731 0 35
34 0 730 0 35
34 1 730 0 34
34 2 730 0 34
35 0 729 0 34
35 1 729 0 34
35 2 729 0 34
36 0 729 0 35
36 1 729 0 35
36 2 729 0 35
37 0 729 0 37
37 1 729 0 37
37 2 729 0 37
38 0 727 0 33
38 1 727 0 33
38 2 727 0 33
39 0 722 0 32
39 1 722 0 32
39 2 722 0 32
40 0 722 0 33
40 1 722 0 33
40 2 722 0 33
41 0 719 0 29
41 0 791 0 29
41 1 791 0 29
41 2 791 0 29
42 0 791 0 30
42 1 791 0 30
42 2 791 0 30
43 0 791 0 32
43 1 791 0 32
43 2 791 0 32
44 0 791 0 33
44 1 791 0 33
44 2 791 0 33
45 0 791 0 34
45 1 791 0 35
45 2 791 0 35
46 0 790 0 34
46 1 790 0 34
46 2 790 0 35
47 0 789 0 35
47 1 789 0 35
47 2 789 0 35
48 0 788 0 35
48 1 788 0 35
48 2 788 0 35
49 0 784 0 34
49 1 784 0 34
49 2 784 0 34
50 0 783 0 34
50 1 783 0 34
50 2 783 0 34
51 0 782 0 34
51 1 781 0 32
51 2 781 0 32
52 0 781 0 34
52 1 781 0 35
52 2 781 0 35
53 0 781 0 36
53 1 781 0 36
53 2 781 0 36
54 0 780 0 35
54 1 780 0 36
54 2 780 0 36
55 0 778 0 33
55 1 778 0 33
55 2 778 0 34
56 0 778 0 35
56 1 778 0 35
56 2 778 0 35
57 0 777 0 35
57 1 777 0 35
57 2 777 0 36
58 0 776 0 35
58 1 775 0 34
58 2 775 0 34
59 0 774 0 33
59 1 774 0 33
59 2 774 0 33
60 0 774 0 34
60 1 774 0 34
60 2 774 0 34
61 0 773 0 34
61 1 770 0 32
61 2 770 0 32
62 0 770 0 34
62 1 770 0 34
62 2 770 0 34
63 0 770 0 35
63 1 770 0 35
63 2 770 0 35
64 0 769 0 34
64 1 769 0 34
64 2 769 0 35
65 0 767 0 35
65 1 767 0 36
65 2 767 0 36
66 0 767 0 38
66 1 767 0 38
66 2 767 0 38
67 0 767 0 39
67 1 767 0 39
67 2 767 0 39
68 0 766 0 38
68 1 766 0 38
68 2 766 0 38
69 0 766 0 39
69 1 766 0 39
69 2 766 0 39
70 0 764 0 37
70 1 764 0 37
70 2 764 0 36
71 0 763 0 35
71 1 763 0 35
71 2 763 0 35
72 0 763 0 36
72 1 763 0 36
72 2 763 0 37
73 0 763 0 39
73 1 763 0 39
73 2 763 0 40
74 0 763 0 40
74 1 763 0 40
74 2 763 0 40
75 0 762 0 39
75 1 762 0 39
75 2 762 0 39
76 0 761 0 40
76 1 761 0 40
76 2 761 0 40
77 0 759 0 35
77 1 759 0 35
77 2 759 0 35
78 0 759 0 36
78 1 759 0 36
78 2 759 0 36
79 0 758 0 36
79 1 758 0 36
79 2 758 0 36
80 0 757 0 36
80 1 757 0 36
80 2 757 0 36
81 0 756 0 36
81 1 756 0 37
81 2 756 0 37
82 0 756 0 38
82 1 756 0 38
82 2 756 0 38
83 0 755 0 36
83 1 755 0 36
83 2 755 0 36
84 0 755 0 37
84 1 755 0 38
84 2 755 0 38
85 0 755 0 40
85 1 755 0 40
85 2 755 0 40
86 0 755 0 41
86 1 755 0 41
86 2 755 0 41
87 0 755 0 42
87 1 755 0 42
87 2 755 0 42
88 0 755 0 43
88 1 755 0 43
88 2 755 0 43
89 0 755 0 45
89 1 754 0 44
89 2 753 0 42
90 0 752 0 42
90 1 752 0 42
90 2 752 0 42
91 0 751 0 42
91 1 751 0 42
91 2 751 0 43
92 0 751 0 45
92 1 750 0 42
92 2 750 0 42
93 0 747 0 39
93 1 747 0 39
93 2 747 0 39
94 0 747 0 40
94 1 747 0 40
94 2 747 0 41
95 0 747 0 43
95 1 747 0 43
95 2 747 0 43
96 0 747 0 44
96 1 747 0 44
96 2 747 0 44
97 0 747 0 45
97 1 747 0 46
97 2 746 0 44
98 0 746 0 45
98 1 746 0 45
98 2 746 0 45
99 0 745 0 44
99 1 745 0 44
99 2 745 0 45
100 0 742 0 43
100 1 742 0 42
100 2 742 0 42
101 0 741 0 42
101 1 741 0 42
101 2 741 0 42
102 0 741 0 42
102 1 741 0 42
102 2 741 0 42
103 0 737 0 37
103 1 737 0 37
103 2 737 0 37
104 0 737 0 38
104 1 737 0 38
104 2 737 0 38
105 0 734 0 36
105 1 734 0 36
105 2 734 0 36
106 0 734 0 37
106 1 734 0 37
106 2 734 0 37
107 0 734 0 38
107 1 734 0 38
107 2 734 0 38
108 0 734 0 39
108 1 734 0 39
108 2 734 0 39
109 0 734 0 41
109 1 734 0 42
109 2 734 0 42
110 0 733 0 41
110 1 733 0 41
110 2 733 0 41
111 0 733 0 42
111 1 733 0 42
111 2 733 0 42
112 0 732 0 42
112 1 732 0 43
112 2 731 0 41
113 0 731 0 42
113 1 731 0 42
113 2 731 0 42
114 0 731 0 43
114 1 731 0 44
114 2 731 0 44
115 0 731 0 46
115 1 731 0 46
115 2 731 0 46
116 0 730 0 45
116 1 730 0 46
116 2 730 0 46
117 0 729 0 45
117 1 729 0 45
117 2 729 0 45
118 0 728 0 44
118 1 728 0 44
118 2 728 0 44
119 0 727 0 44
119 1 727 0 44
119 2 727 0 44
120 0 722 0 38
120 1 722 0 38
120 2 722 0 38
121 0 721 0 38
121 1 720 0 37
121 2 720 0 37
122 0 717 0 36
122 0 789 0 36
122 1 789 0 36
122 2 789 0 36
123 0 789 0 37
123 1 789 0 37
123 2 789 0 38
124 0 788 0 37
124 1 788 0 38
124 2 787 0 36
125 0 786 0 36
125 1 786 0 36
125 2 786 0 37
126 0 786 0 38
126 1 786 0 38
126 2 786 0 38
127 0 786 0 39
127 1 786 0 39
127 2 786 0 39
128 0 786 0 41
128 1 786 0 42
128 2 786 0 43
129 0 786 0 44
129 1 786 0 45
129 2 786 0 45
130 0 786 0 46
130 1 786 0 46
130 2 786 0 46
131 0 784 0 43
131 1 784 0 43
131 2 784 0 43
132 0 781 0 41
132 1 781 0 41
132 2 781 0 41
133 0 780 0 40
133 1 780 0 40
133 2 780 0 40
134 0 779 0 39
134 1 778 0 38
134 2 778 0 38
135 0 778 0 39
135 1 778 0 39
135 2 778 0 39
136 0 776 0 37
136 1 776 0 37
136 2 776 0 37
137 0 776 0 38
137 1 776 0 38
137 2 776 0 38
138 0 776 0 40
138 1 776 0 40
138 2 776 0 40
139 0 776 0 41
139 1 776 0 41
139 2 776 0 41
140 0 775 0 40
140 1 775 0 40
140 2 775 0 40
141 0 774 0 40
141 1 774 0 40
141 2 774 0 40
142 0 773 0 40
142 1 773 0 40
142 2 773 0 41
143 0 772 0 40
143 1 772 0 40
143 2 772 0 40
144 0 771 0 39
144 1 771 0 39
144 2 771 0 39
145 0 771 0 40
145 1 771 0 40
145 2 771 0 40
146 0 770 0 39
146 1 770 0 39
146 2 770 0 39
147 0 768 0 38
147 1 768 0 39
147 2 768 0 39
148 0 767 0 39
148 1 767 0 39
148 2 767 0 39
149 0 767 0 40
149 1 767 0 40
149 2 767 0 40
150 0 765 0 39
150 1 765 0 39
150 2 765 0 39
151 0 765 0 40
151 1 765 0 40
151 2 765 0 40
152 0 765 0 41
152 1 765 0 42
152 2 765 0 42
153 0 765 0 43
153 1 765 0 43
153 2 765 0 43
154 0 762 0 39
154 1 762 0 39
154 2 762 0 40
155 0 762 0 41
155 1 762 0 42
155 2 762 0 42
156 0 761 0 41
156 1 761 0 41
156 2 761 0 41
157 0 759 0 39
157 1 759 0 39
157 2 759 0 39
158 0 758 0 39
158 1 758 0 39
158 2 758 0 40
159 0 754 0 40
159 1 754 0 40
159 2 754 0 40
160 0 754 0 41
160 1 754 0 41
160 2 754 0 41
161 0 752 0 39
161 1 752 0 39
161 2 752 0 38
162 0 750 0 36
162 1 750 0 36
162 2 750 0 37
163 0 750 0 36
163 1 750 0 36
163 2 750 0 36
164 0 750 0 37
164 1 750 0 37
164 2 750 0 37
165 0 747 0 35
165 1 747 0 35
165 2 747 0 35
166 0 746 0 35
166 1 746 0 36
166 2 746 0 36
167 0 746 0 37
167 1 746 0 37
167 2 746 0 36
168 0 746 0 38
168 1 746 0 38
168 2 746 0 38
169 0 746 0 39
169 1 746 0 40
169 2 746 0 40
170 0 746 0 41
170 1 746 0 41
170 2 746 0 41
171 0 745 0 41
171 1 745 0 42
171 2 745 0 42
172 0 740 0 37
172 1 740 0 37
172 2 740 0 37
173 0 740 0 39
173 1 740 0 39
173 2 740 0 39
174 0 740 0 40
174 1 740 0 41
174 2 740 0 41
175 0 739 0 39
175 1 739 0 39
175 2 739 0 40
176 0 739 0 41
176 1 739 0 41
176 2 739 0 41
177 0 736 0 37
177 1 736 0 37
177 2 736 0 38
178 0 735 0 36
178 1 735 0 36
178 2 735 0 37
179 0 734 0 37
179 1 734 0 37
179 2 734 0 37
180 0 733 0 36
180 1 733 0 37
180 2 731 0 34
181 0 731 0 35
181 1 731 0 35
181 2 731 0 36
182 0 731 0 37
182 1 731 0 37
182 2 731 0 37
183 0 729 0 35
183 1 729 0 35
183 2 729 0 35
184 0 728 0 35
184 1 728 0 35
184 2 728 0 35
185 0 728 0 36
185 1 728 0 36
185 2 728 0 36
186 0 728 0 38
186 1 728 0 38
186 2 728 0 38
187 0 728 0 38
187 1 728 0 39
187 2 728 0 40
188 0 727 0 39
188 1 726 0 38
188 2 726 0 38
189 0 726 0 39
189 1 726 0 39
189 2 726 0 39
190 0 726 0 40
190 1 726 0 40
190 2 726 0 40
191 0 726 0 41
191 1 726 0 41
191 2 726 0 41
192 0 726 0 42
192 1 726 0 43
192 2 726 0 43
193 0 725 0 42
193 1 724 0 39
193 2 724 0 40
194 0 723 0 39
194 1 723 0 39
194 2 723 0 39
195 0 723 0 40
195 1 723 0 40
195 2 723 0 40
196 0 722 0 40
196 1 722 0 40
196 2 722 0 40
197 0 721 0 40
197 1 721 0 40
197 2 721 0 40
198 0 717 0 38
198 0 789 0 38
198 1 789 0 38
198 2 789 0 38
199 0 787 0 37
199 1 787 0 37
199 2 787 0 37
200 0 786 0 38
200 1 786 0 38
200 2 786 0 38
201 0 786 0 39
201 1 786 0 39
201 2 786 0 39
202 0 786 0 40
202 1 786 0 41
202 2 786 0 41
203 0 786 0 42
203 1 786 0 42
203 2 786 0 43
204 0 785 0 43
204 1 785 0 43
204 2 785 0 43
205 0 785 0 44
205 1 785 0 44
205 2 785 0 44
206 0 784 0 44
206 1 784 0 44
206 2 784 0 44
207 0 784 0 45
207 1 784 0 45
207 2 784 0 45
208 0 782 0 43
208 1 782 0 43
208 2 782 0 43
209 0 782 0 45
209 1 782 0 45
209 2 782 0 45
210 0 782 0 46
210 1 782 0 46
210 2 782 0 46
211 0 782 0 47
211 1 782 0 47
211 2 782 0 48
212 0 781 0 48
212 1 781 0 48
212 2 781 0 48
213 0 781 0 49
213 1 781 0 49
213 2 781 0 49
214 0 778 0 44
214 1 777 0 42
214 2 777 0 42
215 0 777 0 44
215 1 774 0 41
215 2 774 0 41
216 0 774 0 42
216 1 774 0 42
216 2 774 0 42
217 0 773 0 42
217 1 773 0 42
217 2 773 0 42
218 0 773 0 43
218 1 773 0 43
218 2 773 0 43
219 0 771 0 42
219 1 771 0 42
219 2 771 0 42
220 0 769 0 42
220 1 769 0 42
220 2 766 0 40
221 0 764 0 39
221 1 764 0 39
221 2 764 0 39
222 0 763 0 39
222 1 763 0 39
222 2 763 0 39
223 0 762 0 39
223 1 762 0 39
223 2 762 0 40
224 0 761 0 40
224 1 761 0 40
224 2 761 0 41
225 0 758 0 37
225 1 758 0 37
225 2 758 0 37
226 0 758 0 39
226 1 758 0 39
226 2 758 0 40
227 0 757 0 40
227 1 757 0 40
227 2 757 0 40
228 0 757 0 41
228 1 757 0 41
228 2 757 0 41
229 0 757 0 42
229 1 757 0 42
229 2 757 0 42
230 0 755 0 40
230 1 755 0 40
230 2 755 0 40
231 0 755 0 41
231 1 755 0 41
231 2 755 0 41
232 0 754 0 40
232 1 754 0 40
232 2 754 0 40
233 0 753 0 40
233 1 753 0 40
233 2 753 0 40
234 0 752 0 39
234 1 752 0 40
234 2 752 0 40
235 0 752 0 41
235 1 752 0 41
235 2 752 0 41
236 0 752 0 42
236 1 752 0 42
236 2 752 0 42
237 0 751 0 42
237 1 751 0 42
237 2 751 0 42
238 0 750 0 42
238 1 750 0 42
238 2 750 0 42
239 0 749 0 42
239 1 749 0 42
239 2 749 0 43
240 0 748 0 42
240 1 748 0 43
240 2 748 0 43
241 0 748 0 44
241 1 748 0 44
241 2 748 0 44
242 0 747 0 42
242 1 747 0 42
242 2 747 0 42
243 0 747 0 43
243 1 747 0 43
243 2 747 0 43
244 0 747 0 44
244 1 747 0 44
244 2 747 0 44
245 0 747 0 45
245 1 747 0 45
245 2 747 0 45
246 0 745 0 43
246 1 745 0 43
246 2 745 0 43
247 0 744 0 42
247 1 744 0 42
247 2 744 0 43
248 0 743 0 43
248 1 743 0 43
248 2 743 0 43
249 0 743 0 45
249 1 743 0 45
249 2 743 0 45
250 0 743 0 46
250 1 743 0 46
250 2 743 0 46
251 0 736 0 39
251 1 736 0 39
251 2 736 0 40
252 0 736 0 41
252 1 736 0 41
252 2 736 0 40
253 0 734 0 40
253 1 734 0 41
253 2 734 0 41
254 0 732 0 39
254 1 732 0 39
254 2 732 0 40
255 0 732 0 41
255 1 732 0 41
255 2 732 0 42
256 0 732 0 43
256 1 732 0 44
256 2 732 0 44
257 0 731 0 44
257 1 731 0 44
257 2 731 0 44
258 0 728 0 42
258 1 728 0 42
258 2 728 0 42
259 0 728 0 43
259 1 728 0 42
259 2 728 0 42
260 0 727 0 41
260 1 727 0 41
260 2 727 0 42
261 0 725 0 41
261 1 725 0 41
261 2 725 0 41
262 0 725 0 42
262 1 725 0 42
262 2 725 0 43
263 0 723 0 41
263 1 723 0 41
263 2 723 0 41
264 0 721 0 40
264 1 721 0 40
264 2 721 0 40
265 0 719 0 38
265 0 791 0 38
265 1 791 0 38
265 2 791 0 38
266 0 791 0 40
266 1 791 0 41
266 2 791 0 42
267 0 790 0 41
267 1 790 0 41
267 2 790 0 41
268 0 789 0 41
268 1 789 0 41
268 2 789 0 40
269 0 787 0 40
269 1 786 0 39
269 2 786 0 39
270 0 786 0 40
270 1 786 0 40
270 2 786 0 40
271 0 784 0 40
271 1 784 0 40
271 2 784 0 40
272 0 783 0 39
272 1 783 0 39
272 2 783 0 39
273 0 782 0 38
273 1 782 0 38
273 2 782 0 39
274 0 782 0 40
274 1 782 0 40
274 2 782 0 40
275 0 781 0 40
275 1 781 0 41
275 2 781 0 41
276 0 779 0 38
276 1 779 0 38
276 2 779 0 38
277 0 778 0 37
277 1 778 0 37
277 2 778 0 37
278 0 778 0 38
278 1 778 0 38
278 2 778 0 38
279 0 778 0 40
279 1 778 0 40
279 2 778 0 40
280 0 778 0 42
280 1 778 0 42
280 2 778 0 42
281 0 777 0 41
281 1 777 0 41
281 2 777 0 41
282 0 776 0 38
282 1 776 0 39
282 2 776 0 39
283 0 775 0 39
283 1 775 0 39
283 2 775 0 39
284 0 774 0 39
284 1 774 0 39
284 2 774 0 39
285 0 774 0 40
285 1 774 0 40
285 2 774 0 40
286 0 774 0 41
286 1 774 0 41
286 2 774 0 41
287 0 774 0 43
287 1 774 0 43
287 2 774 0 43
288 0 774 0 44
288 1 774 0 44
288 2 774 0 45
289 0 774 0 47
289 1 774 0 47
289 2 774 0 47
290 0 774 0 48
290 1 774 0 49
290 2 774 0 49
291 0 772 0 47
291 1 772 0 47
291 2 772 0 46
292 0 772 0 47
292 1 772 0 48
292 2 772 0 48
293 0 772 0 49
293 1 772 0 50
293 2 772 0 50
294 0 772 0 51
294 1 772 0 52
294 2 772 0 52
295 0 768 0 46
295 1 768 0 46
295 2 768 0 47
296 0 767 0 47
296 1 765 0 44
296 2 765 0 44
297 0 765 0 45
297 1 764 0 43
297 2 764 0 43
298 0 764 0 44
298 1 764 0 44
298 2 764 0 44
299 0 764 0 45
299 1 764 0 45
299 2 764 0 45
300 0 763 0 45
300 1 763 0 45
300 2 763 0 45
301 0 763 0 46
301 1 763 0 46
301 2 763 0 47
302 0 763 0 49
302 1 763 0 48
302 2 763 0 48
303 0 762 0 48
303 1 762 0 47
303 2 762 0 47
304 0 761 0 47
304 1 761 0 48
304 2 761 0 49
305 0 761 0 50
305 1 761 0 51
305 2 761 0 50
306 0 760 0 50
306 1 760 0 50
306 2 760 0 50
307 0 759 0 49
307 1 758 0 47
307 2 758 0 48
308 0 757 0 48
308 1 757 0 48
308 2 757 0 48
309 0 756 0 47
309 1 756 0 48
309 2 756 0 48
310 0 755 0 47
310 1 755 0 47
310 2 755 0 47
311 0 754 0 47
311 1 754 0 48
311 2 754 0 48
312 0 754 0 50
312 1 754 0 50
312 2 753 0 48
313 0 753 0 49
313 1 753 0 49
313 2 753 0 49
314 0 752 0 46
314 1 752 0 46
314 2 752 0 46
315 0 752 0 48
315 1 752 0 49
315 2 752 0 50
316 0 751 0 49
316 1 751 0 50
316 2 751 0 50
317 0 751 0 50
317 1 750 0 48
317 2 750 0 49
318 0 750 0 50
318 1 750 0 51
318 2 750 0 51
319 0 749 0 49
319 1 749 0 50
319 2 749 0 50
320 0 749 0 52
320 1 749 0 53
320 2 749 0 53
321 0 748 0 53
321 1 748 0 54
321 2 748 0 54
322 0 748 0 55
322 1 748 0 55
322 2 748 0 55
323 0 746 0 53
323 1 746 0 53
323 2 746 0 53
324 0 746 0 54
324 1 746 0 54
324 2 746 0 54
325 0 745 0 53
325 1 745 0 53
325 2 745 0 53
326 0 743 0 51
326 1 743 0 51
326 2 743 0 51
327 0 742 0 51
327 1 742 0 51
327 2 742 0 51
328 0 741 0 50
328 1 741 0 50
328 2 741 0 51
329 0 740 0 50
329 1 740 0 51
329 2 740 0 50
330 0 739 0 48
330 1 739 0 49
330 2 739 0 48
331 0 738 0 47
331 1 738 0 48
331 2 738 0 48
332 0 738 0 47
332 1 738 0 48
332 2 738 0 47
333 0 737 0 47
333 1 737 0 48
333 2 737 0 48
334 0 736 0 47
334 1 736 0 47
334 2 736 0 47
335 0 736 0 48
335 1 736 0 48
335 2 736 0 49
336 0 736 0 51
336 1 736 0 52
336 2 736 0 51
337 0 735 0 49
337 1 733 0 46
337 2 733 0 46
338 0 733 0 48
338 1 732 0 46
338 2 732 0 46
339 0 731 0 45
339 1 731 0 46
339 2 731 0 45
340 0 731 0 46
340 1 731 0 47
340 2 731 0 47
341 0 729 0 44
341 1 728 0 42
341 2 728 0 43
342 0 728 0 43
342 1 728 0 42
342 2 728 0 42
343 0 725 0 40
343 1 725 0 40
343 2 725 0 41
344 0 725 0 41
344 1 725 0 42
344 2 725 0 42
345 0 723 0 39
345 1 723 0 39
345 2 723 0 39
346 0 723 0 40
346 1 723 0 41
346 2 723 0 40
347 0 722 0 40
347 1 722 0 40
347 2 722 0 40
348 0 722 0 41
348 1 722 0 42
348 2 721 0 40
349 0 721 0 41
349 1 721 0 41
349 2 721 0 41
350 0 721 0 40
350 1 721 0 41
350 2 721 0 41
351 0 721 0 42
351 1 721 0 42
351 2 721 0 42
352 0 721 0 43
352 1 721 0 43
352 2 721 0 44
353 0 720 0 43
353 1 720 0 43
353 2 720 0 43
354 0 718 0 40
354 0 790 0 40
354 1 790 0 41
354 2 790 0 41
355 0 790 0 43
355 1 789 0 40
355 2 789 0 40
356 0 786 0 36
356 1 786 0 36
356 2 786 0 36
357 0 786 0 38
357 1 786 0 38
357 2 786 0 38
358 0 784 0 36
358 1 784 0 36
358 2 784 0 36
359 0 784 0 38
359 1 784 0 38
359 2 784 0 38
360 0 784 0 39
360 1 784 0 39
360 2 784 0 39
361 0 784 0 40
361 1 784 0 40
361 2 784 0 40
362 0 784 0 41
362 1 784 0 41
362 2 784 0 41
363 0 784 0 42
363 1 784 0 42
363 2 784 0 42
364 0 783 0 42
364 1 783 0 42
364 2 783 0 42
365 0 781 0 40
365 1 781 0 40
365 2 781 0 40
366 0 780 0 40
366 1 780 0 41
366 2 780 0 41
367 0 779 0 40
367 1 779 0 40
367 2 779 0 40
368 0 779 0 41
368 1 779 0 41
368 2 779 0 41
369 0 778 0 41
369 1 778 0 41
369 2 778 0 41
370 0 778 0 42
370 1 778 0 42
370 2 778 0 42
371 0 777 0 42
371 1 777 0 42
371 2 777 0 42
372 0 777 0 43
372 1 777 0 43
372 2 777 0 43
373 0 776 0 43
373 1 776 0 43
373 2 776 0 43
374 0 776 0 45
374 1 776 0 45
374 2 776 0 45
375 0 774 0 42
375 1 774 0 42
375 2 774 0 42
376 0 774 0 43
376 1 774 0 43
376 2 774 0 43
377 0 773 0 42
377 1 773 0 42
377 2 773 0 42
378 0 773 0 43
378 1 773 0 43
378 2 773 0 43
379 0 771 0 41
379 1 771 0 41
379 2 771 0 41
380 0 770 0 40
380 1 770 0 40
380 2 770 0 40
381 0 769 0 39
381 1 769 0 39
381 2 769 0 39
382 0 769 0 41
382 1 769 0 41
382 2 769 0 42
383 0 767 0 40
383 1 767 0 40
383 2 767 0 40
384 0 765 0 37
384 1 765 0 37
384 2 765 0 37
385 0 765 0 39
385 1 765 0 39
385 2 765 0 39
386 0 765 0 41
386 1 765 0 41
386 2 765 0 41
387 0 765 0 42
387 1 765 0 42
387 2 765 0 42
388 0 764 0 42
388 1 764 0 43
388 2 764 0 43
389 0 763 0 42
389 1 763 0 42
389 2 763 0 42
390 0 763 0 43
390 1 763 0 43
390 2 763 0 43
391 0 763 0 45
391 1 763 0 45
391 2 763 0 45
392 0 760 0 41
392 1 760 0 41
392 2 760 0 41
393 0 759 0 42
393 1 759 0 42
393 2 759 0 42
394 0 759 0 43
394 1 759 0 43
394 2 759 0 44
395 0 755 0 41
395 1 755 0 41
395 2 755 0 41
396 0 753 0 40
396 1 753 0 40
396 2 753 0 40
397 0 751 0 38
397 1 751 0 38
397 2 751 0 38
398 0 750 0 37
398 1 750 0 37
398 2 750 0 37
399 0 749 0 37
399 1 749 0 37
399 2 749 0 37
400 0 749 0 38
400 1 749 0 38
400 2 749 0 38
401 0 748 0 38
401 1 748 0 38
401 2 748 0 38
402 0 748 0 39
402 1 748 0 39
402 2 748 0 39
403 0 748 0 41
403 1 748 0 42
403 2 748 0 42
404 0 747 0 41
404 1 747 0 41
404 2 747 0 41
405 0 747 0 43
405 1 747 0 43
405 2 747 0 43
406 0 746 0 43
406 1 746 0 43
406 2 746 0 43
407 0 746 0 44
407 1 746 0 44
407 2 745 0 42
408 0 744 0 42
408 1 744 0 42
408 2 743 0 40
409 0 743 0 41
409 1 743 0 41
409 2 743 0 41
410 0 742 0 40
410 1 742 0 41
410 2 742 0 42
411 0 741 0 42
411 1 741 0 42
411 2 741 0 42
412 0 741 0 44
412 1 741 0 44
412 2 741 0 44
413 0 741 0 45
413 1 741 0 45
413 2 741 0 45
414 0 740 0 44
414 1 740 0 44
414 2 740 0 44
415 0 740 0 45
415 1 740 0 46
415 2 740 0 45
416 0 739 0 44
416 1 739 0 43
416 2 739 0 43
417 0 738 0 42
417 1 738 0 42
417 2 738 0 42
418 0 738 0 43
418 1 738 0 43
418 2 738 0 43
419 0 736 0 40
419 1 736 0 40
419 2 736 0 41
420 0 735 0 40
420 1 735 0 40
420 2 735 0 40
421 0 733 0 37
421 1 733 0 37
421 2 733 0 37
422 0 733 0 39
422 1 733 0 40
422 2 733 0 41
423 0 732 0 39
423 1 732 0 40
423 2 731 0 38
424 0 731 0 39
424 1 731 0 39
424 2 731 0 39
425 0 731 0 41
425 1 731 0 41
425 2 731 0 41
426 0 729 0 40
426 1 729 0 41
426 2 729 0 41
427 0 729 0 43
427 1 729 0 43
427 2 729 0 43
428 0 729 0 43
428 1 729 0 43
428 2 729 0 43
429 0 729 0 44
429 1 729 0 44
429 2 729 0 44
430 0 729 0 46
430 1 729 0 46
430 2 729 0 46
431 0 728 0 45
431 1 728 0 45
431 2 728 0 45
432 0 727 0 44
432 1 727 0 44
432 2 727 0 44
433 0 724 0 43
433 1 724 0 44
433 2 724 0 44
434 0 723 0 42
434 1 722 0 40
434 2 722 0 40
435 0 722 0 42
435 1 722 0 42
435 2 722 0 42
436 0 722 0 43
436 1 722 0 44
436 2 722 0 44
437 0 721 0 43
437 1 721 0 43
437 2 721 0 43
438 0 720 0 42
438 1 720 0 42
438 2 720 0 42
439 0 719 0 42
439 0 791 0 42
439 1 791 0 42
439 2 791 0 42
440 0 791 0 43
440 1 791 0 43
440 2 791 0 43
441 0 791 0 45
441 1 791 0 45
441 2 791 0 45
442 0 791 0 45
442 1 791 0 46
442 2 791 0 46
443 0 790 0 45
443 1 790 0 45
443 2 790 0 45
444 0 790 0 47
444 1 790 0 47
444 2 790 0 47
445 0 788 0 45
445 1 788 0 45
445 2 788 0 46
446 0 786 0 41
446 1 786 0 41
446 2 786 0 41
447 0 786 0 42
447 1 786 0 43
447 2 786 0 43
448 0 785 0 43
448 1 785 0 43
448 2 785 0 43
449 0 785 0 43
449 1 785 0 43
449 2 785 0 43
450 0 785 0 44
450 1 785 0 45
450 2 785 0 46
451 0 785 0 47
451 1 785 0 47
451 2 785 0 47
452 0 785 0 48
452 1 785 0 48
452 2 785 0 48
453 0 784 0 47
453 1 784 0 47
453 2 784 0 47
454 0 783 0 46
454 1 783 0 47
454 2 783 0 47
455 0 781 0 44
455 1 781 0 45
455 2 781 0 46
456 0 780 0 45
456 1 780 0 45
456 2 779 0 44
457 0 779 0 46
457 1 779 0 45
457 2 779 0 45
458 0 778 0 44
458 1 778 0 44
458 2 778 0 44
459 0 777 0 43
459 1 777 0 44
459 2 777 0 44
460 0 776 0 43
460 1 776 0 43
460 2 776 0 43
461 0 776 0 44
461 1 776 0 45
461 2 776 0 45
462 0 776 0 46
462 1 776 0 46
462 2 776 0 46
463 0 774 0 44
463 1 774 0 44
463 2 773 0 43
464 0 773 0 45
464 1 773 0 45
464 2 773 0 45
465 0 772 0 44
465 1 772 0 44
465 2 772 0 44
466 0 772 0 45
466 1 772 0 45
466 2 772 0 44
467 0 771 0 42
467 1 771 0 42
467 2 771 0 42
468 0 771 0 43
468 1 771 0 43
468 2 771 0 43
469 0 771 0 43
469 1 771 0 43
469 2 771 0 44
470 0 770 0 43
470 1 770 0 44
470 2 770 0 43
471 0 765 0 41
471 1 765 0 42
471 2 765 0 42
472 0 764 0 40
472 1 764 0 41
472 2 763 0 39
473 0 762 0 38
473 1 762 0 39
473 2 762 0 40
474 0 762 0 41
474 1 762 0 42
474 2 762 0 42
475 0 761 0 41
475 1 761 0 42
475 2 761 0 42
476 0 760 0 40
476 1 760 0 41
476 2 760 0 41
477 0 759 0 38
477 1 759 0 39
477 2 759 0 39
478 0 759 0 40
478 1 759 0 41
478 2 759 0 41
479 0 757 0 39
479 1 757 0 40
479 2 757 0 41
480 0 756 0 40
480 1 756 0 41
480 2 756 0 41
481 0 756 0 42
481 1 756 0 43
481 2 756 0 43
482 0 755 0 41
482 1 755 0 42
482 2 755 0 39
483 0 755 0 40
483 1 755 0 41
483 2 755 0 41
484 0 754 0 41
484 1 754 0 42
484 2 754 0 42
485 0 753 0 39
485 1 753 0 40
485 2 753 0 40
486 0 752 0 38
486 1 752 0 39
486 2 752 0 40
487 0 751 0 38
487 1 751 0 39
487 2 751 0 39
488 0 750 0 37
488 1 750 0 38
488 2 750 0 38
489 0 750 0 39
489 1 750 0 40
489 2 750 0 40
490 0 749 0 39
490 1 749 0 40
490 2 749 0 40
491 0 749 0 37
491 1 749 0 38
491 2 749 0 38
492 0 749 0 38
492 1 749 0 39
492 2 749 0 40
493 0 749 0 40
493 1 749 0 41
493 2 749 0 41
494 0 749 0 41
494 1 749 0 42
494 2 749 0 40
495 0 749 0 42
495 1 749 0 43
495 2 749 0 43
496 0 749 0 43
496 1 749 0 44
496 2 749 0 44
497 0 748 0 43
497 1 748 0 44
497 2 748 0 43
498 0 743 0 37
498 1 743 0 38
498 2 743 0 38
499 0 743 0 39
499 1 743 0 39
499 2 743 0 39
500 0 742 0 39
500 1 742 0 39
500 2 741 0 37
501 0 740 0 37
501 1 740 0 38
501 2 740 0 38
502 0 740 0 39
502 1 740 0 39
502 2 740 0 39
503 0 740 0 41
503 1 740 0 41
503 2 740 0 42
504 0 740 0 43
504 1 740 0 44
504 2 740 0 45
505 0 739 0 44
505 1 739 0 43
505 2 739 0 44
506 0 739 0 45
506 1 739 0 45
506 2 739 0 45
507 0 737 0 43
507 1 737 0 43
507 2 737 0 43
508 0 737 0 44
508 1 737 0 44
508 2 737 0 44
509 0 733 0 41
509 1 733 0 41
509 2 733 0 42
510 0 732 0 40
510 1 732 0 41
510 2 731 0 39
511 0 731 0 40
511 1 731 0 40
511 2 731 0 40
512 0 728 0 36
512 1 728 0 36
512 2 728 0 37
513 0 728 0 39
513 1 728 0 40
513 2 728 0 40
514 0 727 0 40
514 1 727 0 40
514 2 727 0 40
515 0 724 0 39
515 1 724 0 39
515 2 724 0 39
516 0 724 0 41
516 1 724 0 41
516 2 724 0 41
517 0 724 0 43
517 1 724 0 43
517 2 724 0 43
518 0 724 0 43
518 1 724 0 43
518 2 724 0 43
519 0 723 0 43
519 1 723 0 43
519 2 723 0 44
520 0 723 0 45
520 1 723 0 46
520 2 723 0 46
521 0 723 0 47
521 1 723 0 48
521 2 723 0 48
522 0 722 0 47
522 1 722 0 48
522 2 722 0 48
523 0 719 0 44
523 0 791 0 44
523 1 791 0 44
523 2 791 0 45
524 0 791 0 45
524 1 790 0 43
524 2 790 0 43
525 0 788 0 40
525 1 788 0 41
525 2 788 0 40
526 0 788 0 41
526 1 788 0 41
526 2 788 0 41
527 0 787 0 41
527 1 787 0 41
527 2 787 0 41
528 0 785 0 39
528 1 785 0 39
528 2 785 0 39
529 0 784 0 38
529 1 784 0 38
529 2 784 0 38
530 0 783 0 37
530 1 783 0 37
530 2 782 0 36
531 0 781 0 36
531 1 781 0 36
531 2 781 0 36
532 0 780 0 35
532 1 779 0 34
532 2 779 0 34
533 0 779 0 35
533 1 779 0 34
533 2 779 0 34
534 0 778 0 33
534 1 778 0 34
534 2 778 0 34
535 0 777 0 33
535 1 777 0 34
535 2 777 0 35
536 0 777 0 37
536 1 777 0 37
536 2 777 0 37
537 0 776 0 36
537 1 776 0 36
537 2 776 0 37
538 0 774 0 36
538 1 774 0 36
538 2 774 0 36
539 0 773 0 36
539 1 773 0 36
539 2 773 0 36
540 0 773 0 37
540 1 773 0 37
540 2 773 0 38
541 0 773 0 39
541 1 773 0 39
541 2 773 0 39
542 0 773 0 41
542 1 773 0 41
542 2 773 0 41
543 0 772 0 41
543 1 772 0 41
543 2 772 0 41
544 0 772 0 42
544 1 772 0 42
544 2 772 0 43
545 0 769 0 37
545 1 769 0 37
545 2 769 0 38
546 0 769 0 39
546 1 769 0 39
546 2 769 0 40
547 0 767 0 38
547 1 767 0 38
547 2 767 0 38
548 0 764 0 35
548 1 764 0 35
548 2 763 0 34
549 0 763 0 36
549 1 763 0 36
549 2 763 0 36
550 0 763 0 37
550 1 761 0 35
550 2 761 0 35
551 0 759 0 33
551 1 759 0 33
551 2 759 0 33
552 0 759 0 34
552 1 759 0 35
552 2 758 0 34
553 0 758 0 35
553 1 757 0 34
553 2 757 0 34
554 0 757 0 35
554 1 757 0 35
554 2 757 0 35
555 0 755 0 33
555 1 755 0 33
555 2 755 0 33
556 0 755 0 34
556 1 755 0 34
556 2 755 0 34
557 0 755 0 36
557 1 755 0 36
557 2 755 0 37
558 0 755 0 39
558 1 755 0 39
558 2 755 0 39
559 0 755 0 40
559 1 755 0 40
559 2 755 0 41
560 0 755 0 42
560 1 755 0 42
560 2 755 0 42
561 0 753 0 40
561 1 753 0 40
561 2 753 0 40
562 0 752 0 39
562 1 752 0 40
562 2 751 0 38
563 0 751 0 39
563 1 751 0 40
563 2 751 0 40
564 0 751 0 41
564 1 751 0 41
564 2 751 0 42
565 0 751 0 43
565 1 751 0 43
565 2 751 0 43
566 0 749 0 41
566 1 749 0 41
566 2 749 0 41
567 0 748 0 41
567 1 747 0 39
567 2 747 0 39
568 0 747 0 40
568 1 747 0 40
568 2 747 0 41
569 0 746 0 41
569 1 746 0 41
569 2 746 0 41
570 0 746 0 42
570 1 746 0 42
570 2 746 0 42
571 0 745 0 42
571 1 745 0 42
571 2 745 0 42
572 0 744 0 40
572 1 744 0 40
572 2 744 0 40
573 0 744 0 41
573 1 744 0 41
573 2 744 0 41
574 0 743 0 40
574 1 743 0 40
574 2 743 0 40
575 0 742 0 40
575 1 742 0 41
575 2 741 0 39
576 0 740 0 38
576 1 740 0 38
576 2 740 0 38
577 0 739 0 37
577 1 739 0 37
577 2 739 0 37
578 0 738 0 37
578 1 738 0 37
578 2 738 0 37
579 0 738 0 38
579 1 738 0 38
579 2 738 0 38
580 0 737 0 37
580 1 737 0 37
580 2 737 0 37
581 0 737 0 39
581 1 737 0 39
581 2 737 0 39
582 0 737 0 40
582 1 737 0 40
582 2 737 0 40
583 0 737 0 41
583 1 736 0 39
583 2 736 0 40
584 0 736 0 41
584 1 736 0 41
584 2 736 0 41
585 0 732 0 37
585 1 732 0 38
585 2 732 0 38
586 0 730 0 37
586 1 730 0 37
586 2 730 0 37
587 0 730 0 39
587 1 730 0 40
587 2 730 0 40
588 0 729 0 40
588 1 729 0 41
588 2 729 0 40
589 0 727 0 36
589 1 727 0 36
589 2 727 0 36
590 0 727 0 37
590 1 727 0 37
590 2 727 0 37
591 0 726 0 35
591 1 726 0 35
591 2 726 0 36
592 0 726 0 37
592 1 726 0 37
592 2 726 0 38
593 0 725 0 37
593 1 725 0 37
593 2 725 0 37
594 0 725 0 39
594 1 725 0 39
594 2 725 0 39
595 0 725 0 40
595 1 725 0 40
595 2 725 0 40
596 0 723 0 39
596 1 723 0 40
596 2 722 0 38
597 0 722 0 39
597 1 722 0 40
597 2 722 0 41
598 0 721 0 41
598 1 721 0 42
598 2 721 0 41
599 0 721 0 42
599 1 721 0 42
599 2 721 0 42
600 0 719 0 39
600 0 791 0 39
600 1 791 0 39
600 2 791 0 40
601 0 791 0 38
601 1 791 0 38
601 2 791 0 38
602 0 790 0 38
602 1 790 0 38
602 2 790 0 39
603 0 789 0 38
603 1 789 0 39
603 2 788 0 37
604 0 788 0 39
604 1 788 0 39
604 2 788 0 39
605 0 787 0 38
605 1 787 0 38
605 2 787 0 38
606 0 787 0 39
606 1 787 0 40
606 2 787 0 41
607 0 787 0 42
607 1 787 0 42
607 2 787 0 42
608 0 785 0 39
608 1 785 0 39
608 2 785 0 40
609 0 785 0 41
609 1 785 0 41
609 2 785 0 41
610 0 784 0 41
610 1 784 0 41
610 2 784 0 41
611 0 783 0 41
611 1 782 0 39
611 2 782 0 40
612 0 781 0 40
612 1 781 0 40
612 2 781 0 40
613 0 781 0 41
613 1 781 0 41
613 2 781 0 42
614 0 780 0 42
614 1 780 0 42
614 2 780 0 43
615 0 778 0 40
615 1 778 0 40
615 2 778 0 41
616 0 777 0 40
616 1 777 0 40
616 2 777 0 40
617 0 777 0 41
617 1 777 0 41
617 2 777 0 41
618 0 777 0 42
618 1 777 0 42
618 2 777 0 42
619 0 777 0 44
619 1 776 0 43
619 2 776 0 41
620 0 776 0 43
620 1 776 0 43
620 2 776 0 44
621 0 775 0 43
621 1 775 0 43
621 2 775 0 43
622 0 775 0 44
622 1 775 0 44
622 2 775 0 44
623 0 773 0 42
623 1 773 0 42
623 2 773 0 42
624 0 772 0 40
624 1 772 0 41
624 2 772 0 39
625 0 771 0 39
625 1 771 0 39
625 2 771 0 39
626 0 771 0 40
626 1 771 0 40
626 2 771 0 40
627 0 770 0 40
627 1 770 0 40
627 2 770 0 40
628 0 769 0 40
628 1 769 0 40
628 2 769 0 41
629 0 769 0 42
629 1 769 0 42
629 2 769 0 42
630 0 768 0 41
630 1 768 0 42
630 2 768 0 42
631 0 768 0 44
631 1 768 0 45
631 2 767 0 43
632 0 764 0 38
632 1 764 0 38
632 2 764 0 39
633 0 762 0 36
633 1 762 0 37
633 2 762 0 37
634 0 762 0 38
634 1 762 0 39
634 2 762 0 39
635 0 761 0 38
635 1 761 0 39
635 2 761 0 39
636 0 761 0 39
636 1 761 0 40
636 2 761 0 40
637 0 759 0 37
637 1 759 0 38
637 2 759 0 38
638 0 759 0 38
638 1 759 0 39
638 2 759 0 39
639 0 757 0 39
639 1 757 0 40
639 2 757 0 41
640 0 750 0 37
640 1 750 0 37
640 2 750 0 37
641 0 750 0 38
641 1 750 0 38
641 2 750 0 38
642 0 748 0 36
642 1 748 0 37
642 2 748 0 36
643 0 747 0 36
643 1 747 0 36
643 2 747 0 37
644 0 746 0 36
644 1 746 0 37
644 2 746 0 37
645 0 746 0 39
645 1 746 0 40
645 2 746 0 39
646 0 745 0 39
646 1 745 0 39
646 2 745 0 39
647 0 745 0 40
647 1 745 0 40
647 2 745 0 40
648 0 745 0 41
648 1 745 0 42
648 2 745 0 42
649 0 743 0 42
649 1 743 0 42
649 2 743 0 42
650 0 742 0 42
650 1 742 0 42
650 2 742 0 42
651 0 742 0 43
651 1 742 0 44
651 2 742 0 44
652 0 742 0 46
652 1 742 0 46
652 2 742 0 46
653 0 742 0 47
653 1 742 0 47
653 2 742 0 47
654 0 742 0 48
654 1 742 0 48
654 2 742 0 48
655 0 742 0 49
655 1 742 0 49
655 2 742 0 50
656 0 742 0 50
656 1 742 0 51
656 2 742 0 50
657 0 741 0 49
657 1 741 0 50
657 2 741 0 50
658 0 738 0 45
658 1 738 0 46
658 2 738 0 47
659 0 737 0 45
659 1 737 0 44
659 2 737 0 44
660 0 736 0 43
660 1 736 0 43
660 2 736 0 44
661 0 734 0 41
661 1 734 0 41
661 2 734 0 42
662 0 733 0 42
662 1 733 0 43
662 2 733 0 43
663 0 732 0 42
663 1 732 0 42
663 2 732 0 42
664 0 731 0 41
664 1 731 0 41
664 2 731 0 41
665 0 731 0 43
665 1 731 0 43
665 2 731 0 44
666 0 731 0 46
666 1 731 0 46
666 2 731 0 46
667 0 730 0 45
667 1 730 0 45
667 2 730 0 45
668 0 730 0 46
668 1 730 0 47
668 2 730 0 47
669 0 729 0 46
669 1 729 0 46
669 2 729 0 47
670 0 726 0 42
670 1 726 0 42
670 2 726 0 42
671 0 726 0 43
671 1 726 0 43
671 2 726 0 43
672 0 725 0 41
672 1 725 0 41
672 2 724 0 39
673 0 724 0 40
673 1 724 0 39
673 2 724 0 39
674 0 723 0 39
674 1 723 0 39
674 2 723 0 39
675 0 722 0 39
675 1 722 0 40
675 2 722 0 41
676 0 722 0 41
676 1 722 0 41
676 2 722 0 41
677 0 721 0 40
677 1 721 0 41
677 2 721 0 42
678 0 721 0 44
678 1 721 0 44
678 2 721 0 44
679 0 721 0 45
679 1 721 0 43
679 2 721 0 43
680 0 719 0 41
680 0 791 0 41
680 1 791 0 42
680 2 791 0 41
681 0 789 0 39
681 1 789 0 39
681 2 789 0 40
682 0 788 0 38
682 1 788 0 39
682 2 788 0 39
683 0 788 0 40
683 1 788 0 40
683 2 788 0 40
684 0 786 0 37
684 1 786 0 38
684 2 786 0 38
685 0 785 0 37
685 1 785 0 38
685 2 785 0 37
686 0 781 0 33
686 1 781 0 34
686 2 781 0 34
687 0 781 0 34
687 1 781 0 34
687 2 781 0 35
688 0 781 0 36
688 1 781 0 37
688 2 781 0 37
689 0 779 0 37
689 1 779 0 38
689 2 779 0 39
690 0 779 0 40
690 1 778 0 38
690 2 778 0 38
691 0 776 0 36
691 1 776 0 36
691 2 776 0 37
692 0 775 0 37
692 1 775 0 37
692 2 775 0 37
693 0 775 0 38
693 1 775 0 38
693 2 775 0 38
694 0 774 0 37
694 1 774 0 37
694 2 774 0 37
695 0 774 0 38
695 1 774 0 38
695 2 774 0 38
696 0 774 0 40
696 1 774 0 41
696 2 774 0 42
697 0 774 0 42
697 1 774 0 42
697 2 774 0 43
698 0 774 0 41
698 1 773 0 39
698 2 773 0 40
699 0 772 0 38
699 1 772 0 38
699 2 772 0 38
700 0 772 0 39
700 1 772 0 39
700 2 772 0 39
701 0 772 0 40
701 1 772 0 40
701 2 772 0 41
702 0 772 0 42
702 1 772 0 42
702 2 772 0 43
703 0 771 0 44
703 1 771 0 44
703 2 771 0 44
704 0 769 0 41
704 1 769 0 41
704 2 769 0 41
705 0 769 0 42
705 1 769 0 42
705 2 769 0 42
706 0 769 0 43
706 1 769 0 44
706 2 769 0 44
707 0 768 0 43
707 1 768 0 43
707 2 768 0 43
708 0 768 0 44
708 1 768 0 44
708 2 768 0 44
709 0 768 0 45
709 1 768 0 45
709 2 768 0 45
710 0 764 0 43
710 1 764 0 43
710 2 764 0 43
711 0 764 0 42
711 1 764 0 42
711 2 764 0 42
712 0 763 0 42
712 1 763 0 42
712 2 763 0 43
713 0 762 0 42
713 1 762 0 43
713 2 762 0 42
714 0 761 0 42
714 1 761 0 43
714 2 761 0 43
715 0 761 0 45
715 1 761 0 45
715 2 761 0 45
716 0 760 0 44
716 1 760 0 45
716 2 760 0 45
717 0 760 0 47
717 1 760 0 47
717 2 760 0 47
718 0 759 0 46
718 1 759 0 46
718 2 759 0 46
719 0 758 0 45
719 1 758 0 45
719 2 758 0 45
720 0 758 0 47
