2 0 0 1 0
7 1 0 2 0
8 0 0 2 0
11 1 0 2 0
12 1 0 2 0
13 1 0 2 0
16 1 0 2 0
18 1 0 2 0
19 0 0 1 0
21 1 0 2 0
22 0 0 2 0
23 1 0 2 0
24 1 0 1 0
25 1 0 2 0
28 0 0 2 0
29 0 0 1 0
33 0 0 1 0
34 0 0 1 0
35 0 0 2 0
39 0 0 1 0
40 0 0 1 0
41 0 0 1 0
42 1 0 2 0
43 0 0 1 0
45 0 0 2 0
46 0 0 1 0
47 1 0 2 0
48 1 0 2 0
51 0 0 1 0
52 1 0 2 0
55 1 0 2 0
59 0 0 1 0
61 0 0 1 0
62 2 0 2 0
63 0 0 1 0
64 1 0 2 0
65 1 0 3 0
67 0 0 2 0
67 1 0 2 0
67 1 0 2 0
70 0 0 1 0
72 1 0 2 0
77 1 0 2 0
77 1 0 2 0
78 1 0 2 0
81 1 0 2 0
82 1 0 2 0
85 1 0 2 0
87 1 0 1 0
88 1 0 2 0
90 0 0 1 0
90 1 0 2 0
91 1 0 2 0
92 0 0 1 0
94 0 0 1 0
95 1 0 2 0
97 0 0 1 0
98 0 0 1 0
102 1 0 2 0
102 1 0 2 0
103 1 0 2 0
104 1 0 2 0
106 0 0 2 0
110 0 0 1 0
111 1 0 2 0
116 0 0 2 0
117 0 0 1 0
118 1 0 2 0
121 1 0 2 0
121 1 0 2 0
122 0 0 1 0
125 1 0 3 0
126 1 0 1 0
127 1 0 2 0
127 2 0 2 0
130 1 0 2 0
133 0 0 1 0
134 1 0 2 0
136 1 0 2 0
136 1 0 2 0
136 1 0 2 0
140 1 0 1 0
142 0 0 1 0
144 1 0 3 0
145 0 0 1 0
149 1 0 2 0
153 0 0 1 0
153 1 0 2 0
155 0 0 2 0
156 0 0 1 0
156 1 0 2 0
157 1 0 2 0
158 1 0 2 0
159 1 0 2 0
162 1 0 2 0
163 1 0 2 0
164 0 0 1 0
165 1 0 2 0
171 1 0 2 0
172 1 0 2 0
174 2 0 2 0
175 1 0 2 0
176 1 0 1 0
176 1 0 1 0
177 1 0 2 0
178 1 0 2 0
180 1 0 2 0
181 1 0 2 0
182 1 0 2 0
183 1 0 2 0
185 2 0 2 0
186 1 0 2 0
192 1 0 2 0
192 1 0 2 0
192 1 0 2 0
193 1 0 2 0
197 1 0 2 0
200 0 0 1 0
201 0 0 1 0
202 0 0 1 0
204 1 0 2 0
205 0 0 1 0
206 1 0 2 0
207 2 0 2 0
209 1 0 2 0
212 1 0 2 0
214 1 0 2 0
214 1 0 2 0
216 1 0 2 0
220 1 0 2 0
222 0 0 1 0
223 1 0 2 0
224 0 0 1 0
224 1 0 2 0
226 1 0 2 0
226 1 0 2 0
229 1 0 2 0
233 1 0 2 0
236 1 0 2 0
237 0 0 1 0
240 1 0 2 0
241 1 0 2 0
242 0 0 1 0
246 1 0 2 0
248 1 0 2 0
248 2 0 2 0
249 1 0 2 0
253 1 0 2 0
254 1 0 2 0
255 0 0 1 0
256 1 0 2 0
260 1 0 2 0
264 0 0 1 0
266 1 0 2 0
267 1 0 2 0
268 0 0 1 0
269 2 0 2 0
270 1 0 2 0
273 1 0 2 0
274 2 0 2 0
274 1 0 2 0
275 1 0 2 0
276 0 0 1 0
276 1 0 2 0
277 0 0 1 0
278 1 0 2 0
278 0 0 1 0
279 1 0 2 0
280 1 0 2 0
281 1 0 2 0
286 1 0 2 0
289 1 0 2 0
290 1 0 2 0
293 0 0 1 0
295 1 0 2 0
296 1 0 2 0
298 1 0 2 0
302 1 0 2 0
304 1 0 2 0
310 0 1 0 2 0
312 0 1 0 2 0
313 0 1 0 2 0
314 0 2 0 1 0
