0 0 960 0 0
1 0 960 0 65
1 0 1088 0 65
2 0 1088 0 65
3 0 1088 0 66
4 0 1088 0 67
5 0 1088 0 68
6 0 1088 0 69
7 0 1087 0 68
8 0 1087 0 67
9 0 1087 0 68
10 0 1087 0 69
11 0 1086 0 68
12 0 1085 0 67
13 0 1084 0 66
14 0 1084 0 67
15 0 1084 0 68
16 0 1083 0 67
17 0 1083 0 68
18 0 1082 0 67
19 0 1082 0 67
20 0 1082 0 68
21 0 1081 0 67
22 0 1081 0 66
23 0 1080 0 65
24 0 1079 0 65
25 0 1078 0 64
26 0 1078 0 65
27 0 1078 0 66
28 0 1078 0 65
29 0 1078 0 65
30 0 1078 0 66
31 0 1078 0 67
32 0 1078 0 68
33 0 1078 0 68
34 0 1078 0 68
35 0 1078 0 67
36 0 1078 0 68
37 0 1078 0 69
38 0 1078 0 70
39 0 1078 0 70
40 0 1078 0 70
41 0 1078 0 70
42 0 1077 0 69
43 0 1077 0 69
44 0 1077 0 70
45 0 1077 0 69
46 0 1077 0 69
47 0 1076 0 68
48 0 1075 0 67
49 0 1075 0 68
50 0 1075 0 69
51 0 1075 0 69
52 0 1074 0 68
53 0 1074 0 69
54 0 1074 0 70
55 0 1073 0 69
56 0 1073 0 70
57 0 1073 0 71
58 0 1073 0 72
59 0 1073 0 72
60 0 1073 0 73
61 0 1073 0 73
62 0 1071 0 72
63 0 1071 0 72
64 0 1070 0 71
65 0 1069 0 69
66 0 1069 0 70
67 0 1067 0 65
68 0 1067 0 66
69 0 1067 0 67
70 0 1067 0 67
71 0 1067 0 68
72 0 1066 0 67
73 0 1066 0 68
74 0 1066 0 69
75 0 1066 0 70
76 0 1066 0 71
77 0 1064 0 68
78 0 1063 0 67
79 0 1063 0 68
80 0 1063 0 69
81 0 1062 0 68
82 0 1061 0 67
83 0 1061 0 68
84 0 1061 0 69
85 0 1060 0 68
86 0 1060 0 69
87 0 1059 0 69
88 0 1058 0 68
89 0 1058 0 69
90 0 1057 0 67
91 0 1056 0 66
92 0 1056 0 66
93 0 1056 0 67
94 0 1056 0 67
95 0 1055 0 66
96 0 1055 0 67
97 0 1055 0 67
98 0 1055 0 67
99 0 1055 0 68
100 0 1055 0 69
101 0 1055 0 70
102 0 1053 0 67
103 0 1052 0 66
104 0 1051 0 65
105 0 1051 0 66
106 0 1051 0 65
107 0 1051 0 66
108 0 1051 0 67
109 0 1051 0 68
110 0 1051 0 68
111 0 1050 0 67
112 0 1050 0 68
113 0 1050 0 69
114 0 1050 0 70
115 0 1050 0 71
116 0 1050 0 70
117 0 1050 0 70
118 0 1049 0 69
119 0 1049 0 70
120 0 1049 0 71
121 0 1047 0 68
122 0 1047 0 68
123 0 1047 0 69
124 0 1047 0 70
125 0 1046 0 68
126 0 1045 0 68
127 0 1042 0 65
128 0 1042 0 66
129 0 1042 0 67
130 0 1041 0 66
131 0 1041 0 67
132 0 1041 0 68
133 0 1041 0 68
134 0 1040 0 67
135 0 1040 0 68
136 0 1037 0 63
137 0 1037 0 64
138 0 1037 0 65
139 0 1037 0 66
140 0 1036 0 66
141 0 1036 0 67
142 0 1036 0 67
143 0 1036 0 68
144 0 1035 0 66
145 0 1035 0 66
146 0 1035 0 67
147 0 1035 0 68
148 0 1035 0 69
149 0 1034 0 68
150 0 1034 0 69
151 0 1034 0 70
152 0 1034 0 71
153 0 1033 0 69
154 0 1033 0 70
155 0 1033 0 69
156 0 1032 0 67
157 0 1031 0 66
158 0 1030 0 65
159 0 1029 0 64
160 0 1029 0 65
161 0 1029 0 66
162 0 1028 0 65
163 0 1027 0 64
164 0 1027 0 64
165 0 1026 0 63
166 0 1026 0 64
167 0 1026 0 65
168 0 1026 0 66
169 0 1026 0 67
170 0 1026 0 68
171 0 1025 0 67
172 0 1024 0 66
173 0 1024 0 67
174 0 1022 0 66
174 0 1150 0 66
175 0 1149 0 65
176 0 1147 0 64
177 0 1146 0 63
178 0 1145 0 62
179 0 1145 0 63
180 0 1144 0 62
181 0 1143 0 61
182 0 1142 0 60
183 0 1141 0 59
184 0 1141 0 60
185 0 1139 0 59
186 0 1138 0 58
187 0 1138 0 59
188 0 1138 0 60
189 0 1138 0 61
190 0 1138 0 62
191 0 1138 0 63
192 0 1135 0 58
193 0 1134 0 57
194 0 1134 0 58
195 0 1134 0 59
196 0 1134 0 60
197 0 1133 0 59
198 0 1133 0 60
199 0 1133 0 61
200 0 1133 0 61
201 0 1133 0 61
202 0 1133 0 61
203 0 1133 0 62
204 0 1132 0 61
205 0 1132 0 61
206 0 1131 0 60
207 0 1129 0 59
208 0 1129 0 60
209 0 1128 0 59
210 0 1128 0 60
211 0 1128 0 61
212 0 1127 0 60
213 0 1127 0 61
214 0 1125 0 58
215 0 1125 0 59
216 0 1124 0 58
217 0 1124 0 59
218 0 1124 0 60
219 0 1124 0 61
220 0 1123 0 60
221 0 1123 0 61
222 0 1123 0 61
223 0 1122 0 60
224 0 1121 0 58
225 0 1121 0 59
226 0 1119 0 56
227 0 1119 0 57
228 0 1119 0 58
229 0 1118 0 57
230 0 1118 0 58
231 0 1118 0 59
232 0 1118 0 60
233 0 1117 0 59
234 0 1117 0 60
235 0 1117 0 61
236 0 1116 0 60
237 0 1116 0 60
238 0 1116 0 61
239 0 1116 0 62
240 0 1115 0 61
241 0 1114 0 60
242 0 1114 0 60
243 0 1114 0 61
244 0 1114 0 62
245 0 1114 0 63
246 0 1113 0 62
247 0 1113 0 63
248 0 1110 0 60
249 0 1109 0 59
250 0 1109 0 60
251 0 1109 0 61
252 0 1109 0 62
253 0 1108 0 61
254 0 1107 0 60
255 0 1107 0 60
256 0 1106 0 59
257 0 1106 0 60
258 0 1106 0 61
259 0 1106 0 62
260 0 1105 0 61
261 0 1105 0 62
262 0 1105 0 63
263 0 1105 0 64
264 0 1105 0 64
265 0 1105 0 65
266 0 1104 0 64
267 0 1103 0 63
268 0 1103 0 63
269 0 1101 0 62
270 0 1100 0 61
271 0 1100 0 62
272 0 1100 0 63
273 0 1099 0 62
274 0 1096 0 59
275 0 1095 0 58
276 0 1094 0 56
277 0 1094 0 56
278 0 1093 0 54
279 0 1092 0 53
280 0 1091 0 52
281 0 1090 0 51
282 0 1090 0 52
283 0 1090 0 53
284 0 1090 0 54
285 0 1090 0 55
286 0 1089 0 54
287 0 1089 0 55
288 0 1089 0 56
289 0 1088 0 55
290 0 1087 0 54
291 0 1087 0 55
292 0 1087 0 56
293 0 1087 0 56
294 0 1087 0 57
295 0 1086 0 56
296 0 1085 0 55
297 0 1085 0 56
298 0 1084 0 55
299 0 1084 0 56
300 0 1084 0 57
301 0 1084 0 58
302 0 1083 0 57
303 0 1083 0 58
304 0 1082 0 57
305 0 1082 0 58
306 0 1082 0 59
307 0 1082 0 60
308 0 1082 0 61
309 0 1082 0 62
310 0 1081 0 61
311 0 1081 0 62
312 0 1080 0 61
313 0 1079 0 60
314 0 1077 0 60
315 0 1077 0 61
316 0 1077 0 62
