0 2880 0 0
1 3264 0 1
2 3264 0 2
3 3264 0 3
4 3264 0 4
5 3264 0 5
6 3264 0 6
7 3264 0 7
8 3264 0 8
9 3264 0 9
10 3264 0 10
11 3264 0 11
12 3264 0 12
13 3264 0 13
14 3264 0 14
15 3264 0 15
16 3264 0 16
17 3264 0 17
18 3264 0 18
19 3264 0 19
20 3264 0 20
21 3264 0 21
22 3264 0 22
23 3264 0 23
24 3264 0 24
25 3264 0 25
26 3264 0 26
27 3264 0 27
28 3264 0 28
29 3264 0 29
30 3264 0 30
31 3264 0 31
32 3264 0 32
33 3264 0 33
34 3264 0 34
35 3264 0 35
36 3264 0 36
37 3264 0 37
38 3264 0 38
39 3264 0 39
40 3264 0 40
41 3264 0 41
42 3264 0 42
43 3264 0 43
44 3264 0 44
45 3264 0 45
46 3264 0 46
47 3264 0 47
48 3264 0 48
49 3264 0 49
50 3264 0 50
51 3264 0 51
52 3264 0 52
53 3264 0 53
54 3264 0 54
55 3264 0 55
56 3264 0 56
57 3264 0 57
58 3264 0 58
59 3264 0 59
60 3264 0 60
61 3264 0 61
62 3264 0 62
63 3264 0 63
64 3264 0 64
65 3264 0 65
66 3264 0 66
67 3264 0 65
68 3264 0 66
69 3264 0 67
70 3264 0 66
71 3264 0 67
72 3264 0 66
73 3264 0 67
74 3264 0 68
75 3264 0 69
76 3264 0 70
77 3264 0 71
78 3264 0 72
79 3264 0 73
80 3264 0 72
81 3264 0 73
82 3264 0 74
83 3264 0 75
84 3264 0 74
85 3264 0 75
86 3264 0 75
87 3264 0 76
88 3264 0 77
89 3264 0 78
90 3264 0 79
91 3264 0 78
92 3264 0 77
93 3264 0 78
94 3264 0 77
95 3264 0 76
96 3264 0 77
97 3264 0 76
98 3264 0 75
99 3264 0 76
100 3264 0 75
101 3264 0 76
102 3264 0 75
103 3264 0 76
104 3264 0 77
105 3264 0 78
106 3264 0 79
107 3264 0 78
108 3264 0 79
109 3264 0 78
110 3264 0 79
111 3264 0 80
112 3264 0 81
113 3264 0 80
114 3264 0 80
115 3264 0 81
116 3264 0 80
117 3264 0 81
118 3264 0 82
119 3264 0 81
120 3264 0 82
121 3264 0 81
122 3264 0 80
123 3264 0 81
124 3264 0 82
125 3264 0 83
126 3264 0 80
127 3264 0 79
128 3264 0 80
129 3264 0 81
130 3264 0 80
131 3264 0 79
132 3264 0 80
133 3264 0 81
134 3264 0 82
135 3264 0 81
136 3264 0 82
137 3264 0 81
138 3264 0 82
139 3264 0 83
140 3264 0 82
141 3264 0 83
142 3264 0 84
143 3264 0 85
144 3264 0 82
145 3264 0 81
146 3264 0 82
147 3264 0 83
148 3264 0 82
149 3264 0 81
150 3264 0 82
151 3264 0 83
152 3264 0 82
153 3264 0 83
154 3264 0 82
155 3264 0 83
156 3264 0 82
157 3264 0 83
158 3264 0 82
159 3264 0 83
160 3264 0 82
161 3264 0 83
162 3264 0 84
163 3264 0 83
164 3264 0 80
165 3264 0 81
166 3264 0 80
167 3264 0 81
168 3264 0 82
169 3264 0 81
170 3264 0 82
171 3264 0 83
172 3264 0 84
173 3264 0 83
174 3264 0 82
175 3264 0 83
176 3264 0 84
177 3264 0 85
178 3264 0 82
179 3264 0 81
180 3264 0 80
181 3264 0 81
182 3264 0 80
183 3264 0 81
184 3264 0 82
185 3264 0 81
186 3264 0 82
187 3264 0 81
188 3264 0 82
189 3264 0 81
190 3264 0 82
191 3264 0 81
192 3264 0 82
193 3264 0 83
194 3263 0 79
194 3551 0 79
195 3551 0 80
196 3551 0 79
197 3551 0 80
198 3551 0 81
199 3551 0 82
200 3551 0 83
201 3551 0 80
202 3551 0 79
203 3551 0 80
204 3551 0 81
205 3551 0 80
206 3551 0 81
207 3551 0 82
208 3551 0 81
209 3551 0 82
210 3551 0 81
211 3551 0 80
212 3551 0 81
213 3551 0 80
214 3551 0 81
215 3551 0 80
216 3551 0 81
217 3551 0 80
218 3551 0 79
219 3551 0 80
220 3551 0 79
221 3551 0 80
222 3551 0 79
223 3551 0 80
224 3551 0 81
225 3551 0 82
226 3551 0 81
227 3551 0 82
228 3551 0 81
229 3551 0 82
230 3551 0 83
231 3551 0 82
232 3551 0 81
233 3551 0 82
234 3551 0 83
235 3551 0 84
236 3551 0 81
237 3551 0 82
238 3551 0 81
239 3551 0 81
240 3551 0 80
241 3551 0 81
242 3551 0 82
243 3551 0 81
244 3551 0 80
245 3551 0 81
246 3551 0 80
247 3551 0 81
248 3551 0 82
249 3551 0 83
250 3551 0 81
251 3551 0 82
252 3551 0 83
253 3551 0 82
254 3551 0 83
255 3551 0 82
256 3551 0 81
257 3551 0 80
258 3551 0 81
259 3551 0 80
260 3551 0 81
261 3551 0 82
262 3551 0 83
263 3551 0 82
264 3551 0 81
265 3551 0 80
266 3551 0 81
267 3551 0 80
268 3551 0 81
269 3551 0 80
270 3551 0 81
271 3551 0 82
272 3551 0 81
273 3551 0 80
274 3551 0 81
275 3551 0 82
276 3551 0 81
277 3551 0 80
278 3551 0 81
279 3551 0 82
280 3551 0 81
281 3551 0 82
282 3551 0 81
283 3551 0 82
284 3551 0 81
285 3551 0 82
286 3551 0 83
287 3551 0 84
288 3551 0 83
289 3551 0 82
290 3551 0 81
291 3551 0 82
292 3551 0 81
293 3551 0 82
294 3551 0 83
295 3551 0 82
296 3551 0 81
297 3551 0 82
298 3551 0 83
299 3551 0 82
300 3551 0 81
301 3551 0 80
302 3551 0 81
303 3551 0 80
304 3551 0 81
305 3551 0 80
306 3551 0 81
307 3551 0 81
308 3551 0 82
309 3551 0 83
310 3551 0 84
311 3551 0 81
312 3551 0 82
313 3551 0 81
314 3551 0 82
315 3551 0 83
316 3551 0 80
317 3551 0 79
318 3551 0 80
319 3551 0 81
320 3551 0 80
321 3551 0 81
322 3551 0 80
323 3551 0 81
324 3551 0 82
325 3551 0 83
326 3551 0 82
327 3551 0 83
328 3551 0 82
329 3551 0 82
330 3551 0 82
331 3551 0 81
332 3551 0 80
333 3551 0 81
334 3551 0 82
335 3551 0 81
336 3551 0 82
337 3551 0 83
338 3551 0 82
339 3551 0 83
340 3551 0 80
341 3551 0 81
342 3551 0 82
343 3551 0 81
344 3551 0 82
345 3551 0 83
346 3551 0 82
347 3551 0 81
348 3551 0 82
349 3551 0 81
350 3551 0 82
351 3551 0 81
352 3551 0 80
353 3551 0 81
354 3551 0 82
355 3551 0 81
356 3551 0 80
357 3551 0 81
358 3551 0 82
359 3551 0 79
360 3551 0 80
361 3551 0 81
362 3551 0 80
363 3551 0 81
364 3551 0 82
365 3551 0 81
366 3551 0 82
367 3551 0 83
368 3551 0 82
369 3551 0 83
370 3551 0 84
371 3551 0 83
372 3551 0 82
373 3551 0 81
374 3551 0 82
375 3551 0 81
376 3551 0 80
377 3551 0 81
378 3551 0 82
379 3551 0 83
380 3551 0 84
381 3551 0 83
382 3551 0 80
383 3551 0 80
384 3551 0 79
385 3551 0 80
386 3551 0 81
387 3551 0 82
388 3551 0 81
389 3551 0 80
390 3551 0 81
391 3551 0 82
392 3551 0 83
393 3551 0 82
394 3551 0 83
395 3551 0 82
396 3551 0 83
397 3551 0 84
398 3551 0 83
399 3551 0 82
400 3551 0 79
401 3551 0 80
402 3551 0 81
403 3551 0 82
404 3551 0 81
405 3551 0 82
406 3551 0 83
407 3551 0 80
408 3551 0 81
409 3551 0 82
410 3551 0 83
411 3551 0 82
412 3551 0 83
413 3551 0 82
414 3551 0 83
415 3551 0 82
416 3551 0 83
417 3551 0 82
418 3551 0 83
419 3551 0 81
420 3551 0 82
421 3551 0 83
422 3551 0 84
423 3551 0 83
424 3551 0 82
425 3551 0 83
426 3551 0 84
427 3551 0 81
428 3551 0 82
429 3551 0 81
430 3551 0 82
431 3551 0 83
432 3551 0 82
433 3551 0 83
434 3551 0 84
435 3551 0 83
436 3551 0 82
437 3551 0 83
438 3551 0 82
439 3551 0 83
440 3551 0 82
441 3551 0 83
442 3551 0 82
443 3551 0 82
444 3551 0 81
445 3551 0 80
446 3551 0 81
447 3551 0 82
448 3551 0 81
449 3551 0 82
450 3551 0 81
451 3551 0 82
452 3551 0 81
453 3551 0 81
454 3551 0 80
455 3551 0 81
456 3551 0 82
457 3551 0 83
458 3551 0 82
459 3551 0 81
460 3551 0 80
461 3551 0 81
462 3551 0 80
463 3551 0 81
464 3551 0 82
465 3551 0 83
466 3551 0 82
467 3551 0 81
468 3551 0 82
469 3551 0 83
470 3551 0 82
471 3551 0 83
472 3551 0 83
473 3551 0 84
474 3551 0 84
475 3551 0 81
476 3551 0 82
477 3551 0 83
478 3551 0 82
479 3551 0 81
480 3551 0 82
481 3551 0 83
482 3551 0 81
483 3551 0 80
484 3551 0 81
485 3551 0 82
486 3551 0 81
487 3551 0 80
488 3551 0 81
489 3551 0 80
490 3551 0 79
491 3551 0 80
492 3551 0 81
493 3551 0 80
494 3551 0 81
495 3551 0 82
496 3551 0 81
497 3551 0 82
498 3551 0 81
499 3551 0 82
