1 0 0 0 0 1 0.077210078642891935563
1 2 0 0 1 0 0.002127985522145254757
1 3 0 0 1 0 0.0003605709866231618572
1 4 0 0 1 0 0.0013957774939990447507
1 5 0 0 1 0 0.00022430753811366436492
2 0 0 0 0 1 0.065711766743804037039
3 0 0 0 0 1 0.058900074189985392181
3 1 0 0 1 0 0.0021518763319149755882
3 2 0 0 1 0 0.00017777988209249166707
3 3 0 0 1 0 0.0054118655497527234574
3 4 0 0 1 0 0.0027161296072671196888
4 0 0 0 0 1 0.08320217619516438734
4 1 0 0 1 0 0.0025734768525965314584
4 2 0 0 1 0 0.0045213834980217379109
4 3 0 0 1 0 0.0021999692853416252976
4 4 0 0 1 0 0.00027352000850676573681
4 5 0 0 1 0 0.00056567944669133997989
5 0 0 0 0 1 0.086842763660342811582
5 2 0 0 1 0 0.00048769883428912048657
5 3 0 0 1 0 0.00093037191382331306793
5 4 0 0 1 0 0.0015492452690783790285
5 5 0 0 1 0 0.0040071689712591878479
6 0 0 0 0 1 0.066044216009572775938
6 1 0 0 1 0 0.0023966136093887713439
6 2 0 0 1 0 0.0020371460850236158477
6 3 0 0 1 0 0.00048288560075365841726
6 4 0 0 1 0 0.0011897108589941148438
6 5 0 0 1 0 0.0034334511241487035947
7 0 0 0 0 1 0.10150224176302895251
7 1 0 0 1 0 0.00055654792845678444611
7 2 0 0 1 0 0.0035691995064808870741
7 3 0 0 1 0 0.0039098509920322613298
7 4 0 0 1 0 0.00086914585453936677242
8 0 0 0 0 1 0.093880753410605310982
8 2 0 0 1 0 0.0013964109535617305006
8 2 0 0 1 0 0.0058957281934570969495
8 3 0 0 1 0 0.00035703548072694556853
8 4 0 0 1 0 0.00010937878138638332693
8 5 0 0 1 0 0.0031714640689632610238
9 0 0 0 0 1 0.088223779346331229756
9 2 0 0 1 0 0.00022786668940272169419
9 3 0 0 1 0 0.0053960561531465559698
9 5 0 0 1 0 0.0020269133064772628175
10 0 0 0 0 1 0.068796140233343641701
10 1 0 0 1 0 0.00018364988458364082317
10 2 0 0 1 0 0.0042351759587577718358
10 3 0 0 1 0 2.7533626886663228092e-05
10 4 0 0 1 0 0.0058679182838208754011
10 5 0 0 1 0 0.0016637152945898723167
11 0 0 0 0 1 0.060605942781641837513
11 1 0 0 1 0 0.0019036206143660820613
11 2 0 0 1 0 3.3655722302510177393e-05
11 3 0 0 1 0 0.00041199846217273146344
11 4 0 0 1 0 0.0007083579678924268588
11 5 0 0 1 0 0.0029825931229489708457
12 0 0 0 0 1 0.078516846191287473222
12 2 0 0 1 0 0.0019536864451124872841
12 3 0 0 1 0 0.00014636524424909187086
12 4 0 0 1 0 0.0067823903368988266646
13 0 0 0 0 1 0.06875354903003952356
13 1 0 0 1 0 0.0053203041171924351019
13 2 0 0 1 0 0.0016491020193079779059
13 3 0 0 1 0 0.0049960563964355289568
13 4 0 0 1 0 0.0023747717307254748338
13 5 0 0 1 0 0.0027294994754058304019
14 0 0 0 0 1 0.08329211848152118236
14 1 0 0 1 0 0.0016968854040439861758
14 2 0 0 1 0 0.0038884234254350849569
14 3 0 0 1 0 0.0015198734946571591277
14 4 0 0 1 0 0.00070753732729705940806
14 5 0 0 1 0 0.00021763023217362200443
15 0 0 0 0 1 0.07525752266076247976
15 1 0 0 1 0 0.0022448876352383589743
15 2 0 0 1 0 0.0043662468306354942568
15 3 0 0 1 0 0.0031548839451595897358
15 4 0 0 1 0 0.0033099327163106677038
15 5 0 0 1 0 0.0050217951445181829156
16 0 0 0 0 1 0.096126446522702399533
16 1 0 0 1 0 0.0033610866229941611417
16 3 0 0 1 0 0.00034230292263030169747
16 4 0 0 1 0 0.00084719091242256203654
16 5 0 0 1 0 0.000857112436271248012
17 0 0 0 0 1 0.067799942814069882879
17 1 0 0 1 0 0.00062254971379274270504
17 2 0 0 1 0 0.0018765138589336128293
17 3 0 0 1 0 0.00050514864421932596534
17 5 0 0 1 0 0.00011968628995748767276
18 0 0 0 0 1 0.06861156841562772446
18 1 0 0 1 0 0.0022495421606652877058
18 2 0 0 1 0 0.00058522743854105753903
18 3 0 0 1 0 0.0068281620173057189574
18 4 0 0 1 0 0.001923794157444828597
19 0 0 0 0 1 0.095186068610009152979
19 3 0 0 1 0 0.0021131310340615503188
19 4 0 0 1 0 0.0047709890815981039272
19 5 0 0 1 0 3.8949550723913232628e-05
20 0 0 0 0 1 0.092824496392059377414
20 1 0 0 1 0 0.00072484484700285325889
20 2 0 0 1 0 0.0063869478223726816948
20 4 0 0 1 0 0.0074703732305905568359
20 5 0 0 1 0 0.00045816148635121305274
20 5 0 0 1 0 0.011943817931383274994
21 0 0 0 0 1 0.10301704629438340755
21 1 0 0 1 0 0.00097278451242516455859
21 2 0 0 1 0 0.00015800109535055796876
21 4 0 0 1 0 7.8754575833947201065e-05
21 5 0 0 1 0 0.0015198299289275558552
22 0 0 0 0 1 0.074259484516186829994
22 1 0 0 1 0 0.0062410011550570439545
22 2 0 0 1 0 0.004213596582661603869
22 3 0 0 1 0 0.0013433164200344137156
22 4 0 0 1 0 0.001778995722651928544
22 5 0 0 1 0 0.0024412736001605188189
23 0 0 0 0 1 0.061240162056502248089
23 1 0 0 1 0 0.0010226794690072007771
23 3 0 0 1 0 0.010902904303099944169
23 3 0 0 1 0 0.0034096324173822100713
23 4 0 0 1 0 0.0024086534670439466686
24 0 0 0 0 1 0.062585481216066315979
24 2 0 0 1 0 0.0023476087961699517413
24 2 0 0 1 0 0.0079367492254500821014
24 3 0 0 1 0 0.0003708057033305635331
24 4 0 0 1 0 0.0012260173044598514629
24 5 0 0 1 0 0.00051862320035906002945
25 0 0 0 0 1 0.075441806294992405646
25 1 0 0 1 0 0.0024930293282220666179
25 2 0 0 1 0 0.0034157986603185566156
25 3 0 0 1 0 0.0019977773630127839549
25 4 0 0 1 0 4.3579283579207917269e-05
26 0 0 0 0 1 0.072929817017072975927
26 1 0 0 1 0 0.0037409753247954194086
26 3 0 0 1 0 0.002700008529774333612
26 4 0 0 1 0 0.00031273881205209935101
26 5 0 0 1 0 0.00065815734430289395563
27 0 0 0 0 1 0.097705489463149858276
27 1 0 0 1 0 0.0051918554076874545364
27 2 0 0 1 0 0.00023160311466195921976
27 3 0 0 1 0 0.0045304521627616408871
27 4 0 0 1 0 0.00028916730592384030148
27 5 0 0 1 0 0.0045246690388248923462
28 0 0 0 0 1 0.088688174013657153361
28 1 0 0 1 0 0.0010396917083097126713
28 3 0 0 1 0 0.0052900822924350447002
28 4 0 0 1 0 0.0016257411605423042686
29 0 0 0 0 1 0.086076295806872274441
29 0 0 0 1 0 0.032282108817896268405
29 1 0 0 1 0 0.00026395812111088440581
29 2 0 0 1 0 0.0024923098689622453193
29 3 0 0 1 0 0.0034554720644721032344
29 4 0 0 1 0 0.003623673156758708009
30 0 0 0 0 1 0.088950789381947462098
30 1 0 0 1 0 0.0045498005431298810253
30 2 0 0 1 0 0.0046731655680208117679
30 3 0 0 1 0 0.002262107305514710065
31 0 0 0 0 1 0.071710494831018281592
31 0 1 0 2 0 0.014423554237199653905
31 1 0 0 1 0 0.0047110149661796427156
31 2 0 0 1 0 0.0014842601226365253336
31 3 0 0 1 0 0.0040082348092115825666
31 4 0 0 1 0 0.0031333439612789646539
31 5 0 0 1 0 0.0016377776432909163951
32 0 0 0 0 1 0.062073086087057492699
32 1 0 0 1 0 0.0027111099870383106349
32 2 0 0 1 0 0.0024218891056327815879
32 4 0 0 1 0 0.011117242295747833611
33 0 0 0 0 1 0.045263847101470994216
33 0 1 0 2 0 0.033978961283019935846
33 1 0 0 1 0 0.0047927671650349395679
33 2 0 0 1 0 0.0027219792281957229732
33 4 0 0 1 0 0.0033651585669360966312
33 5 0 0 1 0 0.0027077015681372614865
34 0 0 0 0 1 0.053510063580666046568
34 0 1 0 2 0 0.0073100025738958547897
34 0 1 0 2 0 0.010803677176972878438
34 1 0 0 1 0 0.0056500197625678301103
34 2 0 0 1 0 0.0042624414792489448423
34 3 0 0 1 0 0.0029894778716930028688
34 4 0 0 1 0 0.006308991135804756234
34 5 0 0 1 0 0.00081863407768424862384
35 0 0 0 0 1 0.084907366087204866334
35 1 0 0 1 0 0.0056125651656137726109
35 2 0 0 1 0 0.0010691392271207655375
35 3 0 0 1 0 0.00096361962952904486445
35 4 0 0 1 0 0.0010501394483575737879
35 5 0 0 1 0 9.9788086845357210438e-06
36 0 0 0 0 1 0.058555657511224865064
36 2 0 0 1 0 0.0011586780957112928492
36 3 0 0 1 0 0.004467842383446902349
36 4 0 0 1 0 0.006899490443125165344
37 0 0 0 0 1 0.06948533694234119984
37 1 0 0 1 0 0.0054164530083735291932
37 2 0 0 1 0 0.0024002377698697477566
37 3 0 0 1 0 0.0023407819910681755549
37 5 0 0 1 0 0.0020189607249659173582
38 0 0 0 0 1 0.041287787507216199001
38 1 0 0 1 0 0.0024810014593021475701
38 2 0 0 1 0 0.0028532463624844437572
38 3 0 0 1 0 0.0051479311505669162613
38 4 0 0 1 0 0.0041762057420680290948
38 5 0 0 1 0 0.00080397061845007629539
39 0 0 0 0 1 0.088125590727170924343
39 1 0 0 1 0 0.0041638806089474827282
39 2 0 0 1 0 0.0043960312077735239772
39 3 0 0 1 0 0.00013021189662771516667
39 4 0 0 1 0 0.00036663612584149948403
39 5 0 0 1 0 0.0010167682203637399847
40 0 0 0 0 1 0.044913499569971357395
40 1 0 0 1 0 0.0035153144752491172556
40 2 0 0 1 0 0.00094621196190979364998
40 3 0 0 1 0 0.002199098715537683383
40 4 0 0 1 0 0.0043435570709773425532
41 0 0 0 0 1 0.060781207110821300343
41 1 0 0 1 0 0.0059405053037867956364
41 2 0 0 1 0 0.0044890110001828773673
41 3 0 0 1 0 0.0047443846117725414074
41 4 0 0 1 0 0.0058967889321366812397
41 5 0 0 1 0 0.00075434872820161441402
42 0 0 0 0 1 0.065388627645736843719
42 1 0 0 1 0 0.00093467104124556055211
42 2 0 0 1 0 0.002407817248421335616
42 3 0 0 1 0 0.0045021816677035236126
42 4 0 0 1 0 0.0050672485579635849484
42 5 0 0 1 0 0.0060844657282604535167
43 0 0 0 0 1 0.070699295763270733617
43 3 0 0 1 0 0.0062359593292606466455
43 4 0 0 1 0 0.0058221784472056370072
43 5 0 0 1 0 0.0070238028395973291576
44 0 0 0 0 1 0.083027306827447036608
44 1 0 0 1 0 0.0012766867169729427881
44 4 0 0 1 0 0.0038775901382665668021
44 4 0 0 1 0 0.013924739146881593907
44 5 0 0 1 0 0.0072203629272147261398
45 0 0 0 0 1 0.058972033145461115466
45 1 0 0 1 0 0.0038324696565641773981
45 2 0 0 1 0 0.00070052206848524901928
45 3 0 0 1 0 0.0050301114839600676379
45 4 0 0 1 0 6.2245819063389985618e-05
45 5 0 0 1 0 0.0040616241376108634664
46 0 0 0 0 1 0.063044131584210599817
46 1 0 0 1 0 0.001563513319858069817
46 2 0 0 1 0 0.001585353477721568316
46 4 0 0 1 0 0.0072826999837647000274
46 5 0 0 1 0 0.0049015634511509458687
47 0 0 0 0 1 0.07465032040725376461
47 1 0 0 1 0 0.0059884855645152652512
47 3 0 0 1 0 0.0016366740748602970693
47 4 0 0 1 0 0.0021418685190892367692
47 5 0 0 1 0 0.0041020268914880005443
48 0 0 0 1 0 0.058561414101546929722
48 0 0 0 0 1 0.08340259832839194698
48 1 0 0 1 0 0.00023901727320024896881
48 2 0 0 1 0 0.0027429923314114860143
48 3 0 0 1 0 0.0015205318262677361852
48 4 0 0 1 0 0.0013807561093218455404
48 5 0 0 1 0 0.00023852404941467487531
49 0 0 0 0 1 0.064070477549152821117
49 1 0 0 1 0 0.0052164832106906776354
49 2 0 0 1 0 0.002717712102469236387
49 3 0 0 1 0 0.001983897752315409279
49 4 0 0 1 0 0.00052119976980376204415
49 5 0 0 1 0 0.003958254085814943285
50 0 0 0 0 1 0.078166873381211740557
50 1 0 0 1 0 0.0028310827510576548269
50 2 0 0 1 0 0.0014465857920004968843
50 5 0 0 1 0 0.0011778348879951019285
51 0 0 0 0 1 0.071945132423906515973
51 1 0 0 1 0 0.0048364000652606643077
51 2 0 0 1 0 0.00087279026648234272687
51 3 0 0 1 0 5.7058813478211720875e-05
51 4 0 0 1 0 0.0026055889971538987761
51 5 0 0 1 0 0.0001542920100281176246
52 0 0 0 0 1 0.069753880571903695285
52 0 1 0 2 0 0.018622097255859865195
52 1 0 0 1 0 0.0031431452323901214359
52 3 0 0 1 0 0.0002266503781570708496
52 4 0 0 1 0 0.0039418585351292736996
52 5 0 0 1 0 0.003341331373004984874
53 0 0 0 0 1 0.064747057437420096893
53 1 0 0 1 0 0.0042193314027001880759
53 2 0 0 1 0 0.0016709632471587896642
53 3 0 0 1 0 2.4573558847594658615e-05
53 4 0 0 1 0 0.0043277072267000633171
54 0 0 0 0 1 0.062665337403402604499
54 0 1 0 2 0 0.030946454996480122351
54 1 0 0 1 0 0.00078523148717725606022
54 2 0 0 1 0 0.0027455254886451707294
54 3 0 0 1 0 0.0028253915778581511001
54 4 0 0 1 0 0.0039908377573351500045
55 0 0 0 0 1 0.042429359593520524219
55 1 0 0 1 0 0.00074318520142872693604
55 2 0 0 1 0 0.0062553979972862520584
55 3 0 0 1 0 0.0080255218302294588362
55 5 0 0 1 0 0.0034598675343850819087
56 0 0 0 0 1 0.083585386969723965422
56 1 0 0 1 0 0.0033060412344283504442
56 2 0 0 1 0 0.0017364167176859288729
56 4 0 0 1 0 0.0004628438215038980022
56 5 0 0 1 0 0.00044493282340584761666
57 0 0 0 0 1 0.057539445067016123381
57 1 0 0 1 0 0.0037516659971808998669
57 2 0 0 1 0 0.0013760099189092361155
57 4 0 0 1 0 0.0005375965878438331751
57 5 0 0 1 0 0.0040378716149398015053
58 0 0 0 0 1 0.061257789907571351395
58 2 0 0 1 0 0.0020882895040625457268
58 3 0 0 1 0 0.0041226229285302989219
58 4 0 0 1 0 0.00093305483644452009376
58 5 0 0 1 0 0.00062100607353364825625
59 0 0 0 0 1 0.070417905677536446474
59 1 0 0 1 0 0.0074914683914326322262
59 2 0 0 1 0 0.00052666722863054979929
59 3 0 0 1 0 0.0070001556841650649718
59 4 0 0 1 0 0.0036380401649800213348
59 5 0 0 1 0 0.0078123005626942370119
60 0 0 0 0 1 0.068354869127055808975
60 1 0 0 1 0 0.00018130911071347673852
60 2 0 0 1 0 0.00034359756056786454424
60 3 0 0 1 0 0.0011988136551436439411
60 4 0 0 1 0 0.0074100767986215185582
60 5 0 0 1 0 0.0050334879188545875867
61 0 0 0 0 1 0.054777971532045936776
61 1 0 0 1 0 0.00031814013819724109916
61 3 0 0 1 0 0.0051991093232370754959
61 4 0 0 1 0 0.0028503701893206430037
61 5 0 0 1 0 0.0034203877114743911139
62 0 0 0 0 1 0.057475659221466975091
62 2 0 0 1 0 3.8108911524584641818e-05
62 4 0 0 1 0 0.009116233211207353318
63 0 0 0 1 0 0.0013830387625466474162
63 0 0 0 0 1 0.081542047594264310817
63 1 0 0 1 0 0.0060752113680659939818
63 2 0 0 1 0 0.00085068317158874871657
63 3 0 0 1 0 0.00025276847822537407183
63 4 0 0 1 0 0.0042049838629686477412
63 5 0 0 1 0 0.0062714756347552287272
64 0 0 0 0 1 0.077545226293715546761
