0 0 1216 0 0
0 1 1216 0 1
0 2 1216 0 2
0 3 1216 0 3
0 4 1216 0 4
0 5 1216 0 5
1 0 1216 0 5
1 1 1216 0 6
1 2 1216 0 6
1 3 1216 0 6
1 4 1216 0 6
1 5 1216 0 6
2 0 1216 0 6
2 1 1216 0 7
2 2 1216 0 8
2 3 1216 0 9
2 4 1216 0 10
2 5 1216 0 11
3 0 1216 0 11
3 1 1216 0 11
3 2 1216 0 11
3 3 1216 0 11
3 4 1216 0 11
3 5 1216 0 12
4 0 1216 0 12
4 1 1216 0 12
4 2 1216 0 12
4 3 1216 0 12
4 4 1216 0 12
4 5 1216 0 12
5 0 1216 0 12
5 1 1216 0 13
5 2 1216 0 13
5 3 1216 0 13
5 4 1216 0 13
5 5 1216 0 13
6 0 1216 0 13
6 1 1216 0 13
6 2 1216 0 13
6 3 1216 0 13
6 4 1216 0 13
6 5 1216 0 13
7 0 1216 0 13
7 1 1216 0 13
7 2 1216 0 13
7 3 1216 0 13
7 4 1216 0 13
7 5 1216 0 14
8 0 1216 0 14
8 1 1216 0 15
8 2 1216 0 14
8 3 1216 0 14
8 4 1216 0 14
8 5 1216 0 14
9 0 1216 0 14
9 1 1216 0 15
9 2 1216 0 15
9 3 1216 0 15
9 4 1216 0 16
9 5 1216 0 16
10 0 1216 0 16
10 1 1216 0 16
10 2 1216 0 16
10 3 1216 0 16
10 4 1216 0 16
10 5 1216 0 16
11 0 1216 0 16
11 1 1216 0 16
11 2 1216 0 16
11 3 1216 0 16
11 4 1216 0 16
11 5 1216 0 16
12 0 1216 0 16
12 1 1216 0 17
12 2 1216 0 17
12 3 1216 0 17
12 4 1216 0 17
12 5 1216 0 18
13 0 1216 0 18
13 1 1216 0 18
13 2 1216 0 18
13 3 1216 0 18
13 4 1216 0 18
13 5 1216 0 18
14 0 1216 0 18
14 1 1216 0 18
14 2 1216 0 18
14 3 1216 0 18
14 4 1216 0 18
14 5 1216 0 18
15 0 1216 0 18
15 1 1216 0 18
15 2 1216 0 18
15 3 1216 0 18
15 4 1216 0 18
15 5 1216 0 18
16 0 1216 0 18
16 1 1216 0 18
16 2 1216 0 19
16 3 1216 0 19
16 4 1216 0 19
16 5 1216 0 19
17 0 1216 0 19
17 1 1216 0 19
17 2 1216 0 19
17 3 1216 0 19
17 4 1216 0 20
17 5 1216 0 20
18 0 1216 0 20
18 1 1216 0 20
18 2 1216 0 20
18 3 1216 0 20
18 4 1216 0 20
18 5 1216 0 21
19 0 1216 0 21
19 1 1216 0 22
19 2 1216 0 23
19 3 1216 0 23
19 4 1216 0 23
19 5 1216 0 23
20 0 1216 0 23
20 1 1216 0 23
20 2 1216 0 23
20 3 1216 0 24
20 4 1216 0 24
20 5 1216 0 23
21 0 1216 0 23
21 1 1216 0 23
21 2 1216 0 23
21 3 1216 0 24
21 4 1216 0 24
21 5 1216 0 24
22 0 1216 0 24
22 1 1216 0 24
22 2 1216 0 24
22 3 1216 0 24
22 4 1216 0 24
22 5 1216 0 24
23 0 1216 0 24
23 1 1216 0 24
23 2 1216 0 25
23 3 1216 0 24
23 4 1216 0 24
23 5 1216 0 25
24 0 1216 0 25
24 1 1216 0 26
24 2 1216 0 25
24 3 1216 0 25
24 4 1216 0 25
24 5 1216 0 25
25 0 1216 0 25
25 1 1216 0 25
25 2 1216 0 25
25 3 1216 0 25
25 4 1216 0 25
25 5 1216 0 26
26 0 1216 0 26
26 1 1216 0 26
26 2 1216 0 27
26 3 1216 0 27
26 4 1216 0 27
26 5 1216 0 27
27 0 1216 0 27
27 1 1216 0 27
27 2 1216 0 27
27 3 1216 0 27
27 4 1216 0 27
27 5 1216 0 27
28 0 1216 0 27
28 1 1216 0 27
28 2 1216 0 28
28 3 1216 0 28
28 4 1216 0 28
28 5 1216 0 29
29 0 1216 0 28
29 1 1216 0 28
29 2 1216 0 28
29 3 1216 0 28
29 4 1216 0 28
29 5 1216 0 29
30 0 1216 0 29
30 1 1216 0 29
30 2 1216 0 29
30 3 1216 0 29
30 4 1216 0 30
30 5 1216 0 31
31 0 1215 0 29
31 0 1343 0 29
31 1 1343 0 29
31 2 1343 0 29
31 3 1343 0 29
31 4 1343 0 29
31 5 1343 0 29
32 0 1343 0 29
32 1 1343 0 29
32 2 1343 0 29
32 3 1343 0 30
32 4 1343 0 30
32 5 1343 0 31
33 0 1342 0 29
33 1 1342 0 29
33 2 1342 0 29
33 3 1342 0 30
33 4 1342 0 30
33 5 1342 0 30
34 0 1340 0 26
34 1 1340 0 26
34 2 1340 0 26
34 3 1340 0 26
34 4 1340 0 26
34 5 1340 0 26
35 0 1340 0 26
35 1 1340 0 26
35 2 1340 0 26
35 3 1340 0 26
35 4 1340 0 26
35 5 1340 0 26
36 0 1340 0 26
36 1 1340 0 27
36 2 1340 0 27
36 3 1340 0 27
36 4 1340 0 27
36 5 1340 0 28
37 0 1340 0 28
37 1 1340 0 28
37 2 1340 0 28
37 3 1340 0 28
37 4 1340 0 29
37 5 1340 0 29
38 0 1340 0 29
38 1 1340 0 29
38 2 1340 0 29
38 3 1340 0 29
38 4 1340 0 29
38 5 1340 0 29
39 0 1340 0 29
39 1 1340 0 29
39 2 1340 0 29
39 3 1340 0 29
39 4 1340 0 29
39 5 1340 0 29
40 0 1340 0 29
40 1 1340 0 29
40 2 1340 0 29
40 3 1340 0 29
40 4 1340 0 29
40 5 1340 0 30
41 0 1340 0 30
41 1 1340 0 30
41 2 1340 0 30
41 3 1340 0 30
41 4 1340 0 30
41 5 1340 0 30
42 0 1340 0 30
42 1 1340 0 30
42 2 1340 0 30
42 3 1340 0 30
42 4 1340 0 30
42 5 1340 0 30
43 0 1340 0 30
43 1 1340 0 31
43 2 1340 0 32
43 3 1340 0 32
43 4 1340 0 32
43 5 1340 0 32
44 0 1340 0 32
44 1 1340 0 32
44 2 1340 0 33
44 3 1340 0 34
44 4 1340 0 33
44 5 1340 0 33
45 0 1340 0 33
45 1 1340 0 33
45 2 1340 0 33
45 3 1340 0 33
45 4 1340 0 33
45 5 1340 0 33
46 0 1340 0 33
46 1 1340 0 33
46 2 1340 0 33
46 3 1340 0 34
46 4 1340 0 34
46 5 1340 0 34
47 0 1340 0 34
47 1 1340 0 34
47 2 1340 0 35
47 3 1340 0 35
47 4 1340 0 35
47 5 1340 0 35
48 0 1340 0 34
48 1 1340 0 34
48 2 1340 0 34
48 3 1340 0 34
48 4 1340 0 34
48 5 1340 0 34
49 0 1340 0 34
49 1 1340 0 34
49 2 1340 0 34
49 3 1340 0 34
49 4 1340 0 34
49 5 1340 0 34
50 0 1340 0 34
50 1 1340 0 34
50 2 1340 0 34
50 3 1340 0 35
50 4 1340 0 36
50 5 1340 0 36
51 0 1340 0 36
51 1 1340 0 36
51 2 1340 0 36
51 3 1340 0 36
51 4 1340 0 36
51 5 1340 0 36
52 0 1339 0 34
52 1 1339 0 34
52 2 1339 0 35
52 3 1339 0 35
52 4 1339 0 35
52 5 1339 0 35
53 0 1339 0 35
53 1 1339 0 35
53 2 1339 0 35
53 3 1339 0 35
53 4 1339 0 35
53 5 1339 0 36
54 0 1338 0 34
54 1 1338 0 34
54 2 1338 0 34
54 3 1338 0 34
54 4 1338 0 34
54 5 1338 0 35
55 0 1338 0 35
55 1 1338 0 35
55 2 1338 0 35
55 3 1338 0 35
55 4 1338 0 36
55 5 1338 0 36
56 0 1338 0 36
56 1 1338 0 36
56 2 1338 0 36
56 3 1338 0 37
56 4 1338 0 37
56 5 1338 0 37
57 0 1338 0 37
57 1 1338 0 37
57 2 1338 0 37
57 3 1338 0 38
57 4 1338 0 38
57 5 1338 0 38
58 0 1338 0 38
58 1 1338 0 39
58 2 1338 0 39
58 3 1338 0 39
58 4 1338 0 39
58 5 1338 0 39
59 0 1338 0 39
59 1 1338 0 39
59 2 1338 0 39
59 3 1338 0 39
59 4 1338 0 39
59 5 1338 0 39
60 0 1338 0 39
60 1 1338 0 39
60 2 1338 0 39
60 3 1338 0 39
60 4 1338 0 39
60 5 1338 0 39
61 0 1338 0 39
61 1 1338 0 39
61 2 1338 0 40
61 3 1338 0 40
61 4 1338 0 40
61 5 1338 0 40
62 0 1338 0 40
62 1 1338 0 41
62 2 1338 0 41
62 3 1338 0 42
62 4 1338 0 42
62 5 1338 0 43
63 0 1338 0 42
63 1 1338 0 42
63 2 1338 0 42
63 3 1338 0 42
63 4 1338 0 42
63 5 1338 0 42
64 0 1338 0 42
