0 1 0.15065117959711499251 68.962664143253704196 129.49696540832499636
0 2 0.061604776172143903279 10.888330188699800516 64.62872743606570225
0 3 0.010429007400509199277 57.075261198485002012 282.55100011825601314
0 4 0.26193530995688502072 28.705082783550899705 9.4919729232787908302
0 5 0.076583096361579006128 38.300580372768202153 304.93648052215502275
1 1 0.26725397183971399961 34.872649613391097034 301.80576324462901994
1 2 0.15136365515370800439 74.064665246012097555 341.73917770385799031
1 3 0.059692786225701899294 43.84181720061219778 3.778653144836409794
1 4 0.029806465343568299547 75.747300116695001293 280.86655139923101387
1 5 0.35341384938840297858 65.437522968204604012 5.9739446640014701728
2 1 0.33092907980149299796 7.0155041687912298443 256.90502643585199394
2 2 0.039808073606934897548 43.352295524458597242 72.730221748352093414
2 3 0.30364273340782299559 53.155977811090899365 86.042990684509504717
2 4 0.41478490183809402225 23.550533917599299372 313.03170919418300855
2 5 0.24378076038620200006 18.924840734337198711 278.92615556716901892
3 1 0.20952557401548499438 67.064309847521997199 93.419151306152400593
3 2 0.23330881950321499807 63.226122135381601197 174.91714954376200808
3 3 0.093476535957094195051 43.673711419870997474 205.01679182052600936
3 4 0.29371360547413599695 73.804806318480302707 63.144843578338800683
3 5 0.13021992101810900277 25.576262194403899031 156.6682577133180132
4 1 0.027214021967396199303 15.94012038467909953 72.531094551086596312
4 2 0.10957515582109400576 36.459314558950900675 43.471784591674897058
4 3 0.067308700113504593698 45.764819319962100508 36.691825389861897122
4 4 0.21970157946072599309 67.80833692654209699 81.702382564544492993
4 5 0.018907954142976499817 40.08363004138620056 230.94396829605099697
5 1 0.41693177825335897557 23.393774766934299691 318.77163648605301205
5 2 0.067893631791276304321 82.386243291027994928 321.05192184448202397
5 3 0.30355929412626597719 60.870524963466799306 119.74067687988299724
5 4 0.092842377633368194934 35.700625579897902639 180.23532629013101314
5 5 0.0728949277566624948 16.630242105936201114 76.251747608184999194
6 1 0.01424816450478600012 16.84740242070209959 272.97298192977899589
6 2 0.05129121206945769923 15.572939581884400084 228.6493062973019903
6 3 0.029154853567542299286 67.099791548589095669 161.32963657379198708
6 4 0.048734989418317400944 42.311624268967300111 122.48483419418299434
6 5 0.20044058942001100054 50.636354428962796703 103.1473517417900041
7 1 0.12715253162224698924 30.075081045973501404 47.559471130371200331
7 2 0.068894135908879203245 41.164334150944100088 69.956967830658200569
7 3 0.083773728947191594685 35.166220043288099362 316.27134561538701973
7 4 0.045348355624958300303 39.366563687911700242 302.43642568588302311
7 5 0.79253386458973196227 39.151228061178699136 198.66107225418099347
8 1 0.09113118637541149647 15.323447752074100592 333.08383941650401994
8 2 0.14105169770852998834 7.919762550466219686 337.43440389633201448
8 3 0.14688405380113300769 80.523570206382899528 145.36499977111799353
8 4 0.25590408015845400591 44.291531302668403214 47.642490863800198042
8 5 0.12537414917052100427 76.316481737947995612 70.533406734466993271
9 1 0.31173076379875702679 35.519489651941299257 125.41451454162600498
9 2 0.083219181209285994494 44.348278853265398425 76.323673725128003298
9 3 0.14570791927216100725 51.61412333965269994 296.34781122207698445
9 4 0.3673171116628989874 31.396556938501198886 90.557963848113800509
9 5 0.18090582519014100638 46.127237917165402337 222.5339341163630138
10 1 0.01059598901111639957 73.399196617784596697 195.27689695358299105
10 2 0.087751487528271998606 18.861339614912999707 249.57021474838299469
10 3 0.012909963436403900858 61.605341793098702396 186.5570783615110031
10 4 0.11839435507206699794 25.433714443224001656 353.37292671203601913
10 5 0.036712107625661398458 45.048033327843796769 106.76166057586699765
11 1 0.25959271959688701159 61.352267528473497293 356.96534872055002552
11 2 0.3586562034885439898 85.018516838405204794 79.040751457214597053
11 3 0.079830736671760105239 28.884803325285698605 244.98852968215999226
11 4 0.1568508291871270055 75.860020648180395142 12.638955116271899826
11 5 0.033705293091879501288 54.88247919204030012 301.12321615219099158
12 1 0.19038733129501600461 18.368236049493301465 97.146177291870003501
12 2 0.07443468455009970286 47.226406228941200993 248.20445537567098881
12 3 0.035594333218819503017 20.416211326631700018 6.9217729568481702884
12 4 0.1188432534292089976 25.156740868996500637 316.05110406875598983
12 5 0.33005679237797297398 46.66561243073680032 181.2363910675049965
13 1 0.24225782337538401268 60.410792171944102336 135.55869340896600761
13 2 0.074284311413172196548 53.815187044599497312 201.28603219985899386
13 3 0.19743213586594199338 52.392810880079501601 195.06605386734000263
13 4 0.3075625881736400169 60.032780585229296832 159.87600803375300984
13 5 0.10183034301273199973 19.345229832062798891 1.7677259445190400822
14 1 0.043429877993249196844 45.76921270619109805 115.56625843048099966
14 2 0.29423455402384002255 62.197906888718996754 8.6398029327392400489
14 3 0.085863960618138598924 37.437018313644699674 94.519929885864300445
14 4 0.18299800625309600721 40.534336212052799908 0.79075813293457297704
14 5 0.1357003677195680047 48.542307253202203299 54.741654396057199961
15 1 0.093194599866985194936 52.691392011073901358 183.26984882354798856
15 2 0.11814174650971299985 19.255496525063598767 127.78816223144499986
15 3 0.091841075612910799686 4.6988943223501902224 64.105525016784895342
15 4 0.51668540440568100358 72.337136299313002041 231.31971359252901266
15 5 0.097136261645783095187 48.228269703873699825 219.63768482208200794
16 1 0.061484607188163196978 45.696355130859203086 212.0614099502560066
16 2 0.19856927526959100572 11.243458971335199337 206.07742309570301131
16 3 0.15460668230928101274 33.491964613569599862 159.20833110809300592
16 4 0.10075647927610499599 71.869106035957003087 208.89181137084901252
16 5 0.09204884447058760133 22.267926707804800657 277.08341360092197192
17 1 0.014218882937278099279 43.493888205281599824 6.924026012420640086
17 2 0.21995052809571299934 39.021071241687302233 140.96873044967600208
17 3 0.0099770516083899207088 43.196328529864402412 165.54456710815401266
17 4 0.25140418163385497285 37.800320772229397903 19.187471866607701543
17 5 0.034390496488396898878 40.528013230325598215 242.19871044159000917
18 1 0.075848541713584197166 58.942450612117198716 59.33415412902819952
18 2 0.027281812974672400851 35.14865052725470207 110.90127468109099595
18 3 0.35834868625168597722 64.163600047294806927 96.50890588760400135
18 4 0.029745234010129798646 45.902482141083801537 295.67354679107700122
18 5 0.30338955586747201609 37.277855464213999426 284.28546667098999023
19 1 0.26161665942264700213 16.181060764293199838 246.49751901626601125
19 2 0.26320239786953997241 25.960019430165900189 177.29740619659401091
19 3 0.34402535370882197929 53.199530788979700446 303.25767517089798275
19 4 0.14408788634196501022 43.568438671937499862 249.00089979171698928
19 5 0.064719970175516297606 78.976349566729993512 297.75210857391397212
20 1 0.028932525318426698807 60.419446342622499913 254.221916198730014
20 2 0.13372907997827698789 32.595459407461703449 353.94709110259998397
20 3 0.54696435304447299508 53.275222781156898577 236.48835182190001092
20 4 0.36756525532828998593 46.947006197176499143 271.98180913925102686
20 5 0.010153200212365999164 38.681469980613499615 125.63263177871699838
21 1 0.18922987375821301304 59.892626411010397192 274.76834535598698039
21 2 0.03943963668438479897 32.540426132181600849 34.135615825653097488
21 3 0.66321973581568505196 18.575359827838301641 158.42175722122200909
21 4 0.045091320895214698217 85.392867536926800653 153.600518703461006
21 5 0.37391931500428798874 47.706254392820497401 341.91837072372402417
22 1 0.27748087711317398485 59.046616339634198312 113.22629928588899872
22 2 0.23543227303969799236 50.168690203970001562 20.312068462371801303
22 3 0.16769657102305798868 26.427939529709799871 154.47835206985499212
22 4 0.035753115729073400852 50.945686027760999082 195.57485818862900828
22 5 0.078483928655580306732 66.507388591463993066 54.057111740112198106
23 1 0.11366404009977700007 44.50402494278019816 56.060185432434103348
23 2 0.29781744500871798476 39.047867808538399004 196.31559848785400391
23 3 0.21232197030333899157 45.3567636622360979 328.97819280624401017
23 4 0.083578257462368202302 26.771236906178600634 177.94319629669200822
23 5 0.45119634373621797518 41.237003481694699758 50.940620899200396821
24 1 0.2725084279599629955 40.177515049108798451 204.70771551132199306
24 2 0.24689615755143601294 47.344777775458901203 171.9191265106200035
24 3 0.076683095286448302308 13.460955123201099326 73.740406036376995758
24 4 0.084983709875135399203 50.13549630037140048 244.95020627975500815
24 5 0.27975864605652800421 75.744373627496102586 50.544297695159997375
25 1 0.15470630879167998617 54.307294785405098025 28.142380714416500354
25 2 0.062771250542288797858 33.800395264350200364 25.929172039032000185
25 3 0.15453204516396099044 57.828434683240899972 90.370423793792795664
25 4 0.11929925102640899504 63.091196518163599194 257.05671072006197164
25 5 0.49056431051445398284 13.041732718004100278 73.145127296447697063
26 1 0.080066098345012701176 20.281360099379501349 321.73421144485502055
26 2 0.46607272084614898011 39.095196562396303364 65.915265083312604588
26 3 0.2059080104421200097 41.706946823531097834 124.02266263961800519
26 4 0.015239838718343700838 66.486345063439003411 302.68640756607101139
26 5 0.28043571512189502393 30.750896859208200596 355.83648204803500903
27 1 0.10686471385328000228 33.939398043482398748 58.616716861724498244
27 2 0.089675029760602098516 55.020656581372101357 143.38613033294700472
27 3 0.14727942796154799843 18.225062591650999622 150.08206129074099522
27 4 0.082740890145069606598 59.583237003721301051 133.59718322753900566
27 5 0.44615126103085700482 63.463087618525896971 334.42084550857498471
28 1 0.078278279972041994728 54.698271048031799069 227.67568588256798989
28 2 0.41831728508710397385 31.713532164282099757 206.72252655029299717
28 3 0.13345354965838698846 58.304023963182302737 350.8230471611020107
28 4 0.34318812386191199781 79.349638188001407002 327.59661912918102189
28 5 0.34802082049091498384 38.569928915970002947 48.43545913696289773
29 1 0.020550893795656499652 6.8360672236255402012 320.97782850265497245
29 2 0.18880810811063900023 52.964352208844303505 83.141269683838103788
29 3 0.044298254904061896975 41.903157808703497267 142.57153272628801233
29 4 0.10324351019583899447 56.363885132770100483 293.89931917190597233
29 5 0.25302610309259199184 9.4265685328585799851 122.73561000824000189
30 1 0.18678853798880701298 51.713722876827397101 95.867879390716595367
30 2 0.21968670907425899563 53.220860590569699866 172.48387098312400667
30 3 0.36356564482932601789 45.175564281358902008 86.792507171630902008
30 4 0.46262314886792599289 37.250067263013598051 281.10108375549299353
30 5 0.65384836243139499157 23.715706069268801315 134.34665679931700311
31 1 0.1923876544111889908 56.794275532538001983 187.5281453132629963
31 2 0.033722953679374396974 57.951769245803902209 319.83544349670398788
31 3 0.082401366778463200347 24.973465323251300418 41.231324672699102507
31 4 0.11834659205183299668 6.1863698607176003108 294.54701900482200472
31 5 0.028601766196670899006 59.596637762858001963 45.519404411315896652
32 1 0.12555861401171899971 33.259315308896901797 178.81976366043099347
32 2 0.057137013578250100965 53.299605421743699196 298.83904695510898364
32 3 0.40190021519022500751 51.341309255139897516 180.51395416259799731
32 4 0.29831437344280598012 16.106944277487698969 212.38863945007298639
32 5 0.34304736709674499284 19.530579742983899649 37.183935642242403219
33 1 0.17655127645997500951 50.947385663350502227 18.868095874786398269
33 2 0.15356599801763298752 59.428836241532998486 0.22378206253051799446
33 3 0.47379559462897902211 46.899449742123401563 158.72274398803699569
33 4 0.14464420653847401277 64.044618776139003558 256.7239665985110264
33 5 0.17900334607914200613 22.430061072309101178 262.5872540473940262
34 1 0.13476790752981798738 26.139029228356900347 120.23587703704799878
34 2 0.11402331940056599502 52.356592211533502734 132.4434685707099959
34 3 0.031397257935985196931 56.648218318123198856 279.23750638961797677
34 4 0.29633009183496900052 54.932657016833800867 274.35161590576200297
34 5 0.0081053183235350791808 40.287501436001896593 304.72181797027599259
35 1 0.21974886216369998726 51.297896405782999807 169.31120395660400391
35 2 0.14599430871731200465 4.0030328818810403391 35.954582691192598531
35 3 0.10560774500519799768 68.031459078764299875 144.17791843414300956
35 4 0.035235297241411903113 28.69476596271899993 310.93091726303100586
35 5 0.03294410367956029928 74.690882050411701698 57.013592720031702754
36 1 0.36958995813205197667 28.698199761801198804 196.48489952087399502
36 2 0.17962060330783299889 60.392009714814101073 21.627016067504900576
36 3 0.47063483935824201865 58.130321826242600025 220.22629022598201232
36 4 0.37717636749684702036 58.140650392244097588 172.71930456161499023
36 5 0.24235132941832299158 33.051482768231700504 50.535392761230497172
37 1 0.045905341827748601113 5.9416023473710604108 259.22715425491298902
37 2 0.066468672757602695333 46.937480104213200605 202.16998100280798667
37 3 0.068413786610051999237 74.923809573993494837 145.08098602294899138
37 4 0.2045912525828849915 18.057159410647500408 53.100872039795000035
37 5 0.016712267526426499015 51.475320014859200057 344.27965879440301933
38 1 0.071498797777376693618 62.938973275402396723 215.22092342376700458
38 2 0.061840944577742897048 60.109689197535502103 329.30361986160301058
38 3 0.308424324217672019 57.520747374117803474 275.72082996368402519
38 4 0.34440095513564700225 56.338430803590199503 309.33461666107200472
38 5 0.049872380686853998166 52.792710427191899214 323.70308160781797824
39 1 0.35889399273704397642 63.992504227796700889 298.42890501022299077
39 2 0.31223149313243997449 50.653258387109403316 321.93263053894099812
39 3 0.29074179629570701122 49.518134958848797567 199.22927141189600775
39 4 0.10098364314909299977 40.169907802449600354 281.29935264587402344
39 5 0.19556656948488299053 70.593931019049506403 270.99926233291597555
40 1 0.25294309821659100024 44.531486195008397999 31.213574409484898808
40 2 0.26467736803598601592 66.651917794161704478 237.37905979156499825
40 3 0.088927190561642693867 28.160061603373698347 317.17216014862100337
40 4 0.074576786756412299928 23.970273486871398916 225.39952039718599508
40 5 0.82981087389966801116 57.489333580040998584 44.914834499359002962
41 1 0.27050822400124002742 47.779539900794603113 276.42127275466901892
41 2 0.073022155250508202773 45.406532843156099943 60.948522090911801286
41 3 0.15104271611265199238 56.774006674925502125 257.3362398147589829
41 4 0.51256321114683600637 66.20982242275189833 81.565546989440804282
41 5 0.18014475547164698899 77.801386909058905417 343.0688881874090157
42 1 0.15132318558659599295 38.091140179473100602 185.152587890625
42 2 0.26423041053433599101 51.836891624683701707 102.94541358947799381
42 3 0.1079939654532589971 10.435641689445999347 51.727945804595997004
42 4 0.043243087450149701734 11.591883624204900372 264.36038732528697892
42 5 0.071648349208572201241 29.52505984315790144 89.278700351715201577
43 1 0.24600257358962898668 32.016057781802800264 94.126374721527199085
43 2 0.34766951337921098153 11.641144171578400091 108.77919673919700472
43 3 0.34273430641015101283 50.05131566613370353 199.68971014022798727
43 4 0.11525510692888900344 45.495380741802996738 102.52982139587399502
43 5 0.10634221891874999499 31.930188332130001072 16.915125846862800074
44 1 0.11809101562674199914 39.191381101383299779 81.724612712859894259
44 2 0.22040530793851101365 12.491914753328300591 97.689571380615305429
44 3 0.25142316536256598125 20.659194838718700993 309.64255571365299602
44 4 0.072877089344298900953 26.103228493557299572 292.15616226196300431
44 5 0.36874523936866598905 60.632724320655398742 43.229162693023603481
45 1 0.040053707248539599517 42.566024037817598469 122.27776765823399785
45 2 0.096913831632925898085 67.610234234243904439 299.0549540519709808
45 3 0.037432134658087500012 40.319046183738798561 13.99793386459350053
45 4 0.0520062831463806996 24.309859855053698396 32.645530700683600855
45 5 0.40138535031681099596 46.329215043657498541 152.53102540969800316
46 1 0.058851948344708797378 62.992136228474301163 113.28631639480599347
46 2 0.054703503894931199136 17.012492566413801143 221.50797843933099784
46 3 0.35809523472269999544 5.1696529432000302151 118.65592718124399596
46 4 0.20925300143762701199 50.320574004805102675 210.99404096603399239
46 5 0.073608795786271899453 41.701896670563399994 205.10051965713500977
47 1 0.12265603487592499632 33.884791484311200804 227.77074337005601024
47 2 0.39903246421013299772 22.441392788869301 4.1000890731811603374
47 3 0.018980954346890299006 17.525469440585698777 353.09479236602800256
47 4 0.10406057083775699379 63.428440207105296622 31.954700946807900408
47 5 0.1525041035951290036 22.71810385597349935 336.66132688522299077
48 1 0.13600454698059899483 44.651084820421800714 220.25023698806799644
48 2 0.048639094960266603118 29.826963982355898963 197.59544134140000438
48 3 0.16093931624967600102 52.405523471911401145 185.85783720016499387
48 4 0.079340151956146201528 73.201272649456100794 171.22975587844800316
48 5 0.053068594167065399891 82.839056119782100041 345.9348821640010101
49 1 0.034882011493335099428 22.852791572913901064 333.15473556518600162
49 2 0.1071114971282639966 23.846034209590499131 341.88084125518798828
49 3 0.18587966405590400365 55.17684733980910039 110.77445983886700276
49 4 0.02782747607089600117 59.734953646852900988 124.39774274826099543
49 5 0.13290975960061299221 21.030006185555500053 146.66499137878400916
50 1 0.097536476539324706847 64.085598551783405696 79.001891613006606008
50 2 0.023941435702525399459 28.980166648583900013 334.79693412780699191
50 3 0.27473191253104400911 28.976798489990400753 77.135438919067297547
50 4 0.44125322660807597686 38.389307612003101156 38.499655723571898136
50 5 0.14451140929016900727 78.620263487004606873 271.82821512222301408
51 1 0.25327032859378501017 43.495464739830801193 261.3677716255190262
51 2 0.15365241656705200257 43.189662669510198612 118.66363048553499482
51 3 0.027628334430281800693 53.100252412254697276 188.02349567413298814
51 4 0.079457938998504895611 54.105701059814101939 134.44905281066900216
51 5 0.28723975226586601073 69.478724850155302306 28.249132633209200094
52 1 0.33070255122972802564 44.511160129357598692 97.430770397186094556
52 2 0.23864829967622699924 43.065884612469901072 141.53847455978399239
52 3 0.0075850779420761097957 81.768189481080099767 269.1937923431399895
52 4 0.23079789817379600669 27.206725474142899657 186.82186603546199422
52 5 0.38203963031238702408 68.211274049901106764 72.941386699676797889
53 1 0.17975460119600300546 5.8111440722392000424 55.841789245605497172
53 2 0.22825996524062999726 84.986267767156206787 334.26300287246698417
53 3 0.053230310328561097899 65.876335426342393475 132.96308755874599683
53 4 0.21683952133359199466 26.880999536937398631 308.3701801300049965
53 5 0.2941386516957750219 28.219749044664300897 357.99248456955001529
54 1 0.0011872337050439299173 11.475392027048000543 181.04322910308800942
54 2 0.028314119627912599092 61.982541407390996824 29.357829093933098363
54 3 0.21135766930971999766 44.744236753803697582 207.60420083999599683
54 4 0.054494749019059200712 55.594517577787499363 324.14356470107998121
54 5 0.59372534979319202542 26.22467152851690031 341.72194719314597933
55 1 0.22429586016689301298 29.130053294588300616 301.53312206268299178
55 2 0.17268514820520400321 22.101107336309901541 259.97735738754300883
55 3 0.26423864001277497238 46.382434004110699277 92.832369804382594225
55 4 0.28319372268770298673 36.342782395918199256 38.625955581665103011
55 5 0.11364307960905199735 10.608353616773200656 154.69702720642101212
56 1 0.10388783363969600337 10.214981380238800313 260.49676179885898364
56 2 0.019085520734804500148 48.033179384349999452 153.50711345672598895
56 3 0.38200917037508702601 45.092750715871503076 296.58026218414300956
56 4 0.41561998540548700243 65.534725310095097939 357.28925228118902169
56 5 0.049393522224475502891 77.536471970853398261 335.17107009887700997
57 1 0.067950093361880098408 36.177183560388399997 265.66806077957198795
57 2 0.013937509770299300743 47.387218385693500977 137.1186017990110031
57 3 0.46759555464247098966 7.8282468844567398847 34.095983505249002121
57 4 0.028155567780213199003 75.687177846788600277 347.15966463089000626
57 5 0.18205500714258099348 39.018275045926600342 6.8690729141235102873
58 1 0.31984792802146400081 25.251242965536000895 274.9087643623349777
58 2 0.20436272346199699235 28.433764876449899361 171.32959842681898976
58 3 0.27606479687513002519 43.026146377277100896 145.40199279785099407
58 4 0.068349751720196805227 44.335830965728597164 183.65645170211800519
58 5 0.010244960710326499881 38.966693858934803529 200.96045494079601212
59 1 0.16037727952271799148 19.813238016056800461 150.23917436599700181
59 2 0.21394932700829499828 67.857600765446505875 279.83510255813598633
59 3 0.15840196212155699396 20.112581167510800384 98.260624408721696454
59 4 0.032573872166485898227 18.574766051308401416 152.75375604629499549
59 5 0.16575766231218400093 30.798055087590899603 316.79240226745599784
60 1 0.283647325474103984 23.190090443117099994 112.52564191818200356
60 2 0.047357167069775100987 71.277808075113100017 1.5513038635253899589
60 3 0.13327729779803199062 11.555804264085999478 196.48470640182500802
60 4 0.40747482910916699161 60.917773790561000169 12.659511566162100493
60 5 0.050870750692263003168 3.3279820535840900497 135.63763618469201333
61 1 0.12989913020469900928 33.116862409588797789 200.78782796859701421
61 2 0.30090954901370098318 11.882817348277400882 252.51049518585199394
61 3 0.18407822568067400137 52.6946223521253998 86.514694690704502023
61 4 0.089443290366610000985 66.591566928144601434 263.41305255889898262
61 5 0.071456441052834898664 42.505335378998701401 207.35969066619898626
62 1 0.37735763108175901515 42.42762513277330072 83.772597312927501889
62 2 0.19486434460310200767 48.759472547836502088 150.7403182983389911
62 3 0.37334010648750498573 30.196593386036500561 40.139966011047498284
62 4 0.11549983179302500402 9.8160084792166699685 223.43534946441698708
62 5 0.28669908494535600862 39.536395968504301379 70.206198692321606813
63 1 0.19577777625652900695 56.466720864294401849 272.95600891113298303
63 2 0.14484028591141501208 57.888370859838296667 310.73805570602399939
63 3 0.17248212890560399302 26.8291905498420995 225.6931257247919973
63 4 0.27827285376217697488 57.767994739202300991 140.67025423049901178
63 5 0.20155190388936999879 34.684787196320897351 83.405478000640897562
