2 0 0 1
3 0 0 1
3 0 0 1
4 0 0 1
4 0 0 1
4 0 0 1
4 0 0 1
4 0 0 1
5 0 0 1
5 0 0 1
5 0 0 1
5 0 0 1
5 0 0 1
6 1 0 2
6 0 0 1
6 0 0 1
6 0 0 1
6 0 0 1
6 0 0 1
7 0 0 1
7 0 0 1
7 0 0 1
7 0 0 1
7 0 0 1
8 0 0 1
8 0 0 1
8 0 0 1
8 0 0 1
9 0 0 1
9 0 0 1
9 0 0 1
9 0 0 1
9 0 0 1
10 0 0 1
10 0 0 1
10 0 0 1
10 0 0 1
10 0 0 1
11 0 0 1
11 0 0 1
11 0 0 1
11 0 0 1
12 0 0 1
12 0 0 1
12 0 0 1
12 0 0 1
12 0 0 1
13 0 0 1
13 0 0 1
13 0 0 1
13 0 0 1
13 0 0 1
14 0 0 1
14 0 0 1
14 0 0 1
14 0 0 1
14 0 0 1
15 0 0 1
15 0 0 1
15 0 0 1
15 0 0 1
15 0 0 1
16 1 0 2
16 1 0 2
16 0 0 1
16 0 0 1
16 0 0 1
16 0 0 1
17 0 0 1
17 0 0 1
17 0 0 1
17 0 0 1
17 0 0 1
18 1 0 2
18 0 0 1
18 0 0 1
18 0 0 1
18 0 0 1
19 0 0 2
19 0 0 1
19 0 0 1
19 0 0 1
19 0 0 1
19 0 0 1
20 0 0 1
20 0 0 1
20 0 0 1
20 0 0 1
20 0 0 1
21 1 0 2
21 0 0 1
21 0 0 1
21 0 0 1
21 0 0 1
21 0 0 1
22 1 0 2
22 0 0 1
22 0 0 1
22 0 0 1
22 0 0 1
23 0 0 1
23 0 0 1
23 0 0 1
23 0 0 1
23 0 0 1
24 0 0 1
24 0 0 1
24 0 0 1
24 0 0 1
24 0 0 1
25 0 0 1
25 0 0 1
25 0 0 1
25 0 0 1
25 0 0 1
26 1 0 2
26 0 0 1
26 0 0 1
26 0 0 1
26 0 0 1
26 0 0 1
27 0 0 1
27 0 0 1
27 0 0 1
27 0 0 1
27 0 0 1
28 0 0 1
28 0 0 1
28 1 0 2
28 0 0 1
28 0 0 1
29 1 0 2
29 0 0 1
29 0 0 1
29 0 0 1
29 0 0 1
29 0 0 1
30 0 0 1
30 0 0 1
30 0 0 1
30 0 0 1
30 0 0 1
31 0 0 1
31 0 0 1
31 0 0 1
31 0 0 1
31 0 0 1
32 0 0 1
32 0 0 1
32 0 0 1
32 0 0 1
32 0 0 1
33 0 0 1
33 0 0 1
33 0 0 1
33 0 0 1
33 0 0 1
34 1 0 2
34 0 0 1
34 0 0 1
34 0 0 1
34 0 0 1
35 1 0 2
35 0 0 1
35 0 0 1
35 0 0 1
35 0 0 1
35 0 0 1
36 0 0 1
36 0 0 1
36 0 0 1
36 0 0 1
36 0 0 1
37 1 0 2
37 0 0 1
37 0 0 1
37 0 0 1
37 0 0 1
37 0 0 1
38 0 0 1
38 0 0 1
38 0 0 1
38 0 0 1
38 0 0 1
39 0 0 1
39 0 0 1
39 0 0 1
39 0 0 1
39 0 0 1
40 0 0 1
40 0 0 1
40 0 0 1
40 0 0 1
40 0 0 1
41 1 0 2
41 0 0 1
41 0 0 1
41 0 0 1
41 0 0 1
41 0 0 1
42 1 0 2
42 0 0 1
42 0 0 1
42 0 0 1
42 0 0 1
42 0 0 1
43 1 0 2
43 0 0 1
43 0 0 1
43 0 0 1
43 0 0 1
44 0 0 1
44 0 0 1
44 0 0 1
44 0 0 1
44 0 0 1
45 0 0 1
45 0 0 1
45 0 0 1
45 0 0 1
46 0 0 1
46 0 0 1
46 0 0 1
46 0 0 1
46 0 0 1
47 0 0 1
47 0 0 1
47 0 0 1
47 0 0 1
47 0 0 1
48 0 0 1
48 0 0 1
48 1 0 2
48 0 0 1
48 0 0 1
48 0 0 1
49 1 0 2
49 0 0 1
49 0 0 1
49 0 0 1
49 0 0 1
49 0 0 1
50 1 0 2
50 0 0 1
50 0 0 1
50 0 0 1
50 0 0 1
50 0 0 1
51 1 0 2
51 0 0 1
51 0 0 1
51 0 0 1
51 0 0 1
51 0 0 1
52 0 0 1
52 0 0 1
52 0 0 1
52 0 0 1
52 0 0 1
53 1 0 2
53 0 0 1
53 0 0 1
53 0 0 1
53 0 0 1
53 0 0 1
54 0 0 1
54 0 0 1
54 0 0 1
54 0 0 1
54 0 0 1
55 0 0 1
55 0 0 1
55 0 0 1
55 0 0 1
55 0 0 1
56 1 0 2
56 0 0 1
56 0 0 1
56 0 0 1
56 0 0 1
56 1 0 2
57 0 0 1
57 0 0 1
57 0 0 1
57 0 0 1
57 0 0 1
58 1 0 2
58 0 0 1
58 0 0 1
58 0 0 1
58 0 0 1
59 0 0 1
59 0 0 1
59 0 0 1
59 0 0 1
60 0 0 1
60 0 0 1
60 0 0 1
60 0 0 1
60 0 0 1
61 0 0 1
61 1 0 2
61 0 0 1
61 0 0 1
61 0 0 1
61 0 0 1
62 0 0 1
62 0 0 1
62 0 0 1
62 0 0 1
63 1 0 2
63 0 0 1
63 0 0 1
63 0 0 1
64 0 0 1
64 0 0 1
64 0 0 1
64 0 0 1
64 0 0 1
65 1 0 3
65 0 0 1
65 0 0 1
65 0 0 1
65 0 0 1
65 0 0 1
66 1 0 2
66 0 0 1
66 1 0 2
66 0 0 1
66 0 0 1
67 1 0 2
67 0 0 1
67 0 0 1
67 0 0 1
67 0 0 1
68 1 0 2
68 0 0 1
68 0 0 1
68 0 0 1
68 0 0 1
68 0 0 1
69 1 0 2
69 1 0 3
69 0 0 1
69 0 0 1
69 0 0 1
69 0 0 1
69 0 0 1
70 1 0 2
70 0 0 1
70 0 0 1
70 0 0 1
70 0 0 1
70 0 0 1
71 0 0 1
71 0 0 1
71 0 0 1
71 0 0 1
71 0 0 1
72 0 0 1
72 0 0 1
72 0 0 1
72 0 0 1
72 0 0 1
73 1 0 2
73 0 0 1
73 0 0 1
73 0 0 1
73 0 0 1
73 0 0 1
74 1 0 2
74 0 0 1
74 0 0 1
74 0 0 1
74 0 0 1
75 1 0 2
75 0 0 1
75 0 0 1
75 0 0 1
75 0 0 1
76 0 0 1
76 0 0 1
76 0 0 1
76 0 0 1
76 0 0 1
77 0 0 1
77 0 0 1
77 0 0 1
77 0 0 1
77 0 0 1
78 0 0 1
78 1 0 2
78 0 0 1
78 0 0 1
78 0 0 1
79 0 0 1
79 0 0 1
79 0 0 1
79 0 0 1
79 0 0 1
80 1 0 2
80 0 0 1
80 0 0 1
80 0 0 1
80 0 0 1
80 0 0 1
81 0 0 1
81 0 0 1
81 0 0 1
81 0 0 1
81 0 0 1
82 1 0 2
82 0 0 1
82 0 0 1
82 0 0 1
82 0 0 1
82 0 0 1
83 0 0 2
83 0 0 1
83 0 0 1
83 0 0 1
83 0 0 1
84 0 0 1
84 0 0 1
84 0 0 1
84 0 0 1
84 0 0 1
85 1 0 2
85 0 0 1
85 0 0 2
85 0 0 1
85 0 0 1
85 0 0 1
86 0 0 1
86 0 0 1
86 0 0 1
86 0 0 1
87 0 0 1
87 0 0 1
87 0 0 1
87 0 0 1
87 0 0 1
88 0 0 1
88 0 0 1
88 0 0 1
88 0 0 1
88 0 0 1
89 0 0 1
89 0 0 1
89 0 0 1
89 0 0 1
89 0 0 1
90 1 0 1
90 0 0 1
90 0 0 1
90 0 0 1
90 0 0 1
90 0 0 1
91 1 0 2
91 1 0 2
91 0 0 1
91 0 0 1
91 0 0 1
91 0 0 1
91 0 0 1
92 0 0 1
92 0 0 1
92 0 0 1
92 0 0 1
92 0 0 1
93 0 0 2
93 0 0 1
93 0 0 1
93 0 0 1
94 1 0 2
94 0 0 1
94 0 0 1
94 0 0 1
94 0 0 1
94 0 0 1
95 1 0 2
95 1 0 3
95 0 0 1
95 0 0 1
95 0 0 1
95 0 0 1
95 0 0 1
96 0 0 1
96 0 0 1
96 0 0 1
96 0 0 1
97 0 0 1
97 0 0 1
97 0 0 1
97 0 0 1
97 0 0 1
98 0 0 1
98 0 0 1
98 0 0 1
98 0 0 1
99 0 0 1
99 0 0 1
99 0 0 1
99 0 0 1
99 0 0 1
100 1 0 2
100 1 0 2
100 0 0 1
100 0 0 1
100 0 0 2
100 0 0 1
101 1 0 2
101 0 0 1
101 0 0 1
101 0 0 1
101 0 0 1
101 0 0 1
102 1 0 2
102 0 0 1
102 0 0 1
102 0 0 1
102 0 0 1
102 0 0 1
103 1 0 2
103 0 0 1
103 0 0 1
103 0 0 1
103 0 0 1
104 0 0 1
104 0 0 1
104 0 0 1
104 0 0 1
104 0 0 1
105 1 0 2
105 0 0 1
105 0 0 1
105 0 0 1
105 0 0 1
105 0 0 2
106 0 0 1
106 1 0 2
106 0 0 1
106 0 0 1
106 0 0 1
106 0 0 1
107 0 0 1
107 0 0 1
107 0 0 1
107 0 0 1
108 0 0 1
108 0 0 1
108 0 0 1
108 0 0 1
108 0 0 1
109 1 0 2
109 0 0 1
109 0 0 1
109 0 0 1
109 0 0 1
109 0 0 1
110 0 0 1
110 0 0 1
110 0 0 1
110 0 0 1
110 0 0 1
111 1 0 2
111 0 0 1
111 0 0 1
111 0 0 1
111 0 0 1
111 0 0 1
112 0 0 1
112 0 0 1
112 0 0 1
112 0 0 1
112 0 0 1
113 0 0 1
113 0 0 1
113 0 0 1
113 0 0 1
113 0 0 1
114 0 0 1
114 0 0 1
114 0 0 1
114 0 0 1
114 0 0 1
115 0 0 1
115 0 0 1
115 0 0 1
115 0 0 1
115 0 0 1
116 1 0 2
116 0 0 1
116 0 0 1
116 0 0 1
116 0 0 1
116 0 0 1
117 0 0 1
117 0 0 1
117 0 0 1
117 0 0 1
117 0 0 1
118 0 0 1
118 0 0 1
118 0 0 1
118 0 0 1
118 0 0 1
119 0 0 1
119 0 0 1
119 0 0 1
119 0 0 1
120 0 0 1
120 0 0 1
120 0 0 1
120 0 0 1
120 0 0 1
121 0 0 1
121 0 0 1
121 0 0 1
122 0 0 1
122 0 0 1
122 0 0 1
122 0 0 1
122 0 0 1
123 0 0 1
123 1 0 2
123 0 0 1
123 0 0 1
123 0 0 1
123 0 0 1
123 0 0 1
124 1 0 2
124 0 0 1
124 0 0 1
124 0 0 1
124 0 0 1
124 0 0 1
125 0 0 1
125 0 0 1
125 0 0 1
125 0 0 1
126 1 0 3
126 0 0 1
126 0 0 1
126 0 0 2
126 0 0 1
126 0 0 1
127 0 0 1
127 0 0 1
127 0 0 1
127 0 0 1
128 5 0 4
128 0 0 1
128 0 0 1
128 0 0 1
128 0 0 1
129 0 0 1
129 0 0 1
129 0 0 1
129 0 0 1
129 0 0 1
130 0 0 1
130 0 0 1
130 0 0 1
130 0 0 1
130 0 0 1
131 1 0 2
131 0 0 1
131 0 0 1
131 0 0 1
131 0 0 1
131 0 0 1
132 1 0 2
132 0 0 1
132 0 0 1
132 0 0 1
132 0 0 1
132 0 0 1
133 1 0 2
133 0 0 1
133 0 0 1
133 0 0 1
133 0 0 1
133 0 0 1
134 1 0 2
134 0 0 1
134 0 0 1
134 0 0 1
134 0 0 1
134 0 0 1
135 1 0 2
135 0 0 1
135 0 0 1
135 0 0 1
135 0 0 1
135 0 0 1
136 0 0 2
136 0 0 1
136 0 0 1
136 0 0 1
136 0 0 1
136 0 0 1
137 0 0 1
137 1 0 2
137 0 0 1
137 0 0 1
137 0 0 1
137 0 0 1
137 0 0 1
138 0 0 1
138 0 0 1
138 0 0 1
138 0 0 1
138 0 0 1
139 0 0 1
139 0 0 1
139 0 0 1
139 0 0 1
139 0 0 1
140 0 0 1
140 0 0 1
140 0 0 1
140 0 0 1
141 0 0 1
141 0 0 1
141 0 0 1
141 0 0 1
141 0 0 1
141 0 0 1
142 0 0 2
142 0 0 1
142 0 0 1
142 0 0 1
142 0 0 1
143 0 0 2
143 0 0 1
143 0 0 1
143 0 0 1
143 0 0 2
144 1 0 2
144 0 0 1
144 0 0 1
144 0 0 1
144 0 0 1
145 1 0 2
145 0 0 1
145 0 0 1
145 0 0 1
145 0 0 1
145 0 0 1
146 0 0 1
146 0 0 1
146 0 0 1
146 0 0 1
146 0 0 1
147 0 0 1
147 0 0 1
147 0 0 1
147 0 0 1
147 0 0 1
148 1 0 2
148 0 0 1
148 0 0 1
148 0 0 1
148 0 0 1
148 0 0 1
149 1 0 2
149 0 0 1
149 0 0 1
149 0 0 1
149 0 0 1
149 0 0 1
150 0 0 1
150 0 0 1
150 0 0 1
150 0 0 1
150 0 0 1
151 0 0 1
151 1 0 2
151 1 0 2
151 0 0 1
151 0 0 1
151 0 0 1
151 0 0 1
151 0 0 1
152 0 0 1
152 0 0 1
152 0 0 1
152 0 0 1
152 0 0 1
152 0 0 1
153 1 0 2
153 0 0 1
153 0 0 1
153 0 0 1
153 0 0 1
153 0 0 1
154 0 0 1
154 0 0 1
154 0 0 1
154 0 0 1
155 0 0 1
155 0 0 1
155 0 0 1
156 0 0 1
156 0 0 1
156 0 0 1
156 0 0 2
156 0 0 1
157 0 0 1
157 0 0 1
157 0 0 1
157 0 0 1
157 0 0 1
158 1 0 2
158 0 0 1
158 0 0 1
158 0 0 1
158 0 0 1
158 0 0 1
159 0 0 1
159 0 0 1
159 0 0 1
159 0 0 1
159 0 0 1
160 1 0 1
160 1 0 2
160 1 0 2
160 0 0 1
160 0 0 1
160 0 0 1
160 0 0 1
161 0 0 1
161 0 0 1
161 0 0 1
161 0 0 1
161 0 0 1
162 0 0 1
162 0 0 2
162 0 0 1
162 0 0 1
163 0 0 1
163 0 0 2
163 0 0 1
163 0 0 1
163 0 0 1
164 1 0 2
164 1 0 2
164 0 0 1
164 0 0 1
164 0 0 1
164 0 0 1
164 0 0 1
165 1 0 2
165 0 0 1
165 0 0 1
165 0 0 1
165 0 0 1
166 0 0 1
166 0 0 1
166 0 0 1
166 0 0 1
166 0 0 1
167 0 0 1
167 0 0 1
167 0 0 1
167 0 0 1
167 0 0 1
168 0 0 1
168 0 0 1
168 0 0 1
168 0 0 1
168 0 0 1
169 0 0 1
169 0 0 2
169 0 0 1
169 0 0 1
169 0 0 1
170 1 0 2
170 1 0 2
170 0 0 1
170 0 0 1
170 0 0 1
170 0 0 1
170 0 0 1
171 1 0 2
171 0 0 1
171 0 0 1
171 0 0 1
171 0 0 1
171 0 0 1
172 0 0 1
172 0 0 1
172 0 0 1
172 0 0 1
173 1 0 2
173 0 0 1
173 0 0 1
173 0 0 2
173 0 0 1
174 0 0 1
174 0 0 1
174 0 0 1
175 0 0 2
175 0 0 1
175 0 0 1
175 0 0 1
175 0 0 1
175 0 0 1
176 1 0 2
176 0 0 1
176 0 0 1
176 0 0 1
176 0 0 1
177 1 0 2
177 1 0 2
177 0 0 1
177 0 0 1
177 0 0 1
177 0 0 1
178 0 0 1
178 0 0 1
178 0 0 1
178 0 0 1
178 0 0 1
178 0 0 1
179 0 0 1
179 0 0 1
179 0 0 1
179 0 0 1
179 0 0 1
180 1 0 1
180 0 0 1
180 0 0 1
180 0 0 1
180 0 0 1
180 0 0 1
181 0 0 1
181 0 0 1
181 0 0 1
181 0 0 1
182 4 0 3
182 0 0 2
182 0 0 1
182 0 0 2
182 0 0 1
183 0 0 1
183 0 0 1
183 0 0 1
183 1 0 2
183 0 0 1
184 1 0 2
184 0 0 1
184 0 0 1
184 0 0 1
185 0 0 1
185 0 0 1
185 0 0 2
185 0 0 1
185 0 0 1
186 0 0 1
186 0 0 1
186 0 0 1
186 0 0 1
186 0 0 1
187 1 0 2
187 0 0 1
187 0 0 1
187 0 0 1
187 0 0 1
187 0 0 1
188 1 0 2
188 0 0 1
188 0 0 1
188 0 0 1
188 0 0 1
188 0 0 1
189 0 0 1
189 0 0 1
189 0 0 1
189 0 0 1
189 0 0 1
190 0 0 1
190 0 0 1
190 0 0 1
190 0 0 1
190 0 0 1
191 2 0 3
191 0 0 1
191 0 0 1
191 0 0 1
191 0 0 1
192 0 0 1
192 0 0 1
192 0 0 1
192 0 0 1
192 0 0 1
193 0 0 1
193 0 0 1
193 0 0 1
193 0 0 1
193 0 0 1
194 0 0 1
194 0 0 2
194 0 0 1
194 0 0 1
194 0 0 1
195 0 0 1
195 0 0 1
195 0 0 1
195 0 0 1
195 0 0 1
196 1 0 2
196 0 0 1
196 0 0 1
196 0 0 1
196 0 0 1
197 0 0 1
197 0 0 1
197 0 0 1
197 0 0 1
197 0 0 1
197 0 0 1
198 1 0 2
198 0 0 1
198 0 0 1
198 0 0 1
198 0 0 1
198 0 0 1
199 0 0 1
199 0 0 1
199 0 0 1
199 0 0 1
199 0 0 1
200 1 0 2
200 0 0 1
200 0 0 1
200 0 0 1
200 0 0 1
201 1 0 3
201 0 0 1
201 0 0 1
201 0 0 1
201 0 0 1
201 0 0 1
202 1 0 2
202 0 0 1
202 0 0 1
202 0 0 1
202 0 0 1
202 0 0 1
203 3 0 2
203 0 0 1
203 0 0 1
203 0 0 1
203 0 0 1
203 0 0 1
204 1 0 2
204 0 0 1
204 0 0 1
204 0 0 1
204 0 0 1
204 0 0 1
205 0 0 1
205 0 0 1
205 0 0 1
205 0 0 1
205 0 0 1
206 1 0 2
206 1 0 2
206 0 0 1
206 0 0 1
206 0 0 1
206 0 0 1
207 1 0 2
207 1 0 2
207 0 0 1
207 0 0 1
207 0 0 1
207 0 0 1
207 0 0 1
208 0 0 1
208 0 0 1
208 0 0 1
208 0 0 1
209 0 0 1
209 0 0 1
209 0 0 1
209 0 0 1
209 0 0 1
210 0 0 1
210 0 0 1
210 0 0 1
210 0 0 1
210 0 0 1
211 0 0 1
211 0 0 1
211 0 0 1
211 0 0 1
211 0 0 1
211 0 0 1
212 0 0 1
212 0 0 1
212 0 0 1
212 0 0 1
212 0 0 1
213 0 0 1
213 0 0 1
213 0 0 1
213 0 0 1
214 0 0 1
214 0 0 1
214 0 0 1
214 0 0 1
214 0 0 1
215 0 0 1
215 0 0 1
215 0 0 1
215 0 0 1
215 0 0 1
216 0 0 1
216 0 0 1
216 0 0 1
216 0 0 1
216 0 0 1
217 1 0 2
217 0 0 1
217 0 0 1
217 0 0 1
217 0 0 1
217 0 0 1
218 0 0 1
218 0 0 1
218 0 0 1
218 0 0 1
218 0 0 1
218 0 0 1
219 0 0 1
219 0 0 1
219 0 0 1
219 0 0 1
220 1 0 2
220 0 0 1
220 0 0 1
220 1 0 3
220 0 0 1
221 1 0 2
221 0 0 1
221 0 0 1
221 0 0 1
221 0 0 1
221 0 0 1
222 1 0 2
222 1 0 2
222 1 0 2
222 0 0 1
222 0 0 1
222 0 0 1
222 0 0 1
223 0 0 1
223 0 0 1
223 0 0 1
223 0 0 1
223 0 0 1
224 2 0 2
224 0 0 1
224 0 0 1
224 0 0 1
224 0 0 1
225 0 0 1
225 0 0 1
225 0 0 1
225 0 0 1
225 0 0 1
226 1 0 2
226 1 0 2
226 0 0 1
226 0 0 1
226 0 0 1
226 0 0 1
226 0 0 1
227 0 0 1
227 0 0 1
227 0 0 1
227 0 0 1
227 0 0 1
228 1 0 2
228 0 0 1
228 0 0 1
228 0 0 1
228 0 0 1
228 0 0 1
229 0 0 1
229 1 0 2
229 0 0 1
229 0 0 1
229 0 0 1
230 0 0 1
230 0 0 1
230 0 0 1
230 0 0 1
231 0 0 1
231 0 0 1
231 0 0 1
231 0 0 1
231 0 0 1
232 0 0 1
232 0 0 1
232 1 0 2
232 0 0 1
232 0 0 1
233 1 0 2
233 1 0 2
233 0 0 1
233 0 0 1
233 0 0 1
233 0 0 1
233 0 0 1
234 1 0 2
234 0 0 1
234 0 0 1
234 0 0 1
234 0 0 1
235 1 0 1
235 0 0 1
235 0 0 1
235 0 0 1
235 0 0 1
235 0 0 1
236 0 0 1
236 0 0 1
236 0 0 1
236 0 0 1
236 0 0 1
237 1 0 2
237 0 0 1
237 0 0 1
237 0 0 1
237 0 0 1
237 0 0 1
238 0 0 1
238 0 0 1
238 0 0 1
238 0 0 1
239 0 0 1
239 0 0 1
239 0 0 1
239 0 0 1
239 0 0 1
240 0 0 1
240 0 0 1
240 0 0 1
240 0 0 1
240 0 0 1
241 1 0 2
241 0 0 1
241 0 0 1
241 0 0 1
241 0 0 1
241 0 0 1
242 1 0 3
242 0 0 1
242 0 0 1
242 0 0 1
242 0 0 1
243 0 0 1
243 0 0 1
243 0 0 1
243 0 0 1
243 0 0 1
244 3 0 2
244 0 0 1
244 0 0 1
244 0 0 1
244 0 0 1
244 0 0 1
245 1 0 3
245 0 0 1
245 0 0 1
245 0 0 1
245 0 0 1
245 0 0 1
246 0 0 3
246 0 0 1
246 0 0 1
246 0 0 1
246 0 0 1
246 0 0 1
247 0 0 2
247 0 0 1
247 0 0 1
247 0 0 1
247 0 0 1
248 1 0 2
248 0 0 1
248 0 0 1
248 0 0 1
249 0 0 2
249 0 0 1
249 0 0 1
249 0 0 1
249 0 0 1
249 0 0 1
250 1 0 2
250 0 0 1
250 0 0 1
250 0 0 1
250 0 0 1
251 0 0 1
251 0 0 1
251 0 0 1
251 0 0 1
251 1 0 4
252 0 0 1
252 0 0 1
252 0 0 1
252 0 0 1
252 0 0 1
252 0 0 1
253 0 0 1
253 0 0 1
253 0 0 1
253 0 0 1
254 0 0 1
254 0 0 1
254 0 0 1
254 0 0 1
255 0 0 1
255 1 0 2
255 0 0 1
255 0 0 1
255 0 0 1
255 0 0 1
255 0 0 1
256 0 0 1
256 0 0 1
256 0 0 1
256 0 0 1
256 0 0 1
257 0 0 1
257 0 0 1
257 0 0 1
257 0 0 1
258 1 0 2
258 0 0 1
258 0 0 1
258 0 0 1
258 0 0 1
258 0 0 1
259 0 0 1
259 0 0 1
259 0 0 1
259 0 0 1
259 0 0 1
260 0 0 1
260 0 0 1
260 0 0 1
260 0 0 1
260 0 0 1
261 1 0 2
261 0 0 1
261 0 0 1
261 0 0 1
261 0 0 1
261 0 0 1
262 0 0 1
262 0 0 1
262 0 0 1
262 0 0 1
262 0 0 1
263 0 0 1
263 0 0 1
263 0 0 1
263 0 0 1
263 0 0 1
264 0 0 1
264 0 0 1
264 0 0 1
264 0 0 1
264 0 0 1
265 1 0 2
265 0 0 1
265 0 0 1
265 0 0 1
265 0 0 1
265 0 0 1
266 1 0 2
266 1 0 2
266 0 0 1
266 0 0 1
266 0 0 1
266 0 0 1
266 0 0 1
267 1 0 2
267 0 0 1
267 0 0 1
267 0 0 1
267 0 0 1
267 0 0 1
268 0 0 1
268 0 0 1
268 0 0 1
268 0 0 1
268 0 0 1
269 0 0 1
269 0 0 1
269 0 0 1
269 0 0 1
269 0 0 1
270 0 0 1
270 0 0 1
270 0 0 2
270 0 0 1
270 0 0 1
271 1 0 2
271 0 0 1
271 0 0 1
271 0 0 1
271 0 0 1
272 1 0 2
272 1 0 2
272 0 0 1
272 0 0 1
272 0 0 1
272 0 0 1
272 0 0 1
273 1 0 2
273 0 0 1
273 0 0 1
273 0 0 1
273 0 0 1
273 0 0 1
274 0 0 2
274 0 0 1
274 0 0 1
274 0 0 1
274 0 0 1
274 0 0 1
275 0 0 1
275 0 0 1
275 0 0 1
275 0 0 1
275 0 0 1
276 0 0 1
276 0 0 1
276 0 0 1
276 0 0 1
277 0 0 1
277 0 0 1
277 0 0 1
277 0 0 1
277 0 0 1
278 0 0 1
278 0 0 1
278 0 0 1
278 0 0 1
278 0 0 1
279 0 0 1
279 0 0 1
279 0 0 1
279 0 0 1
279 0 0 1
280 0 0 1
280 0 0 1
280 0 0 1
280 0 0 1
280 0 0 1
280 0 0 1
281 0 0 1
281 0 0 1
281 0 0 1
281 0 0 1
281 0 0 1
282 0 0 1
282 0 0 1
282 0 0 1
282 0 0 1
282 0 0 1
282 0 0 1
283 2 0 2
283 0 0 1
283 0 0 1
283 0 0 1
283 0 0 1
283 0 0 1
284 0 0 1
284 0 0 1
284 0 0 1
284 0 0 1
285 1 0 3
285 1 0 2
285 1 0 2
285 0 0 1
285 0 0 1
285 0 0 1
285 0 0 1
285 0 0 1
286 0 0 1
286 0 0 1
286 0 0 1
286 0 0 1
286 0 0 1
287 0 0 1
287 0 0 1
287 0 0 1
287 0 0 1
288 1 0 2
288 0 0 1
288 0 0 1
288 0 0 1
288 0 0 1
288 0 0 1
289 1 0 2
289 0 0 1
289 0 0 1
289 0 0 1
289 0 0 1
289 0 0 1
290 0 0 1
290 0 0 1
290 0 0 1
290 0 0 1
290 0 0 1
291 1 0 2
291 0 0 1
291 0 0 1
291 0 0 1
291 0 0 1
291 0 0 1
292 0 0 1
292 0 0 1
292 0 0 1
292 0 0 2
292 0 0 1
293 0 0 1
293 0 0 1
293 0 0 1
293 0 0 1
293 0 0 1
293 0 0 1
294 0 0 1
294 1 0 2
294 0 0 1
294 0 0 1
294 0 0 1
294 0 0 1
294 0 0 1
295 0 0 1
295 0 0 1
295 0 0 1
295 0 0 1
296 1 0 2
296 0 0 1
296 0 0 1
296 0 0 1
296 0 0 1
296 0 0 1
297 0 0 1
297 0 0 1
297 0 0 1
297 0 0 1
298 1 0 1
298 1 0 2
298 0 0 1
298 0 0 1
298 0 0 1
298 0 0 1
298 0 0 1
299 0 0 1
299 0 0 1
299 0 0 1
299 0 0 1
299 0 0 1
300 1 0 2
300 0 0 1
300 0 0 1
300 0 0 1
300 0 0 1
301 1 0 2
301 0 0 1
301 0 0 1
301 0 0 1
301 0 0 1
301 0 0 1
302 0 0 1
302 0 0 1
302 0 0 1
302 0 0 1
302 0 0 1
303 0 0 1
303 0 0 1
303 0 0 1
303 1 0 3
304 0 0 1
304 0 0 1
304 0 0 1
304 0 0 1
304 0 0 1
305 1 0 2
305 0 0 1
305 0 0 1
305 0 0 1
305 0 0 1
306 1 0 2
306 0 0 1
306 0 0 1
306 0 0 1
306 0 0 1
306 0 0 1
307 0 0 1
307 0 0 1
307 0 0 1
307 0 0 1
307 0 0 1
308 1 0 2
308 0 0 1
308 0 0 1
308 0 0 1
308 0 0 1
309 2 0 2
309 0 0 1
309 0 0 1
309 0 0 1
309 0 0 1
310 1 0 2
310 0 0 1
310 0 0 1
310 0 0 1
310 0 0 1
310 0 0 1
311 0 0 1
311 0 0 1
311 0 0 1
311 0 0 1
311 0 0 1
312 1 0 2
312 0 0 1
312 0 0 1
312 0 0 1
312 0 0 1
312 0 0 1
313 1 0 2
313 0 0 1
313 0 0 1
313 0 0 1
313 0 0 1
314 1 0 2
314 0 0 1
314 0 0 1
314 0 0 1
314 0 0 1
314 0 0 1
315 0 0 1
315 0 0 1
315 0 0 1
315 0 0 1
315 0 0 1
316 0 0 1
316 0 0 1
316 0 0 1
316 0 0 1
317 0 0 1
317 0 0 1
317 0 0 1
317 0 0 1
317 0 0 1
318 1 0 3
318 0 0 1
318 0 0 1
318 0 0 1
318 0 0 1
318 0 0 1
319 1 0 2
319 0 0 1
319 0 0 1
319 0 0 1
319 0 0 1
319 0 0 1
320 0 0 1
320 0 0 1
320 0 0 1
320 0 0 1
320 0 0 1
321 0 0 1
321 0 0 1
321 0 0 1
321 0 0 1
321 0 0 1
322 1 0 2
322 0 0 1
322 0 0 1
322 1 0 2
322 0 0 1
322 0 0 1
323 0 0 1
323 0 0 1
323 0 0 1
323 0 0 1
324 1 0 2
324 0 0 1
324 0 0 1
324 0 0 1
324 0 0 1
324 0 0 1
325 0 0 1
325 0 0 1
325 0 0 1
325 0 0 1
325 0 0 1
326 0 0 1
326 0 0 1
326 0 0 1
326 0 0 1
326 0 0 1
327 1 0 2
327 1 0 2
327 0 0 1
327 0 0 1
327 0 0 1
328 1 0 2
328 0 0 1
328 0 0 1
328 1 0 2
328 0 0 1
328 0 0 1
329 1 0 2
329 0 0 1
329 0 0 1
329 1 0 2
329 0 0 1
329 0 0 1
330 0 0 1
330 0 0 1
330 0 0 1
330 0 0 1
330 0 0 1
330 0 0 1
331 1 0 2
331 0 0 1
331 0 0 1
331 0 0 1
331 0 0 1
331 0 0 1
332 1 0 2
332 0 0 1
332 0 0 1
332 0 0 1
332 0 0 1
333 0 0 1
333 0 0 1
333 0 0 1
333 0 0 1
333 0 0 1
334 0 0 1
334 0 0 1
334 0 0 1
334 0 0 1
334 0 0 1
335 0 0 1
335 0 0 1
335 0 0 1
335 0 0 1
335 0 0 1
336 0 0 1
336 0 0 1
336 0 0 1
336 0 0 1
337 0 0 1
337 0 0 1
337 0 0 1
337 0 0 1
337 0 0 1
338 0 0 2
338 0 0 1
338 0 0 1
338 0 0 1
338 0 0 1
338 0 0 1
339 0 0 1
339 0 0 1
339 0 0 1
339 0 0 1
339 0 0 1
340 2 0 3
340 0 0 1
340 0 0 1
340 0 0 1
340 0 0 1
340 0 0 1
341 0 0 1
341 0 0 1
341 0 0 1
341 0 0 1
342 1 0 2
342 0 0 1
342 0 0 1
342 0 0 1
342 0 0 1
342 0 0 1
343 1 0 2
343 2 0 2
343 0 0 1
343 0 0 1
343 0 0 1
343 1 0 2
343 0 0 1
344 0 0 2
344 0 0 1
344 0 0 1
344 0 0 1
345 2 0 2
345 0 0 1
345 0 0 1
345 0 0 1
345 0 0 1
345 0 0 1
346 0 0 1
346 0 0 1
346 0 0 1
346 0 0 1
346 0 0 1
346 0 0 1
347 0 0 1
347 0 0 1
347 0 0 1
347 0 0 1
347 0 0 1
348 0 0 1
348 0 0 1
348 0 0 1
348 0 0 1
348 0 0 1
349 0 0 1
349 0 0 1
349 0 0 1
349 0 0 1
349 0 0 1
350 0 0 1
350 0 0 1
350 0 0 1
350 0 0 1
351 1 0 2
351 0 0 1
351 0 0 1
351 0 0 1
351 0 0 1
351 0 0 1
352 1 0 2
352 1 0 2
352 0 0 1
352 0 0 1
352 0 0 1
352 0 0 1
352 0 0 1
353 1 0 2
353 0 0 1
353 0 0 1
353 0 0 1
353 0 0 1
354 0 0 1
354 0 0 1
354 0 0 1
354 0 0 1
354 0 0 1
355 0 0 1
355 0 0 1
355 0 0 1
355 0 0 1
356 0 0 3
356 0 0 1
356 0 0 1
356 0 0 1
356 0 0 1
356 0 0 1
357 1 0 2
357 0 0 1
357 0 0 1
357 0 0 1
357 0 0 1
358 0 0 1
358 0 0 1
358 0 0 1
358 0 0 1
358 0 0 1
359 1 0 2
359 0 0 1
359 0 0 1
359 0 0 1
359 0 0 1
360 1 0 2
360 0 0 1
360 0 0 2
360 0 0 1
360 0 0 1
360 0 0 1
361 1 0 1
361 0 0 1
361 0 0 1
361 0 0 1
361 0 0 1
361 0 0 1
362 0 0 1
362 0 0 1
362 0 0 1
362 0 0 1
363 1 0 3
363 2 0 2
363 0 0 1
363 0 0 1
363 0 0 1
363 0 0 1
363 0 0 1
364 0 0 1
364 0 0 1
364 0 0 1
364 0 0 1
365 0 0 1
365 0 0 1
365 0 0 1
365 0 0 1
365 0 0 1
366 0 0 1
366 0 0 1
366 0 0 1
366 0 0 1
366 0 0 1
367 0 0 1
367 0 0 1
367 0 0 1
367 0 0 1
367 0 0 1
368 0 0 2
368 0 0 1
368 0 0 1
368 0 0 1
368 0 0 1
368 0 0 1
369 1 0 2
369 1 0 2
369 0 0 1
369 0 0 1
369 0 0 1
369 0 0 1
370 1 0 3
370 2 0 2
370 0 0 1
370 0 0 1
370 0 0 1
370 0 0 1
370 0 0 1
371 1 0 2
371 0 0 1
371 0 0 1
371 0 0 1
371 0 0 1
371 0 0 1
372 0 0 1
372 0 0 1
372 0 0 1
372 0 0 1
372 0 0 1
373 0 0 1
373 0 0 1
373 0 0 1
373 0 0 1
373 0 0 1
374 0 0 1
374 0 0 1
374 0 0 1
374 1 0 2
374 0 0 1
375 0 0 1
375 0 0 1
375 0 0 1
375 0 0 1
375 0 0 1
376 0 0 1
376 0 0 1
376 0 0 1
376 0 0 1
376 0 0 1
377 0 0 1
377 0 0 1
377 0 0 1
377 0 0 1
377 0 0 1
378 1 0 2
378 0 0 1
378 0 0 1
378 0 0 1
378 0 0 1
379 0 0 1
379 0 0 1
379 0 0 1
379 0 0 1
379 0 0 1
380 0 0 1
380 0 0 1
380 0 0 1
380 0 0 1
380 0 0 1
381 1 0 2
381 0 0 1
381 0 0 1
381 0 0 1
381 0 0 1
381 0 0 1
382 0 0 1
382 0 0 1
382 0 0 1
382 0 0 1
382 0 0 1
383 0 0 1
383 0 0 1
383 0 0 1
383 0 0 1
383 0 0 1
384 2 0 2
384 1 0 1
384 0 0 1
384 0 0 1
384 0 0 1
384 0 0 1
385 1 0 2
385 0 0 1
385 0 0 1
385 0 0 1
385 0 0 1
385 0 0 1
386 0 0 1
386 0 0 1
386 0 0 1
386 0 0 1
386 0 0 1
387 1 0 2
387 1 0 2
387 0 0 1
387 0 0 1
387 0 0 1
387 0 0 1
387 0 0 1
388 0 0 1
388 0 0 1
388 0 0 1
388 0 0 1
388 0 0 1
389 1 0 2
389 0 0 1
389 0 0 1
389 0 0 1
389 0 0 1
389 0 0 1
390 0 0 1
390 0 0 1
390 0 0 1
390 0 0 1
390 0 0 1
391 0 0 1
391 0 0 1
391 0 0 1
391 0 0 1
391 0 0 1
392 0 0 1
392 0 0 1
392 0 0 1
392 0 0 1
392 0 0 1
393 1 0 2
393 0 0 1
393 0 0 1
393 0 0 1
393 0 0 1
393 0 0 1
394 1 0 2
394 0 0 1
394 0 0 1
394 0 0 1
394 0 0 1
394 0 0 1
395 0 0 1
395 0 0 1
395 0 0 1
395 0 0 1
395 0 0 1
396 0 0 1
396 0 0 1
396 0 0 1
396 0 0 1
396 0 0 1
397 0 0 1
397 0 0 1
397 0 0 1
397 0 0 1
397 0 0 1
398 0 0 1
398 1 0 2
398 1 0 3
398 0 0 1
398 0 0 1
399 0 0 1
399 0 0 1
399 0 0 1
399 0 0 1
399 0 0 1
400 0 0 1
400 0 0 1
400 0 0 1
400 0 0 1
400 0 0 1
401 0 0 2
401 0 0 1
401 0 0 1
401 0 0 1
401 0 0 1
401 0 0 1
402 0 0 1
402 0 0 1
402 0 0 1
402 0 0 1
403 0 0 1
403 0 0 1
403 0 0 1
403 0 0 1
403 0 0 1
404 0 0 1
404 0 0 1
404 0 0 1
404 0 0 1
404 0 0 1
405 1 0 1
405 0 0 1
405 0 0 1
405 0 0 1
405 0 0 1
405 0 0 1
406 1 0 2
406 0 0 1
406 0 0 1
406 0 0 1
406 0 0 1
406 0 0 1
407 0 0 1
407 0 0 1
407 0 0 1
407 0 0 1
407 0 0 1
408 1 0 2
408 0 0 1
408 0 0 1
408 0 0 1
408 0 0 1
408 0 0 1
409 0 0 1
409 0 0 1
409 0 0 1
409 0 0 1
409 0 0 1
410 1 0 2
410 0 0 1
410 0 0 1
410 0 0 1
410 0 0 1
410 0 0 1
411 1 0 2
411 0 0 1
411 0 0 1
411 0 0 1
411 0 0 1
411 0 0 1
412 0 0 1
412 0 0 1
412 0 0 1
412 0 0 1
412 0 0 1
413 1 0 1
413 1 0 2
413 0 0 1
413 0 0 1
413 0 0 1
413 0 0 1
413 0 0 1
414 0 0 1
414 0 0 1
414 0 0 1
414 0 0 1
414 0 0 1
415 1 0 2
415 0 0 1
415 0 0 1
415 0 0 1
415 0 0 1
415 0 0 1
416 1 0 2
416 0 0 1
416 0 0 1
416 0 0 1
416 0 0 1
417 0 0 1
417 0 0 1
417 0 0 1
417 0 0 1
417 0 0 1
418 1 0 2
418 0 0 1
418 0 0 1
418 0 0 1
418 0 0 1
418 0 0 1
419 0 0 1
419 0 0 1
419 0 0 1
419 0 0 1
419 0 0 1
420 0 0 1
420 0 0 1
420 0 0 1
420 0 0 1
420 0 0 1
421 0 0 1
421 0 0 1
421 0 0 1
421 0 0 1
422 1 0 2
422 0 0 1
422 0 0 1
422 0 0 1
422 0 0 1
423 1 0 2
423 0 0 1
423 0 0 1
423 0 0 1
423 0 0 1
423 0 0 1
424 0 0 1
424 0 0 1
424 0 0 1
424 0 0 1
424 0 0 1
425 0 0 1
425 0 0 1
425 0 0 1
425 0 0 1
425 0 0 1
426 1 0 2
426 1 0 3
426 0 0 1
426 0 0 1
426 0 0 1
427 2 0 2
427 0 0 1
427 0 0 1
427 0 0 1
427 0 0 1
427 0 0 1
428 1 0 2
428 0 0 1
428 0 0 1
428 0 0 1
428 0 0 1
428 0 0 1
429 0 0 1
429 0 0 1
429 0 0 1
429 0 0 1
429 0 0 1
430 1 0 2
430 0 0 1
430 0 0 1
430 0 0 1
430 0 0 1
430 0 0 1
431 1 0 2
431 0 0 1
431 0 0 1
431 0 0 1
431 0 0 1
431 0 0 1
432 1 0 2
432 0 0 1
432 0 0 1
432 0 0 1
432 0 0 1
432 0 0 1
433 1 0 2
433 0 0 1
433 0 0 1
433 0 0 1
433 0 0 1
433 0 0 1
434 1 0 2
434 0 0 1
434 0 0 1
434 0 0 1
434 0 0 1
435 1 0 2
435 1 0 2
435 0 0 1
435 0 0 1
435 0 0 1
435 0 0 1
435 0 0 1
436 1 0 2
436 1 0 2
436 0 0 1
436 0 0 1
436 0 0 1
436 0 0 1
436 0 0 1
437 1 0 1
437 0 0 1
437 0 0 1
437 0 0 1
437 0 0 1
437 0 0 1
438 0 0 1
438 0 0 1
438 0 0 1
438 0 0 1
438 0 0 1
439 0 0 1
439 0 0 1
439 0 0 1
439 0 0 1
440 1 0 3
440 0 0 1
440 0 0 1
440 0 0 1
440 0 0 1
440 0 0 1
441 0 0 1
441 0 0 1
441 0 0 1
441 0 0 1
441 0 0 1
442 0 0 1
442 0 0 1
442 0 0 1
442 0 0 1
442 0 0 1
443 0 0 1
443 0 0 1
443 0 0 1
443 0 0 1
443 0 0 1
444 0 0 1
444 0 0 1
444 0 0 1
444 0 0 1
444 0 0 1
445 0 0 1
445 0 0 1
445 0 0 1
445 0 0 1
445 0 0 1
446 0 0 1
446 1 0 2
446 2 0 2
446 0 0 1
446 0 0 1
446 0 0 1
446 0 0 1
446 0 0 1
447 0 0 1
447 0 0 1
447 0 0 1
447 0 0 1
448 0 0 1
448 0 0 1
448 0 0 1
448 0 0 1
449 0 0 1
449 0 0 1
449 0 0 1
449 0 0 1
449 0 0 1
450 1 0 2
450 0 0 1
450 0 0 2
450 0 0 1
450 0 0 1
450 0 0 1
451 0 0 1
451 0 0 1
451 0 0 1
451 0 0 1
451 0 0 1
452 0 0 1
452 0 0 1
452 0 0 1
452 0 0 1
453 2 0 2
453 0 0 1
453 0 0 1
453 0 0 1
453 0 0 1
453 0 0 1
454 1 0 2
454 0 0 1
454 0 0 1
454 0 0 1
454 0 0 1
455 1 0 2
455 1 0 2
455 0 0 1
455 0 0 1
455 0 0 1
455 0 0 1
455 0 0 1
456 0 0 1
456 0 0 1
456 0 0 1
456 0 0 1
456 0 0 1
457 0 0 1
457 0 0 1
457 0 0 1
457 0 0 1
457 0 0 2
458 0 0 1
458 0 0 1
458 0 0 1
458 0 0 1
458 0 0 1
459 1 0 2
459 3 0 4
459 0 0 1
459 0 0 1
459 0 0 1
459 0 0 1
460 0 0 1
460 0 0 1
460 0 0 1
460 0 0 1
460 0 0 1
460 0 0 1
461 0 0 1
461 0 0 1
461 0 0 1
461 0 0 1
461 0 0 1
462 1 0 2
462 0 0 1
462 0 0 1
462 0 0 1
462 0 0 1
462 0 0 1
463 1 0 2
463 0 0 1
463 0 0 1
463 0 0 1
463 0 0 1
463 0 0 1
464 0 0 1
464 0 0 1
464 0 0 1
464 0 0 1
465 0 0 1
465 0 0 1
465 0 0 1
465 0 0 1
465 0 0 1
466 0 0 1
466 0 0 1
466 0 0 1
466 0 0 1
466 0 0 1
467 0 0 1
467 0 0 1
467 0 0 1
467 0 0 1
468 1 0 2
468 1 0 2
468 0 0 1
468 0 0 1
468 0 0 1
468 0 0 1
468 0 0 1
469 1 0 2
469 1 0 2
469 0 0 1
469 0 0 1
469 0 0 1
469 0 0 1
470 0 0 1
470 0 0 1
470 0 0 1
470 0 0 1
471 1 0 2
471 0 0 1
471 0 0 1
471 0 0 1
471 0 0 1
471 0 0 1
472 0 0 1
472 0 0 1
472 0 0 1
472 0 0 1
473 2 0 2
473 0 0 1
473 0 0 1
473 0 0 1
473 0 0 1
473 0 0 1
474 0 0 1
474 0 0 1
474 0 0 1
475 1 0 2
475 0 0 1
475 0 0 1
475 0 0 1
475 0 0 1
475 0 0 1
476 0 0 1
476 0 0 1
476 0 0 1
476 0 0 1
476 0 0 1
476 0 0 1
477 0 0 1
477 0 0 1
477 0 0 1
477 0 0 1
477 0 0 1
478 0 0 1
478 0 0 1
478 0 0 1
479 1 0 2
479 0 0 1
479 0 0 1
479 0 0 1
479 0 0 1
479 0 0 1
480 1 0 2
480 0 0 1
480 0 0 1
480 0 0 1
480 0 0 1
481 0 0 1
481 0 0 1
481 0 0 1
481 0 0 1
481 0 0 1
482 1 0 3
482 0 0 1
482 0 0 1
482 0 0 1
482 0 0 1
482 0 0 1
483 1 0 2
483 0 0 1
483 0 0 1
483 0 0 1
483 0 0 1
483 1 0 2
483 1 0 2
484 0 0 1
484 0 0 1
484 0 0 1
484 0 0 1
484 0 0 1
485 0 0 1
485 0 0 1
485 0 0 1
485 0 0 1
485 0 0 1
486 0 0 1
486 0 0 1
486 0 0 1
486 0 0 1
487 1 0 2
487 0 0 1
487 0 0 1
487 0 0 1
487 0 0 1
487 0 0 1
488 1 0 2
488 1 0 2
488 0 0 1
488 0 0 1
488 0 0 1
488 0 0 1
489 0 0 1
489 0 0 1
489 0 0 1
490 1 0 2
490 1 0 2
490 0 0 1
490 0 0 1
490 0 0 1
490 0 0 1
491 0 0 1
491 0 0 1
491 0 0 1
491 0 0 1
492 1 0 2
492 0 0 1
492 0 0 1
492 0 0 2
492 0 0 1
492 0 0 1
493 1 0 2
493 1 0 1
493 0 0 1
493 0 0 1
493 0 0 1
493 0 0 1
493 0 0 1
494 1 0 2
494 0 0 1
494 0 0 1
494 0 0 1
495 0 0 1
495 0 0 1
495 0 0 1
495 0 0 1
495 0 0 1
496 0 0 2
496 0 0 1
496 0 0 1
496 0 0 1
496 0 0 1
496 0 0 1
497 0 0 1
497 0 0 1
497 0 0 1
497 0 0 1
497 0 0 1
498 0 0 1
498 0 0 1
498 0 0 1
498 0 0 1
498 0 0 1
498 0 0 1
499 1 0 2
499 0 0 1
499 0 0 1
499 0 0 1
499 0 0 1
499 0 0 1
500 1 0 2
500 0 0 1
500 0 0 1
500 0 0 1
500 0 0 1
500 0 0 1
501 0 0 1
501 0 0 1
501 0 0 1
501 0 0 1
501 0 0 1
502 0 0 1
502 0 0 1
502 0 0 1
502 0 0 1
502 0 0 1
503 1 0 2
503 0 0 1
503 0 0 1
503 0 0 1
503 0 0 1
503 0 0 1
504 1 0 2
504 0 0 1
504 0 0 1
504 0 0 1
504 0 0 1
504 0 0 1
505 1 0 2
505 0 0 1
505 0 0 1
505 0 0 1
505 0 0 1
505 0 0 1
506 0 0 1
506 0 0 1
506 0 0 1
506 0 0 1
506 0 0 1
507 0 0 1
507 0 0 1
507 0 0 1
507 0 0 1
507 0 0 1
508 0 0 2
508 0 0 1
508 0 0 1
508 0 0 1
508 0 0 1
509 1 0 2
509 0 0 1
509 0 0 1
509 0 0 1
509 0 0 1
509 0 0 1
510 1 0 2
510 1 0 2
510 0 0 1
510 0 0 1
510 0 0 1
510 0 0 1
510 0 0 1
511 0 0 1
511 0 0 1
511 0 0 1
511 0 0 1
511 0 0 1
512 0 0 1
512 0 0 1
512 0 0 2
512 0 0 1
512 0 0 1
513 0 0 1
513 0 0 1
513 0 0 1
513 0 0 1
513 0 0 1
514 0 0 1
514 0 0 1
514 0 0 1
514 0 0 1
515 0 0 1
515 0 0 1
515 0 0 1
515 0 0 1
515 0 0 1
515 0 0 1
516 0 0 1
516 0 0 1
516 0 0 1
516 0 0 1
516 0 0 1
517 0 0 2
517 0 0 1
517 0 0 1
517 0 0 1
517 0 0 1
517 0 0 1
518 0 0 1
518 0 0 1
518 0 0 1
518 0 0 1
519 1 0 2
519 0 0 2
519 0 0 1
519 0 0 1
519 0 0 1
519 0 0 1
520 1 0 2
520 0 0 1
520 0 0 1
520 0 0 1
520 0 0 1
520 0 0 1
521 0 0 2
521 0 0 1
521 0 0 1
521 0 0 1
521 0 0 1
521 0 0 1
522 1 0 2
522 0 0 1
522 0 0 1
522 0 0 1
522 0 0 1
523 0 0 1
523 0 0 1
523 0 0 1
523 0 0 1
523 0 0 1
524 1 0 1
524 0 0 1
524 0 0 1
524 0 0 1
524 0 0 1
525 0 0 1
525 0 0 1
525 0 0 1
525 0 0 1
525 0 0 1
526 0 0 2
526 0 0 1
526 0 0 1
526 0 0 1
526 0 0 1
527 1 0 2
527 1 0 2
527 0 0 1
527 0 0 1
527 0 0 1
527 0 0 1
527 0 0 1
528 0 0 1
528 0 0 1
528 0 0 1
528 0 0 1
528 0 0 1
529 1 0 2
529 0 0 1
529 0 0 1
529 0 0 1
529 0 0 2
530 1 0 2
530 0 0 1
530 0 0 1
530 0 0 1
530 0 0 1
530 0 0 1
531 1 0 2
531 0 0 1
531 0 0 1
531 0 0 1
531 0 0 1
531 0 0 1
532 0 0 1
532 0 0 1
532 0 0 1
532 0 0 1
532 0 0 1
533 0 0 1
533 0 0 1
533 0 0 1
533 0 0 1
533 0 0 1
534 0 0 1
534 0 0 1
534 0 0 1
534 0 0 1
534 0 0 1
535 0 0 1
535 0 0 1
535 0 0 1
535 0 0 1
535 0 0 1
536 0 0 1
536 0 0 1
536 0 0 1
536 0 0 1
537 1 0 2
537 0 0 1
537 0 0 1
537 0 0 1
537 0 0 1
537 0 0 1
538 2 0 2
538 0 0 1
538 0 0 1
538 0 0 1
538 0 0 1
539 0 0 1
539 1 0 2
539 0 0 1
539 0 0 1
539 0 0 1
539 0 0 1
539 0 0 1
540 0 0 1
540 0 0 1
540 0 0 1
540 0 0 1
540 0 0 1
541 1 0 2
541 0 0 1
541 0 0 1
541 0 0 1
541 0 0 1
542 0 0 1
542 0 0 1
542 0 0 1
542 0 0 1
542 0 0 1
543 0 0 1
543 0 0 1
543 0 0 1
543 0 0 1
543 0 0 1
544 0 0 1
544 1 0 2
544 0 0 1
544 0 0 1
544 0 0 1
545 0 0 1
545 0 0 1
545 0 0 1
545 1 0 3
545 0 0 1
545 0 0 1
546 1 0 2
546 0 0 1
546 0 0 1
546 0 0 1
546 0 0 1
547 0 0 1
547 0 0 1
547 0 0 1
547 0 0 1
548 0 0 1
548 0 0 1
548 0 0 1
548 0 0 1
549 1 0 3
549 0 0 1
549 0 0 1
549 0 0 1
549 0 0 1
549 0 0 1
550 1 0 2
550 0 0 1
550 0 0 1
550 0 0 1
550 0 0 1
550 0 0 1
551 0 0 1
551 0 0 1
551 0 0 1
551 0 0 1
552 1 0 2
552 0 0 1
552 0 0 1
552 0 0 1
552 0 0 1
552 0 0 2
553 0 0 1
553 0 0 1
553 0 0 1
553 0 0 1
554 1 0 2
554 0 0 1
554 0 0 1
554 0 0 1
554 0 0 1
554 0 0 1
555 1 0 2
555 0 0 1
555 0 0 1
555 0 0 1
555 0 0 1
555 0 0 1
556 0 0 1
556 0 0 1
556 0 0 1
556 0 0 1
556 0 0 1
557 0 0 1
557 0 0 1
557 0 0 1
557 0 0 1
557 0 0 1
558 1 0 2
558 0 0 1
558 0 0 1
558 0 0 1
558 0 0 1
558 0 0 1
559 0 0 1
559 0 0 1
559 0 0 1
559 0 0 1
559 0 0 1
560 0 0 1
560 0 0 1
560 0 0 1
560 0 0 1
560 0 0 1
561 0 0 1
561 0 0 1
561 0 0 1
561 0 0 1
561 0 0 1
562 0 0 1
562 0 0 2
562 0 0 1
562 0 0 1
562 0 0 1
563 1 0 2
563 0 0 1
563 0 0 1
563 0 0 1
563 0 0 1
563 0 0 1
564 0 0 1
564 0 0 1
564 0 0 1
564 0 0 1
564 0 0 1
565 1 0 2
565 0 0 1
565 0 0 1
565 0 0 1
565 0 0 1
566 1 0 2
566 0 0 1
566 0 0 1
566 0 0 1
566 0 0 1
566 0 0 1
567 0 0 1
567 0 0 1
567 0 0 1
567 0 0 1
567 0 0 1
568 1 0 1
568 0 0 1
568 0 0 1
568 0 0 1
568 0 0 1
568 0 0 1
569 0 0 1
569 0 0 1
569 0 0 1
569 0 0 1
569 0 0 1
570 1 0 2
570 0 0 1
570 0 0 1
570 0 0 1
570 0 0 1
570 0 0 1
571 0 0 1
571 0 0 1
571 0 0 1
571 0 0 1
571 0 0 2
571 0 0 1
572 0 0 1
572 0 0 1
572 0 0 1
572 0 0 1
572 0 0 1
573 1 0 2
573 0 0 1
573 0 0 1
573 0 0 1
573 0 0 1
573 0 0 1
574 1 0 2
574 0 0 1
574 0 0 1
574 0 0 1
574 0 0 1
575 1 0 2
575 0 0 1
575 0 0 1
575 0 0 1
575 0 0 1
575 0 0 1
576 0 0 1
576 0 0 1
576 0 0 1
576 0 0 1
576 0 0 1
577 0 0 1
577 0 0 1
577 0 0 1
577 0 0 1
577 0 0 1
578 0 0 1
578 0 0 1
578 0 0 1
578 0 0 1
578 0 0 1
579 1 0 2
579 0 0 1
579 0 0 1
579 0 0 1
579 0 0 1
579 0 0 1
580 1 0 2
580 1 0 2
580 0 0 1
580 0 0 1
580 0 0 1
580 0 0 1
581 0 0 1
581 0 0 1
581 0 0 1
581 0 0 1
582 0 0 1
582 0 0 1
582 0 0 1
582 0 0 1
582 0 0 1
583 1 0 2
583 0 0 1
583 0 0 1
583 0 0 1
583 0 0 1
584 0 0 2
584 0 0 1
584 0 0 1
584 0 0 1
584 0 0 1
584 0 0 1
585 1 0 2
585 0 0 1
585 0 0 1
585 0 0 1
585 0 0 1
585 0 0 1
586 0 0 1
586 0 0 1
586 0 0 1
586 0 0 1
586 0 0 1
587 1 0 2
587 0 0 2
587 0 0 1
587 0 0 1
587 0 0 1
587 0 0 1
588 0 0 1
588 0 0 1
588 0 0 1
588 0 0 1
588 0 0 1
589 0 0 1
589 0 0 1
589 0 0 1
589 0 0 1
589 0 0 1
590 0 0 1
590 0 0 1
590 0 0 1
590 0 0 1
590 0 0 1
590 0 0 1
591 1 0 2
591 0 0 1
591 0 0 1
591 0 0 1
591 1 0 2
591 0 0 1
592 0 0 1
592 0 0 1
592 0 0 1
592 0 0 1
593 2 0 2
593 0 0 1
593 0 0 1
593 0 0 1
593 0 0 1
593 0 0 1
594 0 0 1
594 0 0 1
594 0 0 1
594 0 0 1
594 0 0 1
595 0 0 1
595 0 0 1
595 0 0 2
595 0 0 1
595 0 0 1
596 1 0 2
596 0 0 1
596 0 0 1
596 0 0 1
596 0 0 1
596 0 0 1
597 0 0 2
597 0 0 1
597 0 0 1
597 0 0 1
597 0 0 1
597 0 0 1
598 1 0 2
598 1 0 2
598 0 0 1
598 0 0 1
599 1 0 2
599 0 0 1
599 0 0 1
599 0 0 1
599 0 0 1
599 1 0 3
600 0 0 1
600 0 0 1
600 0 0 1
600 0 0 1
600 0 0 1
601 1 0 2
601 0 0 1
601 0 0 1
601 0 0 1
601 0 0 1
602 0 0 1
602 0 0 1
602 0 0 1
602 0 0 2
603 1 0 2
603 0 0 1
603 0 0 1
603 0 0 1
603 0 0 1
604 0 0 1
604 0 0 1
604 0 0 1
604 0 0 1
604 0 0 1
605 1 0 2
605 0 0 1
605 0 0 1
605 0 0 1
605 0 0 1
605 0 0 1
606 0 0 1
606 0 0 1
606 0 0 1
606 0 0 1
606 0 0 1
607 0 0 1
607 0 0 1
607 0 0 1
607 0 0 1
608 0 0 1
608 0 0 1
608 0 0 1
608 0 0 1
608 0 0 1
609 0 0 1
609 0 0 1
609 0 0 1
609 0 0 1
609 0 0 1
610 2 0 4
610 0 0 1
610 0 0 1
610 0 0 1
610 0 0 1
611 0 0 1
611 1 0 3
611 0 0 1
611 0 0 1
611 0 0 1
611 0 0 1
611 0 0 1
612 0 0 1
612 0 0 1
612 0 0 1
612 0 0 1
612 0 0 1
613 0 0 1
613 0 0 1
613 0 0 1
613 0 0 1
613 0 0 1
614 0 0 1
614 0 0 1
614 0 0 1
614 0 0 1
615 1 0 2
615 0 0 1
615 0 0 1
615 0 0 2
615 0 0 1
616 1 0 2
616 0 0 1
616 0 0 1
616 0 0 1
616 0 0 1
616 0 0 1
617 1 0 2
617 0 0 1
617 0 0 1
617 0 0 1
617 0 0 1
617 0 0 1
618 1 0 2
618 0 0 1
618 0 0 1
618 0 0 1
618 0 0 1
618 0 0 1
619 1 0 2
619 0 0 1
619 0 0 1
619 0 0 1
620 0 0 1
620 0 0 1
620 0 0 1
620 0 0 1
620 0 0 1
621 1 0 2
621 0 0 1
621 0 0 1
621 0 0 1
621 0 0 1
621 0 0 1
622 0 0 2
622 0 0 1
622 0 0 1
622 0 0 1
623 1 0 2
623 0 0 1
623 0 0 1
623 0 0 1
623 0 0 2
623 0 0 1
624 1 0 2
624 0 0 1
624 0 0 1
624 0 0 1
624 0 0 1
624 0 0 1
625 1 0 2
625 0 0 1
625 0 0 1
625 0 0 1
625 0 0 1
626 1 0 2
626 0 0 1
626 0 0 1
626 0 0 1
626 0 0 1
626 0 0 1
627 0 0 1
627 0 0 1
627 0 0 1
627 0 0 1
628 0 0 1
628 0 0 1
628 0 0 1
628 0 0 1
628 0 0 1
629 1 0 2
629 0 0 1
629 0 0 1
629 0 0 1
629 0 0 1
629 0 0 1
630 0 0 1
630 0 0 1
630 0 0 1
630 0 0 1
630 0 0 1
631 1 0 2
631 0 0 1
631 0 0 1
631 0 0 1
631 0 0 1
632 1 0 2
632 0 0 1
632 0 0 1
632 0 0 1
632 0 0 2
632 0 0 1
633 1 0 2
633 0 0 1
633 0 0 1
633 0 0 1
633 0 0 1
633 0 0 1
634 1 0 3
634 0 0 1
634 0 0 1
634 0 0 1
634 0 0 1
634 0 0 1
635 2 0 2
635 0 0 1
635 0 0 1
635 0 0 1
635 0 0 1
635 0 0 1
636 0 0 1
636 0 0 1
636 0 0 1
636 0 0 1
636 0 0 1
637 0 0 1
637 0 0 1
637 0 0 1
637 0 0 1
638 0 0 1
638 0 0 1
638 0 0 1
638 0 0 1
638 0 0 1
639 1 0 2
639 0 0 1
639 0 0 1
639 0 0 1
639 0 0 1
639 0 0 1
640 0 0 1
640 0 0 1
640 0 0 1
640 0 0 1
640 0 0 1
641 1 0 2
641 0 0 1
641 0 0 1
641 0 0 1
641 0 0 1
641 0 0 1
642 0 0 1
642 1 0 2
642 0 0 1
642 0 0 1
642 0 0 1
642 0 0 1
642 0 0 1
643 0 0 1
643 0 0 1
643 0 0 1
643 0 0 1
643 0 0 1
644 0 0 1
644 0 0 1
644 0 0 1
644 0 0 1
644 0 0 1
645 0 0 1
645 0 0 1
645 0 0 1
645 0 0 1
645 0 0 1
646 0 0 1
646 0 0 1
646 0 0 1
646 0 0 1
646 0 0 1
647 0 0 1
647 0 0 1
647 0 0 1
647 0 0 1
647 0 0 1
648 1 0 2
648 0 0 1
648 0 0 1
648 0 0 1
648 0 0 1
648 0 0 1
649 1 0 2
649 0 0 1
649 0 0 1
649 0 0 1
649 0 0 1
650 0 0 1
650 0 0 1
650 0 0 1
650 0 0 1
650 0 0 1
651 0 0 1
651 0 0 1
651 0 0 1
651 0 0 1
651 0 0 1
652 0 0 1
652 0 0 1
652 0 0 1
652 0 0 1
652 0 0 1
653 1 0 1
653 0 0 1
653 0 0 1
653 0 0 1
653 0 0 1
654 1 0 2
654 0 0 1
654 0 0 1
654 0 0 1
654 0 0 1
655 1 0 2
655 0 0 1
655 0 0 1
655 0 0 1
655 0 0 1
655 0 0 1
656 1 0 2
656 1 0 2
656 0 0 1
656 0 0 1
656 0 0 1
656 0 0 1
656 0 0 1
657 0 0 1
657 0 0 1
657 0 0 1
657 0 0 1
657 0 0 1
657 0 0 1
658 1 0 2
658 0 0 1
658 0 0 1
658 0 0 1
658 0 0 1
659 0 0 1
659 0 0 1
659 1 0 2
659 0 0 1
659 0 0 1
660 0 0 1
660 0 0 1
660 0 0 1
660 0 0 1
660 0 0 1
661 1 0 2
661 0 0 1
661 0 0 1
661 0 0 1
661 0 0 1
661 0 0 1
662 1 0 2
662 0 0 1
662 0 0 1
662 0 0 1
662 0 0 1
662 0 0 1
663 0 0 1
663 0 0 1
663 0 0 1
663 0 0 1
663 0 0 1
664 0 0 1
664 0 0 1
664 0 0 1
664 0 0 1
664 0 0 1
665 0 0 1
665 0 0 1
665 0 0 1
665 0 0 1
665 0 0 1
666 1 0 2
666 1 0 2
666 0 0 1
666 0 0 1
666 0 0 1
667 0 0 1
667 0 0 1
667 0 0 1
667 0 0 1
667 0 0 1
668 0 0 1
668 0 0 1
668 0 0 1
668 0 0 1
669 0 0 1
669 1 0 2
669 0 0 1
669 0 0 1
669 0 0 1
669 0 0 1
669 0 0 1
670 1 0 2
670 0 0 1
670 0 0 1
670 0 0 1
670 0 0 1
670 0 0 1
671 1 0 2
671 0 0 1
671 0 0 1
671 0 0 1
671 0 0 1
671 0 0 1
672 0 0 1
672 0 0 1
672 0 0 1
672 0 0 1
672 0 0 1
673 1 0 2
673 0 0 1
673 0 0 1
673 0 0 1
673 0 0 1
673 0 0 1
674 1 0 2
674 0 0 1
674 0 0 1
674 0 0 1
674 0 0 1
675 0 0 1
675 0 0 1
675 0 0 1
675 0 0 1
675 0 0 1
676 1 0 3
676 1 0 2
676 0 0 1
676 0 0 1
676 0 0 1
676 0 0 1
676 0 0 1
677 0 0 1
677 0 0 1
677 0 0 1
677 0 0 1
677 0 0 1
678 0 0 1
678 0 0 1
678 0 0 1
678 0 0 1
678 0 0 1
679 0 0 1
679 0 0 1
679 0 0 1
679 0 0 1
679 0 0 1
680 0 0 1
680 0 0 1
680 0 0 1
680 0 0 1
680 0 0 1
681 0 0 1
681 0 0 1
681 0 0 1
681 0 0 1
681 0 0 1
682 0 0 1
682 0 0 1
682 0 0 1
682 0 0 1
683 0 0 1
683 0 0 1
683 0 0 1
683 0 0 1
683 0 0 1
684 1 0 2
684 1 0 2
684 0 0 1
684 0 0 1
684 0 0 1
684 0 0 1
684 0 0 1
685 1 0 2
685 0 0 1
685 0 0 1
685 0 0 1
685 0 0 1
685 0 0 1
686 1 0 2
686 0 0 1
686 0 0 1
686 0 0 1
686 0 0 1
687 0 0 1
687 0 0 1
687 0 0 1
687 0 0 1
687 0 0 1
688 0 0 1
688 0 0 1
688 0 0 1
688 0 0 1
689 1 0 2
689 0 0 2
689 0 0 1
689 0 0 1
689 0 0 1
689 0 0 1
690 2 0 2
690 0 0 1
690 0 0 1
690 0 0 1
690 0 0 1
690 0 0 1
691 0 0 1
691 0 0 1
691 2 0 2
691 0 0 1
691 0 0 1
691 0 0 1
692 1 0 2
692 0 0 1
692 0 0 1
692 0 0 1
692 0 0 1
693 1 0 2
693 0 0 1
693 1 0 2
693 0 0 1
693 0 0 1
693 0 0 1
693 0 0 1
694 1 0 2
694 0 0 1
694 0 0 1
694 0 0 1
694 0 0 1
694 0 0 1
695 0 0 1
695 0 0 1
695 0 0 1
695 0 0 1
695 0 0 1
695 0 0 1
696 0 0 1
696 0 0 1
696 0 0 1
696 0 0 1
697 1 0 2
697 1 0 2
697 0 0 1
697 0 0 1
697 0 0 1
697 0 0 1
697 0 0 1
698 0 0 1
698 0 0 1
698 0 0 1
699 1 0 3
699 1 0 2
699 0 0 1
699 0 0 1
699 0 0 1
699 0 0 1
699 0 0 1
700 0 0 1
700 0 0 1
700 0 0 1
700 0 0 1
701 0 0 1
701 0 0 1
701 0 0 1
701 0 0 1
701 0 0 1
702 1 0 3
702 0 0 1
702 0 0 1
702 0 0 1
702 0 0 1
703 1 0 2
703 0 0 1
703 0 0 1
703 0 0 1
703 0 0 1
703 0 0 1
704 0 0 1
704 0 0 1
704 0 0 1
704 0 0 1
704 0 0 1
705 1 0 2
705 0 0 1
705 0 0 1
705 0 0 1
705 0 0 1
706 0 0 1
706 0 0 1
706 0 0 1
706 0 0 1
706 0 0 1
707 0 0 1
707 0 0 1
707 0 0 1
707 0 0 1
708 1 0 2
708 1 0 2
708 0 0 1
708 0 0 1
708 0 0 1
708 0 0 1
709 1 0 2
709 0 0 1
709 0 0 1
709 0 0 1
709 0 0 1
709 0 0 1
710 0 0 1
710 0 0 1
710 0 0 1
710 0 0 1
710 0 0 1
710 0 0 1
711 1 0 2
711 0 0 1
711 0 0 1
711 0 0 1
711 0 0 1
712 0 0 1
712 0 0 1
712 0 0 1
712 0 0 1
712 0 0 1
713 0 0 1
713 0 0 1
713 0 0 1
713 0 0 1
713 0 0 1
714 1 0 1
714 0 0 1
714 0 0 1
714 0 0 1
714 0 0 1
714 0 0 1
715 2 0 3
715 0 0 1
715 0 0 1
715 0 0 1
715 0 0 1
715 0 0 1
716 0 0 1
716 0 0 1
716 0 0 1
716 0 0 1
717 0 0 2
717 0 0 1
717 0 0 1
717 0 0 1
717 0 0 1
717 0 0 1
718 0 0 1
718 0 0 1
718 0 0 1
718 1 0 2
718 0 0 1
719 0 0 1
719 0 0 1
719 0 0 1
719 0 0 1
719 0 0 1
720 1 0 2
720 0 0 1
720 0 0 1
720 1 0 2
720 0 0 1
720 0 0 1
721 1 0 2
721 0 0 1
721 0 0 1
721 0 0 1
721 0 0 1
721 0 0 1
722 1 0 2
722 0 0 1
722 0 0 1
722 0 0 1
722 0 0 1
723 0 0 1
723 0 0 1
723 0 0 1
723 0 0 1
723 0 0 1
723 0 0 1
724 0 0 1
724 0 0 1
724 0 0 1
724 0 0 1
724 0 0 1
725 0 0 1
725 0 0 1
725 0 0 1
725 0 0 1
726 1 0 2
726 0 0 1
726 0 0 1
726 0 0 1
726 0 0 1
726 0 0 1
727 0 0 1
727 0 0 1
727 0 0 1
727 0 0 1
727 0 0 1
728 0 0 1
728 0 0 1
728 0 0 1
728 0 0 1
728 0 0 1
729 0 0 1
729 0 0 1
729 0 0 1
729 0 0 1
729 0 0 1
730 1 0 3
730 0 0 1
730 0 0 1
730 0 0 1
730 0 0 1
730 0 0 1
731 0 0 1
731 0 0 2
731 0 0 1
731 0 0 1
731 0 0 1
731 0 0 1
732 0 0 1
732 0 0 1
732 0 0 1
732 0 0 1
732 0 0 1
733 0 0 1
733 0 0 1
733 0 0 1
733 0 0 1
733 0 0 1
734 1 0 2
734 0 0 1
734 0 0 1
734 0 0 1
734 0 0 1
734 0 0 1
735 0 0 1
735 0 0 1
735 0 0 1
735 0 0 1
735 0 0 1
736 0 0 1
736 1 0 2
736 0 0 1
736 0 0 1
736 0 0 1
736 0 0 1
736 0 0 1
737 0 0 1
737 0 0 1
737 0 0 1
737 0 0 1
738 0 0 1
738 0 0 1
738 0 0 1
738 0 0 1
738 0 0 1
739 1 0 2
739 1 0 4
739 0 0 1
739 0 0 1
739 1 0 2
739 0 0 1
740 0 0 1
740 0 0 1
740 0 0 1
740 0 0 1
740 0 0 1
741 0 0 1
741 0 0 1
741 0 0 1
741 0 0 1
741 0 0 1
742 0 0 1
742 0 0 1
742 0 0 1
742 1 0 2
742 0 0 1
743 0 0 1
743 0 0 1
743 0 0 1
743 0 0 1
744 0 0 1
744 1 0 2
744 0 0 1
744 0 0 1
744 0 0 1
745 1 0 2
745 0 0 1
745 0 0 1
745 0 0 1
745 0 0 1
745 0 0 1
746 2 0 2
746 0 0 1
746 0 0 1
746 0 0 1
746 0 0 1
746 0 0 1
747 1 0 1
747 0 0 1
747 0 0 1
747 0 0 1
747 0 0 1
747 0 0 1
748 0 0 1
748 0 0 1
748 1 0 2
748 0 0 1
748 0 0 1
749 1 0 2
749 0 0 1
749 0 0 1
749 0 0 1
749 0 0 1
749 0 0 1
750 0 0 1
750 0 0 1
750 0 0 1
750 0 0 1
750 0 0 1
751 0 0 1
751 0 0 1
751 0 0 1
751 0 0 1
752 0 0 1
752 0 0 2
752 0 0 1
752 0 0 1
753 0 0 1
753 1 0 2
753 1 0 2
753 0 0 1
753 0 0 1
753 0 0 1
753 0 0 1
753 0 0 1
754 0 0 1
754 0 0 1
754 0 0 1
754 0 0 1
754 0 0 1
755 0 0 1
755 0 0 1
755 0 0 1
755 0 0 1
756 0 0 1
756 0 0 1
756 0 0 1
756 0 0 1
756 0 0 1
757 1 0 2
757 0 0 1
757 0 0 1
757 0 0 1
757 0 0 2
758 0 0 1
758 0 0 1
758 0 0 1
758 0 0 1
758 0 0 1
759 1 0 2
759 0 0 1
759 0 0 1
759 0 0 1
759 0 0 1
760 0 0 1
760 0 0 1
760 0 0 1
760 0 0 1
760 0 0 1
761 0 0 1
761 0 0 1
761 0 0 1
761 0 0 1
762 0 0 1
762 0 0 1
762 0 0 1
762 0 0 1
763 1 0 2
763 0 0 1
763 0 0 1
763 0 0 1
763 0 0 1
763 0 0 1
764 0 0 1
764 0 0 1
764 0 0 1
764 0 0 1
764 0 0 1
765 1 0 2
765 0 0 1
765 0 0 1
765 0 0 1
765 0 0 1
765 0 0 1
766 0 0 1
766 0 0 1
766 0 0 1
766 0 0 1
766 0 0 1
767 1 0 2
767 0 0 1
767 0 0 1
767 0 0 1
767 0 0 1
767 0 0 1
768 1 0 3
768 0 0 1
768 0 0 1
768 0 0 1
768 0 0 1
768 0 0 1
769 1 0 2
769 0 0 1
769 0 0 1
769 0 0 1
769 0 0 1
769 0 0 1
770 0 0 1
770 0 0 1
770 0 0 1
770 0 0 1
770 0 0 1
771 0 0 1
771 0 0 1
771 0 0 1
771 0 0 1
771 0 0 2
772 0 0 1
772 0 0 1
772 0 0 1
772 0 0 1
772 0 0 1
773 0 0 1
773 0 0 2
773 0 0 1
773 0 0 1
773 0 0 1
773 0 0 1
774 1 0 2
774 0 0 1
774 0 0 1
774 0 0 1
774 0 0 1
775 0 0 1
775 0 0 1
775 0 0 1
775 0 0 1
775 0 0 1
776 0 0 1
776 0 0 1
776 0 0 1
777 1 0 2
777 0 0 1
777 0 0 1
777 0 0 1
777 0 0 1
777 0 0 1
778 0 0 1
778 0 0 1
778 0 0 1
778 0 0 1
778 0 0 1
779 0 0 1
779 0 0 1
779 0 0 1
780 1 0 2
780 0 0 1
780 0 0 1
780 0 0 1
780 0 0 1
781 0 0 1
781 0 0 1
781 0 0 1
781 0 0 1
781 0 0 1
782 0 0 1
782 0 0 2
782 0 0 1
782 1 0 2
782 0 0 1
783 1 0 2
783 0 0 1
783 0 0 1
783 0 0 1
783 0 0 1
783 0 0 1
784 0 0 1
784 0 0 1
784 0 0 1
784 0 0 1
785 1 0 2
785 0 0 1
785 0 0 1
785 0 0 1
785 0 0 1
785 0 0 1
786 1 0 3
786 1 0 2
786 0 0 1
786 0 0 1
786 1 0 2
786 0 0 1
786 0 0 1
787 1 0 2
787 0 0 1
787 0 0 1
787 0 0 1
787 0 0 1
787 0 0 1
788 0 0 1
788 1 0 2
788 0 0 1
788 0 0 1
788 0 0 1
788 0 0 1
788 0 0 1
789 0 0 1
789 0 0 1
789 0 0 1
789 0 0 1
790 1 0 2
790 0 0 1
790 0 0 1
790 0 0 1
790 0 0 1
791 1 0 3
791 0 0 1
791 0 0 1
791 0 0 1
791 0 0 1
791 0 0 1
792 1 0 2
792 1 0 3
792 1 0 2
792 0 0 1
792 0 0 1
792 0 0 1
793 0 0 1
793 0 0 1
793 0 0 1
794 1 0 2
794 0 0 1
794 0 0 1
794 0 0 1
794 0 0 1
795 1 0 2
795 0 0 1
795 0 0 1
795 0 0 1
795 0 0 1
795 0 0 1
796 0 0 1
796 0 0 1
796 0 0 1
796 0 0 1
796 0 0 1
797 0 0 1
797 0 0 1
797 0 0 1
797 0 0 1
797 0 0 1
798 0 0 1
798 0 0 1
798 0 0 1
798 0 0 1
798 0 0 1
799 0 0 1
799 0 0 1
799 0 0 1
799 0 0 1
799 0 0 1
800 1 0 2
800 0 0 1
800 0 0 1
800 0 0 1
800 0 0 1
801 1 0 2
801 0 0 1
801 0 0 2
801 0 0 1
801 0 0 1
801 0 0 1
802 0 0 1
802 0 0 1
802 0 0 1
802 0 0 1
802 0 0 1
803 0 0 1
803 0 0 1
803 0 0 1
803 0 0 1
803 0 0 1
804 1 0 2
804 0 0 1
804 0 0 1
804 0 0 1
804 0 0 1
804 0 0 1
805 1 0 2
805 1 0 2
805 0 0 1
805 0 0 1
805 0 0 1
805 0 0 1
806 0 0 1
806 0 0 1
806 0 0 1
806 0 0 1
806 0 0 1
807 0 0 1
807 0 0 1
807 0 0 1
807 0 0 1
807 0 0 1
808 0 0 1
808 0 0 1
808 0 0 1
808 0 0 1
808 0 0 1
809 0 0 1
809 0 0 1
809 0 0 1
809 0 0 1
809 0 0 1
810 0 0 1
810 0 0 1
810 0 0 1
810 0 0 1
810 0 0 1
811 1 0 2
811 0 0 1
811 1 0 2
811 0 0 1
811 0 0 1
811 0 0 1
811 0 0 1
812 0 0 1
812 0 0 1
812 0 0 1
812 0 0 1
813 0 0 1
813 0 0 1
813 0 0 1
813 0 0 2
813 0 0 1
814 0 0 1
814 0 0 1
814 0 0 1
814 0 0 1
814 0 0 1
815 1 0 2
815 0 0 1
815 0 0 1
815 1 0 2
815 0 0 1
815 0 0 1
816 1 0 2
816 0 0 1
816 0 0 1
816 0 0 1
816 0 0 1
816 0 0 1
817 1 0 2
817 0 0 1
817 0 0 1
817 0 0 1
818 1 0 2
818 0 0 1
818 0 0 1
818 0 0 1
818 0 0 1
819 1 0 2
819 0 0 1
819 0 0 1
819 0 0 1
819 0 0 1
819 0 0 1
820 1 0 2
820 0 0 1
820 0 0 1
820 0 0 1
820 0 0 1
820 0 0 1
821 0 0 1
821 0 0 1
821 0 0 1
821 0 0 1
821 0 0 1
822 1 0 1
822 0 0 1
822 0 0 1
822 0 0 1
822 0 0 1
822 0 0 1
823 0 0 1
823 0 0 1
823 0 0 1
823 0 0 1
823 0 0 1
824 0 0 1
824 0 0 1
824 0 0 1
824 0 0 1
825 1 0 1
825 0 0 2
825 0 0 1
825 0 0 1
825 0 0 1
825 0 0 1
826 0 0 1
826 0 0 1
826 0 0 1
826 0 0 1
826 0 0 1
827 0 0 1
827 0 0 1
827 0 0 1
827 0 0 1
828 1 0 2
828 0 0 1
828 0 0 1
828 0 0 1
828 0 0 1
828 0 0 1
829 1 0 2
829 0 0 1
829 0 0 1
829 0 0 1
829 0 0 1
829 0 0 1
829 0 0 1
830 1 0 2
830 0 0 1
830 0 0 1
830 0 0 1
830 0 0 1
830 0 0 1
831 1 0 2
831 0 0 1
831 0 0 1
831 0 0 1
831 0 0 1
831 0 0 1
832 0 0 1
832 0 0 1
832 0 0 1
832 0 0 2
833 1 0 2
833 0 0 1
833 0 0 1
833 0 0 1
833 0 0 1
834 2 0 3
834 0 0 1
834 0 0 1
834 0 0 1
834 0 0 1
834 0 0 1
835 0 0 1
835 0 0 1
835 0 0 1
835 0 0 1
835 0 0 1
836 1 0 1
836 0 0 1
836 0 0 1
836 0 0 1
836 0 0 1
836 0 0 1
837 0 0 1
837 0 0 1
837 0 0 1
837 0 0 1
837 0 0 1
838 1 0 2
838 3 0 2
838 0 0 1
838 0 0 1
838 0 0 1
838 0 0 1
838 0 0 1
839 0 0 1
839 0 0 1
839 0 0 1
839 0 0 1
839 0 0 1
840 1 0 2
840 0 0 1
840 0 0 1
840 0 0 1
840 0 0 1
840 0 0 1
841 0 0 1
841 0 0 1
841 0 0 1
841 0 0 1
842 1 0 3
842 3 0 2
842 0 0 1
842 0 0 1
842 0 0 1
842 0 0 1
843 0 0 1
843 0 0 1
843 0 0 1
843 0 0 1
844 1 0 2
844 1 0 2
844 0 0 1
844 0 0 1
844 0 0 1
844 0 0 1
845 0 0 1
845 0 0 1
845 0 0 1
845 0 0 1
845 0 0 1
846 1 0 2
846 1 0 2
846 0 0 1
846 0 0 1
846 0 0 1
846 0 0 1
846 0 0 1
847 0 0 1
847 0 0 1
847 0 0 1
847 0 0 1
847 0 0 1
847 0 0 1
848 0 0 1
848 0 0 1
848 1 0 2
848 0 0 1
849 1 0 3
849 0 0 1
849 0 0 1
849 0 0 1
849 0 0 1
849 0 0 1
850 0 0 1
850 0 0 1
850 0 0 1
850 0 0 1
850 0 0 1
851 0 0 1
851 0 0 1
851 0 0 1
851 0 0 1
851 0 0 1
852 1 0 2
852 0 0 1
852 0 0 1
852 0 0 1
853 1 0 3
853 0 0 1
853 0 0 1
853 0 0 1
853 0 0 1
853 0 0 1
854 0 0 1
854 0 0 1
854 0 0 1
854 0 0 1
855 0 0 1
855 0 0 1
855 0 0 1
855 0 0 1
855 0 0 1
856 0 0 1
856 0 0 1
856 0 0 1
856 0 0 1
857 1 0 2
857 0 0 1
857 0 0 1
857 0 0 1
857 0 0 1
858 0 0 1
858 0 0 1
858 0 0 1
858 0 0 1
858 0 0 1
859 2 0 2
859 0 0 1
859 0 0 1
859 0 0 1
859 0 0 1
859 0 0 1
860 1 0 3
860 0 0 1
860 0 0 1
860 0 0 2
860 0 0 1
860 0 0 1
861 0 0 1
861 0 0 1
861 0 0 1
861 0 0 1
861 0 0 1
862 0 0 1
862 0 0 1
862 0 0 1
862 0 0 1
863 1 0 2
863 0 0 1
863 0 0 1
863 0 0 1
863 0 0 1
863 0 0 1
864 1 0 2
864 0 0 1
864 0 0 1
864 0 0 1
864 0 0 1
864 0 0 1
865 0 0 1
865 0 0 1
865 0 0 1
865 0 0 1
865 0 0 1
866 1 0 2
866 0 0 1
866 0 0 1
866 0 0 1
866 0 0 1
866 0 0 1
867 0 0 1
867 0 0 1
867 0 0 1
867 0 0 1
867 0 0 1
868 1 0 2
868 0 0 1
868 0 0 1
868 0 0 1
868 0 0 1
869 0 0 1
869 0 0 1
869 0 0 1
869 1 0 2
869 0 0 1
870 1 0 2
870 0 0 1
870 0 0 1
870 0 0 1
870 0 0 1
871 0 0 1
871 0 0 1
871 0 0 1
871 0 0 1
871 0 0 1
872 0 0 2
872 0 0 1
872 0 0 1
872 0 0 1
872 0 0 1
872 0 0 1
873 1 0 2
873 0 0 1
873 0 0 1
873 0 0 1
873 0 0 1
873 0 0 1
874 1 0 2
874 0 0 1
874 0 0 1
874 0 0 1
874 0 0 1
875 1 0 2
875 0 0 1
875 0 0 1
875 0 0 1
875 0 0 2
876 0 0 1
876 0 0 1
876 0 0 1
876 0 0 1
876 0 0 1
877 0 0 1
877 0 0 1
877 0 0 1
877 0 0 1
878 0 0 1
878 0 0 1
878 0 0 1
878 0 0 2
878 0 0 1
879 0 0 1
879 1 0 2
879 0 0 1
879 0 0 1
879 0 0 1
879 0 0 1
879 0 0 1
880 0 0 1
880 0 0 1
880 0 0 1
880 0 0 1
881 3 0 2
881 0 0 1
881 0 0 1
881 0 0 1
881 0 0 1
882 1 0 2
882 0 0 1
882 0 0 1
882 0 0 1
882 0 0 1
882 0 0 1
883 1 0 3
883 0 0 1
883 0 0 1
883 0 0 1
883 0 0 1
884 1 0 3
884 0 0 1
884 0 0 1
884 0 0 1
884 0 0 1
884 0 0 1
885 0 0 1
885 0 0 1
885 0 0 1
885 0 0 1
885 0 0 1
886 1 0 2
886 0 0 1
886 0 0 2
886 0 0 1
886 0 0 1
886 0 0 1
887 0 0 1
887 0 0 1
887 0 0 1
887 0 0 1
888 1 0 2
888 0 0 1
888 0 0 1
888 0 0 1
888 0 0 1
888 0 0 2
889 0 0 1
889 0 0 1
889 0 0 1
889 0 0 1
889 0 0 1
890 0 0 1
890 0 0 1
890 0 0 1
890 0 0 1
890 0 0 1
890 0 0 1
891 0 0 1
891 0 0 1
891 0 0 1
891 0 0 1
891 0 0 1
892 0 0 1
892 0 0 1
892 0 0 1
892 0 0 1
892 0 0 1
893 0 0 1
893 0 0 1
893 0 0 1
893 0 0 1
893 0 0 1
894 1 0 2
894 0 0 1
894 0 0 1
894 0 0 1
894 0 0 1
894 0 0 1
895 0 0 1
895 0 0 1
895 0 0 2
895 0 0 1
896 0 0 1
896 0 0 1
896 0 0 1
896 0 0 1
897 1 0 2
897 0 0 1
897 0 0 1
897 0 0 1
897 0 0 1
897 0 0 1
898 2 0 2
898 0 0 1
898 0 0 1
898 0 0 1
898 0 0 1
898 0 0 1
899 1 0 1
899 0 0 1
899 0 0 1
899 0 0 1
899 0 0 1
899 0 0 1
900 1 0 2
900 0 0 1
900 0 0 1
900 0 0 1
900 0 0 1
900 0 0 1
901 0 0 2
901 0 0 1
901 0 0 1
901 0 0 1
901 0 0 1
902 0 0 1
902 0 0 1
902 0 0 2
903 0 0 1
903 0 0 1
903 0 0 1
903 0 0 1
903 0 0 1
904 1 0 2
904 0 0 1
904 0 0 1
904 0 0 2
904 0 0 1
904 0 0 1
905 1 0 2
905 0 0 1
905 0 0 1
905 0 0 1
905 0 0 1
906 0 0 1
906 0 0 1
906 0 0 1
906 0 0 2
907 0 0 1
907 0 0 1
907 0 0 1
907 0 0 1
907 0 0 1
907 0 0 1
908 1 0 2
908 0 0 1
908 0 0 1
908 0 0 1
908 0 0 1
908 0 0 1
909 1 0 2
909 0 0 1
909 0 0 1
909 0 0 1
909 0 0 1
909 0 0 1
910 1 0 2
910 0 0 1
910 0 0 1
910 0 0 1
910 0 0 1
911 0 0 1
911 0 0 1
911 0 0 1
911 0 0 1
911 0 0 1
912 1 0 2
912 0 0 1
912 0 0 1
912 0 0 1
912 0 0 1
913 0 0 1
913 0 0 1
913 0 0 1
913 0 0 1
914 0 0 1
914 0 0 1
914 0 0 1
914 0 0 1
914 0 0 1
915 1 0 2
915 0 0 1
915 0 0 1
915 0 0 1
915 0 0 1
915 0 0 2
916 0 0 1
916 0 0 1
916 0 0 1
916 0 0 1
916 0 0 1
917 1 0 2
917 0 0 1
917 0 0 1
917 0 0 1
917 0 0 1
918 0 0 1
918 0 0 1
918 0 0 1
918 0 0 1
918 0 0 1
919 0 0 1
919 0 0 1
919 0 0 1
920 1 0 3
920 1 0 2
920 0 0 1
920 0 0 1
920 0 0 1
920 0 0 1
921 0 0 1
921 0 0 2
921 0 0 1
921 0 0 1
921 0 0 1
922 2 0 2
922 0 0 1
922 0 0 1
922 0 0 1
922 0 0 1
922 0 0 1
923 1 0 2
923 0 0 1
923 0 0 1
923 0 0 1
923 0 0 1
923 0 0 1
924 1 0 2
924 0 0 1
924 0 0 1
924 0 0 1
924 0 0 1
925 1 0 2
925 0 0 1
925 0 0 1
925 0 0 1
925 0 0 1
925 0 0 1
926 0 0 1
926 0 0 1
926 0 0 1
926 0 0 1
926 0 0 1
927 0 0 1
927 0 0 1
927 0 0 1
927 0 0 2
927 0 0 1
928 0 0 1
928 0 0 1
928 0 0 1
928 0 0 1
929 1 0 2
929 0 0 1
929 0 0 1
929 0 0 1
929 0 0 1
929 0 0 1
930 1 0 2
930 1 0 1
930 0 0 1
930 0 0 1
930 0 0 1
930 0 0 1
930 0 0 2
931 0 0 2
931 0 0 1
931 0 0 1
931 0 0 1
931 0 0 1
931 0 0 1
932 0 0 1
932 0 0 1
932 0 0 1
932 0 0 1
933 0 0 1
933 0 0 1
933 0 0 1
933 0 0 1
934 0 0 1
934 1 0 3
934 0 0 1
934 0 0 1
934 0 0 1
935 1 0 2
935 0 0 1
935 0 0 2
935 0 0 1
935 0 0 1
935 0 0 1
936 0 0 1
936 0 0 1
936 1 0 2
936 0 0 1
936 0 0 1
937 1 0 2
937 0 0 1
937 0 0 1
937 0 0 1
937 0 0 1
937 0 0 1
938 0 0 1
938 0 0 1
938 0 0 1
938 0 0 1
938 0 0 1
939 1 0 2
939 0 0 1
939 0 0 1
939 0 0 1
939 0 0 1
939 0 0 1
940 0 0 1
940 0 0 1
940 0 0 1
940 0 0 1
941 1 0 2
941 0 0 1
941 0 0 1
941 0 0 1
941 0 0 1
941 0 0 1
942 1 0 2
942 0 0 1
942 0 0 1
942 0 0 1
942 0 0 1
942 0 0 1
943 0 0 1
943 0 0 1
943 0 0 1
943 0 0 1
943 0 0 1
944 1 0 1
944 0 0 1
944 0 0 1
944 0 0 1
944 1 0 2
944 0 0 1
945 1 0 2
945 0 0 1
945 0 0 1
945 0 0 1
945 0 0 1
945 0 0 1
946 1 0 2
946 0 0 1
946 0 0 1
946 0 0 1
946 0 0 1
947 1 0 2
947 1 0 2
947 0 0 1
947 0 0 1
947 0 0 1
947 0 0 1
947 0 0 1
948 0 0 1
948 0 0 1
948 0 0 1
948 0 0 1
949 0 0 1
949 0 0 1
949 0 0 1
949 0 0 1
949 0 0 1
950 0 0 1
950 0 0 1
950 0 0 1
950 0 0 2
950 0 0 1
950 0 0 1
951 0 0 1
951 0 0 1
951 0 0 1
951 0 0 1
951 0 0 1
952 1 0 2
952 1 0 2
952 0 0 1
952 0 0 1
953 0 0 1
953 0 0 1
953 1 0 2
953 0 0 1
954 1 0 1
954 0 0 1
954 0 0 1
954 0 0 2
954 0 0 1
954 0 0 1
955 0 0 1
955 0 0 1
955 0 0 1
955 0 0 1
955 0 0 1
956 0 0 1
956 0 0 1
956 0 0 1
956 0 0 1
957 0 0 2
957 1 0 2
957 0 0 1
957 0 0 1
957 0 0 1
957 0 0 1
957 0 0 1
958 0 0 1
958 0 0 1
958 0 0 1
958 0 0 1
958 0 0 1
959 1 0 2
959 0 0 1
959 0 0 1
959 0 0 1
959 0 0 1
959 0 0 1
960 0 0 1
960 0 0 1
960 0 0 1
960 1 0 2
960 0 0 1
961 0 0 1
961 0 0 1
961 0 0 1
961 0 0 1
961 0 0 1
962 0 0 1
962 0 0 1
962 0 0 1
962 0 0 1
962 0 0 1
963 0 0 2
963 0 0 1
963 1 0 2
963 0 0 1
963 0 0 1
963 0 0 1
964 0 0 1
964 0 0 1
964 0 0 1
964 0 0 1
964 0 0 1
965 0 0 1
965 0 0 1
965 0 0 1
965 0 0 1
965 0 0 1
966 0 0 1
966 0 0 1
966 0 0 1
966 0 0 1
966 0 0 1
966 0 0 1
967 1 0 2
967 0 0 1
967 0 0 1
967 0 0 1
967 0 0 1
967 0 0 1
968 2 0 3
968 0 0 1
968 0 0 1
968 0 0 1
968 0 0 1
969 1 0 2
969 1 0 2
969 0 0 1
969 0 0 1
969 0 0 1
969 0 0 1
969 0 0 1
970 0 0 1
970 0 0 1
970 0 0 1
970 0 0 1
970 0 0 1
971 0 0 1
971 0 0 1
971 0 0 1
971 0 0 1
971 0 0 1
972 1 0 2
972 0 0 1
972 0 0 1
972 0 0 1
972 0 0 1
972 0 0 1
973 0 0 1
973 0 0 1
973 0 0 1
973 0 0 1
973 0 0 1
974 0 0 1
974 0 0 1
974 0 0 1
974 0 0 1
974 0 0 1
975 0 0 1
975 0 0 1
975 0 0 1
975 0 0 1
976 6 0 6
976 0 0 1
976 0 0 1
976 0 0 1
976 0 0 1
977 1 0 2
977 0 0 1
977 0 0 1
977 0 0 1
977 0 0 1
977 0 0 1
978 0 0 1
978 0 0 1
978 0 0 1
978 0 0 1
978 0 0 1
979 0 0 1
979 0 0 1
979 0 0 1
979 0 0 1
979 0 0 1
980 1 0 2
980 0 0 1
980 0 0 1
980 0 0 1
980 0 0 1
981 0 0 1
981 0 0 1
981 0 0 1
981 0 0 1
981 0 0 1
982 0 0 1
982 0 0 1
982 0 0 1
982 0 0 1
982 0 0 1
983 0 0 1
983 0 0 1
983 0 0 1
983 0 0 1
984 0 0 1
984 0 0 1
984 0 0 1
984 0 0 1
984 0 0 1
985 0 0 1
985 0 0 1
985 0 0 1
985 0 0 1
985 0 0 1
986 2 0 2
986 1 0 2
986 0 0 2
986 0 0 1
986 0 0 1
986 0 0 1
986 0 0 1
987 0 0 1
987 0 0 1
987 0 0 1
987 0 0 1
987 0 0 1
988 2 0 2
988 0 0 1
988 0 0 1
988 0 0 1
988 0 0 1
988 0 0 1
989 1 0 2
989 1 0 2
989 0 0 1
989 0 0 1
989 0 0 1
989 0 0 1
989 0 0 1
990 0 0 1
990 0 0 1
990 0 0 1
990 0 0 1
991 0 0 1
991 0 0 1
991 0 0 1
991 0 0 1
991 0 0 1
992 1 0 2
992 0 0 1
992 0 0 2
992 0 0 1
992 0 0 1
992 0 0 1
993 0 0 1
993 0 0 1
993 0 0 1
993 0 0 1
994 0 0 1
994 0 0 1
994 0 0 1
994 1 0 2
994 0 0 1
995 0 0 1
995 0 0 1
995 0 0 1
995 0 0 1
995 0 0 1
995 0 0 1
996 1 0 2
996 0 0 1
996 0 0 1
996 0 0 1
996 0 0 1
996 0 0 1
997 0 0 1
997 0 0 1
997 0 0 1
997 0 0 1
998 0 0 1
998 0 0 1
998 0 0 1
998 0 0 1
998 0 0 1
999 0 0 1
999 0 0 1
999 0 0 1
999 0 0 1
999 0 0 1
1000 1 0 2
1000 0 0 1
1000 0 0 1
1000 0 0 1
1000 0 0 1
1000 0 0 1
1001 1 0 2
1001 1 0 2
1001 0 0 1
1001 0 0 1
1001 0 0 1
1001 0 0 1
1001 0 0 1
1002 0 0 1
1002 0 0 1
1002 0 0 1
1002 0 0 1
1002 0 0 1
1003 1 0 2
1003 0 0 1
1003 0 0 1
1003 0 0 1
1003 0 0 1
1003 0 0 1
1004 0 0 1
1004 0 0 1
1004 0 0 1
1004 0 0 1
1004 0 0 1
1004 0 0 1
1005 0 0 1
1005 0 0 1
1005 0 0 1
1005 0 0 1
1005 0 0 1
1006 0 0 1
1006 0 0 1
1006 0 0 1
1006 0 0 1
1006 0 0 1
1007 0 0 1
1007 0 0 1
1007 0 0 1
1007 0 0 1
1008 0 0 1
1008 0 0 1
1008 0 0 1
1008 0 0 1
1008 0 0 1
1009 0 0 1
1009 0 0 1
1009 0 0 1
1009 0 0 1
1009 0 0 1
1010 0 0 1
1010 0 0 1
1010 0 0 1
1010 0 0 1
1010 0 0 1
1011 0 0 1
1011 1 0 2
1011 0 0 1
1011 0 0 1
1011 0 0 1
1011 0 0 1
1012 1 0 2
1012 0 0 1
1012 0 0 1
1012 0 0 1
1012 0 0 1
1012 0 0 1
1013 2 0 3
1013 0 0 1
1013 0 0 1
1013 0 0 1
1013 0 0 1
1014 0 0 1
1014 0 0 1
1014 0 0 1
1014 0 0 1
1014 0 0 1
1015 0 0 1
1015 0 0 1
1015 0 0 1
1015 0 0 1
1015 0 0 1
1016 1 0 2
1016 0 0 1
1016 0 0 1
1016 0 0 1
1016 0 0 1
1016 0 0 1
1017 0 0 1
1017 0 0 1
1017 0 0 1
1017 0 0 1
1018 1 0 2
1018 0 0 1
1018 0 0 1
1018 0 0 1
1018 0 0 1
1018 0 0 1
1019 1 0 2
1019 0 0 1
1019 1 0 2
1019 0 0 1
1019 0 0 1
1019 0 0 1
1020 1 0 2
1020 0 0 1
1020 0 0 1
1020 0 0 1
1021 0 0 1
1021 0 0 1
1021 0 0 1
1021 0 0 1
1021 0 0 1
1022 1 0 2
1022 1 0 2
1022 0 0 1
1022 0 0 1
1022 0 0 1
1023 1 0 2
1023 0 0 1
1023 0 0 1
1023 0 0 1
1023 0 0 1
1023 0 0 1
1024 1 0 2
1024 0 0 1
1024 0 0 1
1024 0 0 1
1024 0 0 1
1024 0 0 1
1025 2 0 2
1025 0 0 1
1025 0 0 1
1025 0 0 1
1025 0 0 1
1025 0 0 1
1026 4 0 3
1026 0 0 1
1026 1 0 2
1026 0 0 1
1026 0 0 1
1026 0 0 1
1027 0 0 1
1027 0 0 1
1027 0 0 1
1027 0 0 1
1027 0 0 1
1028 1 0 2
1028 1 0 2
1028 0 0 1
1028 0 0 1
1028 0 0 1
1028 0 0 1
1029 0 0 1
1029 0 0 1
1029 0 0 1
1029 0 0 1
1029 0 0 1
1030 0 0 1
1030 0 0 1
1030 0 0 1
1030 0 0 1
1030 0 0 1
1031 0 0 1
1031 0 0 1
1031 0 0 1
1031 0 0 1
1031 0 0 1
1032 0 0 1
1032 0 0 1
1032 0 0 1
1032 0 0 1
1032 0 0 1
1033 1 0 2
1033 0 0 1
1033 0 0 1
1033 0 0 1
1033 0 0 1
1033 0 0 1
1034 1 0 2
1034 0 0 1
1034 0 0 1
1034 0 0 1
1034 0 0 1
1035 0 0 1
1035 0 0 1
1035 0 0 1
1035 0 0 1
1035 0 0 1
1036 0 0 1
1036 0 0 1
1036 0 0 1
1036 0 0 1
1036 0 0 1
1037 0 0 1
1037 0 0 1
1037 0 0 1
1037 0 0 1
1037 0 0 1
1037 0 0 1
1038 1 0 2
1038 0 0 1
1038 0 0 1
1038 0 0 1
1038 0 0 1
1038 0 0 1
1039 0 0 1
1039 0 0 1
1039 0 0 1
1039 0 0 1
1039 0 0 1
1040 0 0 1
1040 0 0 1
1040 0 0 1
1040 0 0 1
1040 0 0 1
1041 1 0 2
1041 0 0 1
1041 0 0 1
1041 0 0 1
1041 0 0 1
1041 0 0 1
1042 1 0 1
1042 0 0 1
1042 0 0 1
1042 0 0 1
1042 0 0 1
1042 0 0 1
1043 0 0 1
1043 0 0 1
1043 0 0 1
1043 0 0 1
1044 0 0 1
1044 0 0 1
1044 0 0 1
1044 0 0 1
1045 0 0 2
1045 0 0 1
1045 0 0 1
1045 0 0 1
1045 0 0 1
1045 0 0 1
1046 0 0 1
1046 0 0 1
1046 0 0 1
1046 1 0 3
1047 0 0 1
1047 0 0 1
1047 0 0 1
1047 0 0 1
1048 1 0 2
1048 0 0 1
1048 0 0 1
1048 0 0 1
1048 0 0 1
1048 0 0 1
1049 0 0 1
1049 0 0 1
1049 0 0 1
1049 0 0 1
1049 0 0 1
1050 1 0 2
1050 0 0 1
1050 0 0 1
1050 0 0 1
1050 0 0 1
1050 0 0 1
1051 0 0 1
1051 0 0 1
1051 0 0 1
1051 0 0 1
1051 0 0 1
1052 1 0 2
1052 1 0 2
1052 0 0 1
1052 0 0 1
1052 0 0 1
1052 0 0 1
1052 0 0 1
1053 0 0 1
1053 0 0 1
1053 0 0 1
1053 0 0 1
1053 0 0 1
1054 0 0 1
1054 0 0 1
1054 0 0 1
1054 0 0 1
1054 0 0 1
1055 0 0 1
1055 0 0 1
1055 0 0 1
1055 0 0 1
1055 0 0 1
1056 0 0 1
1056 1 0 3
1056 0 0 1
1057 0 0 1
1057 0 0 1
1057 0 0 1
1057 0 0 1
1058 1 0 2
1058 1 0 2
1058 0 0 1
1058 0 0 1
1058 0 0 1
1058 0 0 1
1058 0 0 1
1059 0 0 1
1059 0 0 1
1059 1 0 2
1059 0 0 1
1060 1 0 2
1060 1 0 2
1060 0 0 1
1060 0 0 1
1060 0 0 1
1060 0 0 1
1060 0 0 1
1061 0 0 1
1061 0 0 1
1061 0 0 1
1061 0 0 1
1061 0 0 1
1062 0 0 1
1062 0 0 1
1062 0 0 1
1062 0 0 1
1063 0 0 1
1063 0 0 1
1063 0 0 1
1063 0 0 2
1063 0 0 1
1064 0 0 1
1064 0 0 1
1064 0 0 1
1064 0 0 1
1064 0 0 1
1065 1 0 2
1065 0 0 1
1065 0 0 1
1065 0 0 1
1065 0 0 1
1065 0 0 1
1066 0 0 1
1066 0 0 1
1066 0 0 2
1066 0 0 1
1066 0 0 1
1067 0 0 2
1067 0 0 1
1067 0 0 1
1067 0 0 1
1067 0 0 1
1068 0 0 1
1068 0 0 1
1068 0 0 1
1068 0 0 1
1068 0 0 1
1069 1 0 2
1069 0 0 1
1069 0 0 1
1069 0 0 1
1069 0 0 1
1069 0 0 1
1070 0 0 1
1070 1 0 2
1070 0 0 1
1070 0 0 1
1070 0 0 1
1070 0 0 1
1070 0 0 1
1071 0 0 1
1071 0 0 1
1071 0 0 1
1071 0 0 1
1072 0 0 1
1072 0 0 1
1072 0 0 1
1072 0 0 1
1072 0 0 1
1073 0 0 1
1073 0 0 1
1073 0 0 1
1073 0 0 1
1073 0 0 1
1074 2 0 2
1074 0 0 1
1074 0 0 1
1074 0 0 1
1074 0 0 1
1074 0 0 1
1075 1 0 2
1075 0 0 1
1075 0 0 1
1075 0 0 1
1075 0 0 1
1076 1 0 2
1076 0 0 1
1076 0 0 2
1076 0 0 1
1076 0 0 1
1076 0 0 1
1077 1 0 2
1077 0 0 1
1077 0 0 1
1077 0 0 1
1077 0 0 1
1077 0 0 1
1078 1 0 2
1078 0 0 1
1078 0 0 1
1078 0 0 1
1078 0 0 1
1078 0 0 1
1079 1 0 2
1079 1 0 3
1079 0 0 1
1079 0 0 1
1079 0 0 1
1079 0 0 1
1080 0 0 1
1080 0 0 1
1080 0 0 1
1080 0 0 1
1081 0 0 1
1081 0 0 1
1081 0 0 1
1081 0 0 1
1081 0 0 1
1082 0 0 1
1082 0 0 1
1082 0 0 1
1082 0 0 1
1082 0 0 2
1083 0 0 1
1083 1 0 2
1083 0 0 1
1083 0 0 1
1084 1 0 2
1084 0 0 1
1084 0 0 1
1084 0 0 2
1084 1 0 2
1084 0 0 1
1084 1 0 2
1085 0 0 1
1085 0 0 1
1085 0 0 1
1085 0 0 1
1085 0 0 1
1086 1 0 3
1086 0 0 1
1086 0 0 1
1086 0 0 1
1086 0 0 1
1087 0 0 1
1087 0 0 1
1087 0 0 1
1087 0 0 1
1087 0 0 1
1087 0 0 1
1088 1 0 1
1088 1 0 2
1088 0 0 1
1088 0 0 1
1088 0 0 1
1088 0 0 1
1088 0 0 1
1089 0 0 1
1089 0 0 1
1089 0 0 1
1089 0 0 1
1090 0 0 1
1090 0 0 1
1090 0 0 1
1090 0 0 1
1090 0 0 1
1091 0 0 1
1091 2 0 2
1091 0 0 1
1091 0 0 1
1091 0 0 1
1091 0 0 1
1091 0 0 1
1092 1 0 2
1092 0 0 1
1092 0 0 1
1092 0 0 1
1092 0 0 1
1092 0 0 1
1093 0 0 1
1093 0 0 1
1093 0 0 1
1093 0 0 1
1094 1 0 2
1094 0 0 1
1094 0 0 1
1094 0 0 1
1094 0 0 1
1094 0 0 1
1095 0 0 1
1095 0 0 1
1095 0 0 1
1095 0 0 1
1095 0 0 1
1096 1 0 2
1096 0 0 1
1096 0 0 1
1096 0 0 1
1096 0 0 1
1096 0 0 1
1097 0 0 1
1097 0 0 1
1097 0 0 1
1097 0 0 1
1098 0 0 1
1098 0 0 1
1098 0 0 1
1098 0 0 1
1098 0 0 1
1099 1 0 3
1099 1 0 2
1099 0 0 1
1099 0 0 1
1099 0 0 1
1099 0 0 1
1099 0 0 1
1100 0 0 1
1100 0 0 1
1100 0 0 1
1100 0 0 1
1100 0 0 1
1101 0 0 1
1101 0 0 1
1101 0 0 1
1101 0 0 1
1102 0 0 1
1102 0 0 1
1102 0 0 1
1102 0 0 1
1102 0 0 1
1102 0 0 1
1103 0 0 1
1103 0 0 1
1103 0 0 1
1103 0 0 1
1103 1 0 2
1103 0 0 1
1104 1 0 2
1104 0 0 1
1104 0 0 1
1104 0 0 1
1104 1 0 2
1105 0 0 1
1105 0 0 1
1105 0 0 1
1105 0 0 1
1105 0 0 1
1106 0 0 1
1106 0 0 1
1106 0 0 1
1106 0 0 1
1107 0 0 1
1107 0 0 1
1107 0 0 1
1107 0 0 1
1107 0 0 1
1108 1 0 2
1108 0 0 1
1108 0 0 1
1108 0 0 1
1108 0 0 1
1108 0 0 1
1109 1 0 2
1109 0 0 1
1109 0 0 1
1109 0 0 1
1109 0 0 1
1110 1 0 2
1110 0 0 1
1110 0 0 1
1110 0 0 1
1110 0 0 1
1110 0 0 1
1111 1 0 2
1111 0 0 1
1111 0 0 1
1111 0 0 1
1111 0 0 1
1111 0 0 1
1112 0 0 1
1112 0 0 1
1112 0 0 1
1112 0 0 1
1112 0 0 1
1113 0 0 1
1113 0 0 1
1113 0 0 2
1113 0 0 1
1114 0 0 1
1114 0 0 1
1114 0 0 1
1114 0 0 1
1114 0 0 1
1115 0 0 1
1115 0 0 1
1115 0 0 1
1115 0 0 1
1115 0 0 1
1116 0 0 1
1116 0 0 1
1116 0 0 1
1116 0 0 1
1117 1 0 3
1117 0 0 1
1117 0 0 1
1117 0 0 1
1117 0 0 1
1118 0 0 1
1118 0 0 1
1118 0 0 1
1118 0 0 1
1119 1 0 2
1119 0 0 1
1119 0 0 1
1119 0 0 1
1119 0 0 1
1119 0 0 1
1120 0 0 1
1120 0 0 1
1120 0 0 1
1120 0 0 1
1120 0 0 1
1121 1 0 2
1121 0 0 1
1121 0 0 1
1121 0 0 1
1121 0 0 1
1121 0 0 1
1122 1 0 2
1122 0 0 1
1122 0 0 1
1122 0 0 1
1122 0 0 1
1122 0 0 1
1123 1 0 1
1123 0 0 1
1123 0 0 1
1123 0 0 1
1123 0 0 1
1123 0 0 1
1124 0 0 1
1124 0 0 1
1124 0 0 1
1124 0 0 2
1124 0 0 1
1125 0 0 1
1125 0 0 1
1125 0 0 1
1125 0 0 1
1125 0 0 1
1126 1 0 2
1126 1 0 2
1126 0 0 1
1126 0 0 1
1126 0 0 1
1126 1 0 2
1126 0 0 1
1127 1 0 2
1127 0 0 1
1127 0 0 1
1127 0 0 1
1127 0 0 1
1128 1 0 2
1128 0 0 1
1128 0 0 1
1128 0 0 1
1128 0 0 1
1129 0 0 1
1129 0 0 1
1129 0 0 1
1129 0 0 1
1130 0 0 1
1130 0 0 1
1130 0 0 1
1130 0 0 2
1130 0 0 1
1131 2 0 3
1131 0 0 1
1131 0 0 1
1131 0 0 1
1131 0 0 1
1131 0 0 1
1132 0 0 1
1132 0 0 1
1132 0 0 1
1132 0 0 1
1132 0 0 1
1133 1 0 2
1133 1 0 2
1133 0 0 1
1133 0 0 1
1133 0 0 1
1133 0 0 1
1134 0 0 1
1134 0 0 1
1134 0 0 1
1134 0 0 1
1134 0 0 1
1135 0 0 1
1135 0 0 1
1135 0 0 1
1135 0 0 1
1135 0 0 1
1136 1 0 2
1136 1 0 2
1136 1 0 2
1136 0 0 1
1136 0 0 1
1136 0 0 1
1136 0 0 1
1136 0 0 1
1137 1 0 2
1137 0 0 1
1137 0 0 1
1137 0 0 1
1137 1 0 3
1137 0 0 1
1138 1 0 2
1138 0 0 1
1138 0 0 1
1138 0 0 1
1138 0 0 1
1138 0 0 1
1139 2 0 2
1139 0 0 1
1139 0 0 1
1139 0 0 1
1140 0 0 1
1140 0 0 1
1140 0 0 1
1140 0 0 1
1140 0 0 1
1141 1 0 2
1141 0 0 1
1141 0 0 1
1141 0 0 1
1141 0 0 1
1141 0 0 1
1142 0 0 1
1142 0 0 1
1142 0 0 1
1142 0 0 1
1142 0 0 1
1143 1 0 2
1143 1 0 2
1143 0 0 1
1143 0 0 1
1143 0 0 1
1143 0 0 1
1143 0 0 1
1144 0 0 1
1144 0 0 1
1144 0 0 1
1144 0 0 1
1144 0 0 1
1145 0 0 1
1145 0 0 1
1145 0 0 1
1145 0 0 1
1145 0 0 1
1146 0 0 1
1146 0 0 1
1146 0 0 1
1146 0 0 1
1146 0 0 1
1147 1 0 2
1147 0 0 2
1147 0 0 1
1147 0 0 1
1147 0 0 1
1147 0 0 1
1148 0 0 1
1148 0 0 1
1148 0 0 1
1148 0 0 1
1148 0 0 1
1149 0 0 1
1149 1 0 2
1149 0 0 1
1149 0 0 1
1149 0 0 1
1150 0 0 1
1150 0 0 1
1150 0 0 1
1150 0 0 1
1150 0 0 1
1151 2 0 2
1151 0 0 1
1151 0 0 1
1151 0 0 1
1151 0 0 1
1151 0 0 1
1152 0 0 1
1152 0 0 1
1152 0 0 1
1152 0 0 1
1153 0 0 1
1153 0 0 1
1153 0 0 1
1153 0 0 1
1153 0 0 1
1154 1 0 2
1154 0 0 1
1154 0 0 1
1154 0 0 1
1154 0 0 1
1154 0 0 1
1155 1 0 2
1155 1 0 2
1155 0 0 1
1155 0 0 1
1155 0 0 1
1155 0 0 1
1155 0 0 1
1156 0 0 1
1156 1 0 2
1156 0 0 1
1156 0 0 1
1156 0 0 1
1157 3 0 2
1157 0 0 1
1157 0 0 1
1157 0 0 1
1157 0 0 1
1158 0 0 1
1158 0 0 1
1158 0 0 1
1158 0 0 1
1158 0 0 1
1159 1 0 2
1159 1 0 2
1159 0 0 1
1159 0 0 1
1159 0 0 1
1159 0 0 1
1159 0 0 1
1160 0 0 1
1160 0 0 1
1160 0 0 1
1161 0 0 2
1161 0 0 1
1161 0 0 1
1161 0 0 1
1161 0 0 1
1161 0 0 1
1162 0 0 1
1162 0 0 1
1162 0 0 1
1162 0 0 1
1162 0 0 1
1163 1 0 2
1163 0 0 1
1163 0 0 1
1163 0 0 1
1163 0 0 1
1163 0 0 1
1164 0 0 1
1164 0 0 1
1164 0 0 1
1164 0 0 1
1164 0 0 1
1165 0 0 1
1165 0 0 1
1165 0 0 1
1165 0 0 1
1165 0 0 1
1166 0 0 1
1166 0 0 1
1166 0 0 1
1166 0 0 1
1166 0 0 1
1167 0 0 1
1167 0 0 1
1167 0 0 1
1167 0 0 1
1167 0 0 1
1167 0 0 1
1168 1 0 2
1168 0 0 1
1168 0 0 1
1168 0 0 1
1168 0 0 1
1168 0 0 1
1169 0 0 1
1169 0 0 1
1169 0 0 1
1169 0 0 1
1169 0 0 1
1170 1 0 2
1170 0 0 1
1170 0 0 1
1170 0 0 1
1170 0 0 1
1170 0 0 1
1171 0 0 1
1171 0 0 1
1171 0 0 1
1171 0 0 1
1172 1 0 2
1172 1 0 2
1172 1 0 2
1172 0 0 1
1172 0 0 1
1172 0 0 1
1172 0 0 1
1172 0 0 1
1173 1 0 2
1173 0 0 1
1173 0 0 1
1173 0 0 1
1173 0 0 1
1173 0 0 1
1174 0 0 1
1174 0 0 1
1174 0 0 1
1174 0 0 1
1174 0 0 1
1175 0 0 1
1175 0 0 1
1175 0 0 1
1175 0 0 1
1175 0 0 1
1176 1 0 2
1176 0 0 1
1176 0 0 1
1176 0 0 1
1176 0 0 1
1176 0 0 1
1177 1 0 2
1177 0 0 1
1177 0 0 1
1177 0 0 1
1177 0 0 1
1178 0 0 1
1178 0 0 1
1178 0 0 1
1178 0 0 1
1178 0 0 1
1179 0 0 1
1179 0 0 1
1179 0 0 1
1179 0 0 1
1179 0 0 1
1180 0 0 1
1180 0 0 1
1180 0 0 1
1180 0 0 1
1181 0 0 1
1181 0 0 1
1181 0 0 1
1181 0 0 1
1181 0 0 1
1182 0 0 1
1182 0 0 1
1182 0 0 1
1182 0 0 1
1182 0 0 1
1182 0 0 1
1183 0 0 1
1183 0 0 1
1183 0 0 1
1183 0 0 1
1183 0 0 1
1183 0 0 1
1184 0 0 1
1184 0 0 1
1184 0 0 1
1184 0 0 1
1184 0 0 1
1185 1 0 2
1185 0 0 1
1185 0 0 1
1185 0 0 1
1185 0 0 1
1186 1 0 2
1186 0 0 1
1186 0 0 1
1186 0 0 1
1186 1 0 2
1186 0 0 1
1187 2 0 2
1187 0 0 1
1187 0 0 1
1187 0 0 1
1187 0 0 1
1187 0 0 1
1188 0 0 1
1188 0 0 1
1188 0 0 1
1188 0 0 1
1189 1 0 2
1189 0 0 1
1189 0 0 1
1189 0 0 1
1189 0 0 1
1189 0 0 1
1190 0 0 2
1190 0 0 1
1190 0 0 1
1190 0 0 1
1190 0 0 1
1190 0 0 1
1191 0 0 1
1191 0 0 1
1191 0 0 1
1191 0 0 1
1191 0 0 1
1192 0 0 1
1192 0 0 1
1192 0 0 1
1192 0 0 1
1192 0 0 1
1193 1 0 2
1193 0 0 1
1193 0 0 1
1193 0 0 1
1193 0 0 1
1193 0 0 1
1194 0 0 2
1194 0 0 1
1194 0 0 1
1195 0 0 1
1195 0 0 1
1195 0 0 1
1195 0 0 1
1195 0 0 1
1196 1 0 2
1196 0 0 1
1196 0 0 1
1196 0 0 1
1196 0 0 1
1197 0 0 1
1197 0 0 1
1197 0 0 1
1197 0 0 1
1198 0 0 1
1198 1 0 2
1198 0 0 1
1198 0 0 1
1198 0 0 1
1198 0 0 1
1198 0 0 1
1199 0 0 1
1199 0 0 1
1199 0 0 1
1199 0 0 1
1199 0 0 1
1200 0 0 1
1200 0 0 1
1200 0 0 1
1200 0 0 1
1200 0 0 1
1201 0 0 1
1201 0 0 1
1201 0 0 1
1201 1 0 2
1202 1 0 2
1202 0 0 1
1202 0 0 1
1202 1 0 2
1202 0 0 1
1202 0 0 1
1203 0 0 1
1203 0 0 1
1203 0 0 1
1203 0 0 1
1203 0 0 1
1204 0 0 1
1204 0 0 1
1204 0 0 1
1204 0 0 1
1205 1 0 2
1205 0 0 1
1205 0 0 1
1205 0 0 1
1205 0 0 1
1205 0 0 1
1206 0 0 1
1206 0 0 1
1206 0 0 1
1206 0 0 1
1206 0 0 1
1207 1 0 3
1207 0 0 1
1207 0 0 1
1207 0 0 1
1207 0 0 1
1208 0 0 1
1208 0 0 1
1208 0 0 1
1208 0 0 1
1208 0 0 1
1208 0 0 1
1209 0 0 1
1209 0 0 1
1209 0 0 1
1209 0 0 2
1210 0 0 1
1210 0 0 1
1210 0 0 1
1210 0 0 1
1210 0 0 2
1211 0 0 1
1211 0 0 1
1211 0 0 1
1211 0 0 1
1211 0 0 1
1212 0 0 1
1212 0 0 1
1212 0 0 1
1212 0 0 1
1212 0 0 1
1212 0 0 1
1213 0 0 1
1213 0 0 1
1213 0 0 1
1213 0 0 1
1214 0 0 1
1214 0 0 1
1214 0 0 1
1214 0 0 1
1214 0 0 1
1214 0 0 1
1215 1 0 2
1215 0 0 1
1215 0 0 1
1215 0 0 1
1215 0 0 1
1215 0 0 1
1216 0 0 1
1216 0 0 1
1216 0 0 1
1216 0 0 1
1216 0 0 1
1217 0 0 1
1217 0 0 1
1217 0 0 1
1217 0 0 1
1217 0 0 1
1217 0 0 1
1218 0 0 1
1218 0 0 1
1218 0 0 1
1218 0 0 1
1218 0 0 1
1219 1 0 1
1219 1 0 2
1219 0 0 1
1219 0 0 1
1219 0 0 1
1219 0 0 1
1219 0 0 1
1220 1 0 2
1220 0 0 1
1220 0 0 1
1220 0 0 1
1220 0 0 1
1220 0 0 1
1221 1 0 2
1221 0 0 1
1221 0 0 1
1221 0 0 2
1222 1 0 2
1222 0 0 1
1222 0 0 1
1222 0 0 1
1222 0 0 1
1222 0 0 1
1223 0 0 1
1223 0 0 2
1223 1 0 2
1223 0 0 1
1223 0 0 1
1224 1 0 2
1224 0 0 1
1224 0 0 1
1224 0 0 1
1224 0 0 1
1224 0 0 1
1225 0 0 1
1225 0 0 1
1225 0 0 1
1226 0 0 1
1226 0 0 1
1226 0 0 1
1226 0 0 1
1227 0 0 1
1227 0 0 1
1227 0 0 1
1227 0 0 1
1227 0 0 1
1228 0 0 1
1228 0 0 1
1228 0 0 1
1228 0 0 1
1228 0 0 1
1229 1 0 2
1229 0 0 1
1229 0 0 1
1229 0 0 1
1229 0 0 1
1229 0 0 1
1230 0 0 1
1230 0 0 1
1230 0 0 1
1230 0 0 1
1230 0 0 1
1230 0 0 1
1231 1 0 2
1231 1 0 2
1231 1 0 2
1231 1 0 2
1231 0 0 1
1231 0 0 1
1231 0 0 1
1232 1 0 2
1232 0 0 1
1232 0 0 1
1232 0 0 1
1232 0 0 1
1232 0 0 1
1233 0 0 1
1233 0 0 1
1233 0 0 1
1233 0 0 1
1233 0 0 1
1234 0 0 1
1234 0 0 1
1234 0 0 1
1234 0 0 1
1234 0 0 1
1235 1 0 2
1235 0 0 1
1235 0 0 1
1235 0 0 1
1235 0 0 1
1235 0 0 1
1236 0 0 1
1236 0 0 1
1236 0 0 1
1236 0 0 1
1236 0 0 1
1236 0 0 1
1237 1 0 2
1237 0 0 1
1237 0 0 1
1237 0 0 1
1237 0 0 1
1238 0 0 1
1238 0 0 1
1238 0 0 1
1238 0 0 1
1239 1 0 2
1239 1 0 2
1239 0 0 1
1239 0 0 1
1239 0 0 1
1239 0 0 1
1240 1 0 2
1240 1 0 2
1240 0 0 1
1240 0 0 1
1240 0 0 1
1240 0 0 1
1240 0 0 1
1241 0 0 1
1241 0 0 1
1241 0 0 1
1241 0 0 1
1241 0 0 1
1242 1 0 1
1242 0 0 1
1242 0 0 1
1242 0 0 1
1242 0 0 1
1243 1 0 3
1243 0 0 1
1243 0 0 1
1243 0 0 1
1243 0 0 1
1243 0 0 1
1244 0 0 1
1244 0 0 1
1244 0 0 1
1244 0 0 1
1245 2 0 2
1245 0 0 1
1245 0 0 1
1245 0 0 1
1245 0 0 1
1245 0 0 1
1246 1 0 2
1246 0 0 1
1246 0 0 1
1246 0 0 1
1246 1 0 2
1246 0 0 1
1247 1 0 2
1247 0 0 1
1247 0 0 1
1247 0 0 1
1247 0 0 1
1247 0 0 1
1248 0 0 1
1248 0 0 1
1248 0 0 1
1249 1 0 2
1249 0 0 1
1249 0 0 1
1249 0 0 1
1249 0 0 1
1250 1 0 2
1250 0 0 1
1250 0 0 1
1250 0 0 1
1251 1 0 2
1251 0 0 1
1251 0 0 1
1251 0 0 1
1251 0 0 1
1251 0 0 1
1252 0 0 1
1252 0 0 1
1252 0 0 1
1252 0 0 1
1252 0 0 1
1253 0 0 1
1253 0 0 1
1253 0 0 1
1253 0 0 1
1253 0 0 1
1254 1 0 2
1254 0 0 1
1254 0 0 1
1254 0 0 1
1254 0 0 1
1254 0 0 1
1255 1 0 2
1255 0 0 1
1255 0 0 1
1255 0 0 1
1255 0 0 1
1256 0 0 1
1256 0 0 1
1256 0 0 1
1257 0 0 1
1257 0 0 1
1257 0 0 1
1257 0 0 1
1257 0 0 1
1258 0 0 1
1258 0 0 1
1258 0 0 2
1258 0 0 1
1258 0 0 1
1259 1 0 3
1259 1 0 2
1259 0 0 1
1259 0 0 1
1259 0 0 1
1260 2 0 2
1260 0 0 2
1260 0 0 1
1260 0 0 1
1260 0 0 1
1260 0 0 1
1260 0 0 1
1261 0 0 1
1261 0 0 1
1261 0 0 1
1261 0 0 1
1262 0 0 1
1262 0 0 1
1262 0 0 1
1262 0 0 1
1263 1 0 2
1263 1 0 3
1263 0 0 1
1263 0 0 1
1263 0 0 1
1263 0 0 1
1263 0 0 1
1264 1 0 2
1264 1 0 2
1264 0 0 1
1264 0 0 1
1264 0 0 1
1264 0 0 1
1264 0 0 1
1265 0 0 2
1265 0 0 1
1265 0 0 1
1265 0 0 1
1265 0 0 1
1265 0 0 1
1266 0 0 1
1266 0 0 1
1266 0 0 1
1266 0 0 1
1266 0 0 1
1267 0 0 1
1267 0 0 1
1267 0 0 1
1267 0 0 1
1267 1 0 2
1268 0 0 1
1268 0 0 1
1268 0 0 1
1268 0 0 1
1269 1 0 2
1269 0 0 1
1269 0 0 1
1269 0 0 1
1269 0 0 2
1270 0 0 1
1270 0 0 1
1270 0 0 1
1270 0 0 1
1270 0 0 1
1271 1 0 2
1271 0 0 1
1271 1 0 2
1271 0 0 1
1271 0 0 1
1272 1 0 2
1272 0 0 1
1272 0 0 1
1272 0 0 1
1272 0 0 2
1272 0 0 1
1273 1 0 3
1273 0 0 1
1273 0 0 1
1273 0 0 1
1273 0 0 1
1273 0 0 1
1273 1 0 2
1274 0 0 1
1274 0 0 1
1274 0 0 1
1274 1 0 2
1274 0 0 1
1275 1 0 2
1275 0 0 1
1275 0 0 1
1275 0 0 1
1275 0 0 1
1276 0 0 1
1276 0 0 1
1276 0 0 1
1276 0 0 1
1276 0 0 1
1277 0 0 1
1277 0 0 1
1277 0 0 1
1277 0 0 1
1277 0 0 1
1278 1 0 2
1278 0 0 1
1278 0 0 1
1278 0 0 1
1278 0 0 1
1278 0 0 1
1279 0 0 1
1279 0 0 1
1279 0 0 1
1279 0 0 1
1279 0 0 1
1280 0 0 1
1280 0 0 1
1280 0 0 1
1280 0 0 1
1280 0 0 1
1281 0 0 1
1281 0 0 1
1281 0 0 1
1281 0 0 1
1281 0 0 1
1281 0 0 1
1282 0 0 1
1282 0 0 2
1282 0 0 1
1283 1 0 2
1283 0 0 1
1283 0 0 1
1283 0 0 1
1283 0 0 1
1283 0 0 1
1284 1 0 2
1284 0 0 1
1284 0 0 1
1284 0 0 1
1284 0 0 1
1285 0 0 2
1285 0 0 1
1285 0 0 1
1285 0 0 1
1285 0 0 1
1286 0 0 1
1286 0 0 1
1286 0 0 1
1286 0 0 1
1287 1 0 2
1287 0 0 1
1287 0 0 1
1287 0 0 2
1287 0 0 1
1287 0 0 1
1288 0 0 1
1288 0 0 1
1288 0 0 1
1288 0 0 1
1289 0 0 1
1289 1 0 2
1289 0 0 1
1289 0 0 1
1289 0 0 1
1289 0 0 1
1289 0 0 1
1290 0 0 1
1290 0 0 1
1290 0 0 1
1290 0 0 1
1291 0 0 1
1291 0 0 1
1291 0 0 1
1291 0 0 1
1292 0 0 2
1292 1 0 2
1292 0 0 1
1292 0 0 1
1292 0 0 1
1292 0 0 1
1292 0 0 1
1293 1 0 2
1293 0 0 1
1293 0 0 1
1293 0 0 1
1293 0 0 1
1294 1 0 2
1294 0 0 1
1294 0 0 1
1294 0 0 1
1294 0 0 1
1295 0 0 2
1295 0 0 1
1295 0 0 1
1295 0 0 1
1296 1 0 2
1296 0 0 2
1296 0 0 1
1296 0 0 1
1296 0 0 1
1296 0 0 2
1297 0 0 1
1297 0 0 1
1297 0 0 1
1297 0 0 1
1297 0 0 1
1298 0 0 1
1298 0 0 1
1298 0 0 1
1298 0 0 1
1299 0 0 1
1299 0 0 1
1299 0 0 1
1299 0 0 1
1300 1 0 2
1300 0 0 1
1300 0 0 1
1300 0 0 1
1300 0 0 1
1300 0 0 1
1301 1 0 2
1301 1 0 2
1301 0 0 1
1301 0 0 1
1301 0 0 1
1301 0 0 1
1302 0 0 2
1302 0 0 1
1302 0 0 1
1302 0 0 1
1302 0 0 1
1303 1 0 2
1303 0 0 1
1303 0 0 1
1303 0 0 1
1303 0 0 1
1304 1 0 2
1304 1 0 2
1304 0 0 1
1304 0 0 1
1304 0 0 1
1304 0 0 1
1304 0 0 1
1305 0 0 1
1305 0 0 1
1305 0 0 1
1305 0 0 1
1305 0 0 1
1306 1 0 3
1306 0 0 1
1306 0 0 1
1306 0 0 1
1306 0 0 1
1306 0 0 1
1307 1 0 2
1307 0 0 1
1307 0 0 1
1307 0 0 1
1308 0 0 1
1308 0 0 1
1308 0 0 1
1308 0 0 1
1308 0 0 1
1309 0 0 1
1309 0 0 1
1309 0 0 1
1309 0 0 1
1309 0 0 1
1310 0 0 1
1310 0 0 1
1310 0 0 1
1310 0 0 1
1310 0 0 1
1311 2 0 1
1311 0 0 1
1311 0 0 1
1311 0 0 1
1311 0 0 1
1312 0 0 1
1312 0 0 1
1312 0 0 1
1312 0 0 1
1312 0 0 1
1313 0 0 1
1313 0 0 1
1313 0 0 1
1313 0 0 1
1313 0 0 1
1314 0 0 1
1314 0 0 1
1314 0 0 1
1314 0 0 1
1314 0 0 1
1315 1 0 3
1315 0 0 1
1315 0 0 1
1315 0 0 1
1315 0 0 1
1316 1 0 2
1316 0 0 1
1316 0 0 1
1316 0 0 1
1316 0 0 1
1316 0 0 1
1317 1 0 2
1317 0 0 1
1317 0 0 1
1317 0 0 1
1317 0 0 1
1317 0 0 1
1318 1 0 2
1318 0 0 1
1318 0 0 1
1318 0 0 1
1318 0 0 1
1318 0 0 1
1319 1 0 2
1319 0 0 1
1319 0 0 1
1319 0 0 1
1319 0 0 1
1319 0 0 1
1320 0 0 1
1320 0 0 1
1320 1 0 3
1320 0 0 1
1320 0 0 1
1321 0 0 1
1321 0 0 1
1321 0 0 1
1321 0 0 1
1321 0 0 1
1322 1 0 2
1322 0 0 1
1322 0 0 1
1322 0 0 1
1322 0 0 1
1322 0 0 1
1323 0 0 1
1323 0 0 1
1323 0 0 1
1323 0 0 1
1323 0 0 1
1324 0 0 1
1324 0 0 1
1324 0 0 1
1324 0 0 1
1324 0 0 1
1325 0 0 1
1325 0 0 1
1325 0 0 1
1325 0 0 1
1326 0 0 2
1326 0 0 1
1326 0 0 1
1326 0 0 1
1326 0 0 1
1327 1 0 2
1327 0 0 1
1327 0 0 1
1327 0 0 1
1327 0 0 1
1327 0 0 1
1328 0 0 1
1328 0 0 1
1328 0 0 1
1328 0 0 1
1328 0 0 1
1329 0 0 1
1329 0 0 1
1329 0 0 1
1329 0 0 1
1329 0 0 1
1330 0 0 1
1330 0 0 1
1330 0 0 1
1330 0 0 1
1330 0 0 1
1330 0 0 1
1331 0 0 1
1331 0 0 1
1331 0 0 1
1331 0 0 1
1331 0 0 1
1332 1 0 2
1332 0 0 1
1332 0 0 1
1332 0 0 1
1332 0 0 1
1333 1 0 2
1333 0 0 1
1333 0 0 1
1333 1 0 3
1333 0 0 1
1333 0 0 1
1334 1 0 2
1334 0 0 1
1334 0 0 1
1334 0 0 1
1334 0 0 1
1334 0 0 1
1335 1 0 2
1335 0 0 1
1335 0 0 1
1335 0 0 1
1335 0 0 1
1336 1 0 2
1336 0 0 1
1336 0 0 1
1336 0 0 1
1337 1 0 2
1337 0 0 1
1337 0 0 1
1337 0 0 1
1337 0 0 1
1337 0 0 1
1338 2 0 2
1338 0 0 1
1338 0 0 1
1338 0 0 1
1338 0 0 1
1338 0 0 1
1339 0 0 1
1339 0 0 1
1339 0 0 1
1340 1 0 2
1340 0 0 1
1340 0 0 1
1340 0 0 1
1340 0 0 1
1340 0 0 1
1341 0 0 1
1341 1 0 2
1341 0 0 1
1341 0 0 1
1341 0 0 1
1341 0 0 1
1342 0 0 1
1342 0 0 1
1342 0 0 1
1342 0 0 1
1342 0 0 1
1343 0 0 1
1343 0 0 1
1343 0 0 1
1343 0 0 1
1343 0 0 1
1344 0 0 1
1344 0 0 1
1344 0 0 1
1344 1 0 2
1344 0 0 2
1344 0 0 1
1345 0 0 1
1345 0 0 1
1345 0 0 1
1345 0 0 1
1345 0 0 1
1346 1 0 1
1346 0 0 1
1346 0 0 1
1346 0 0 1
1346 0 0 1
1347 1 0 2
1347 0 0 1
1347 0 0 1
1347 0 0 1
1347 0 0 1
1347 0 0 1
1348 1 0 2
1348 0 0 1
1348 0 0 1
1348 0 0 1
1348 0 0 1
1349 0 0 1
1349 0 0 1
1349 0 0 1
1349 0 0 1
1350 1 0 2
1350 0 0 1
1350 0 0 1
1350 0 0 1
1350 0 0 1
1351 0 0 1
1351 0 0 1
1351 0 0 1
1351 0 0 1
1351 0 0 1
1352 0 0 1
1352 0 0 1
1352 0 0 1
1352 0 0 2
1352 0 0 1
1353 0 0 1
1353 2 0 1
1353 0 0 1
1353 0 0 1
1353 0 0 1
1353 0 0 1
1353 0 0 1
1354 2 0 2
1354 0 0 1
1354 0 0 1
1354 0 0 1
1354 0 0 1
1354 0 0 1
1355 2 0 2
1355 0 0 1
1355 0 0 1
1355 0 0 1
1355 0 0 1
1356 4 0 3
1356 0 0 1
1356 0 0 1
1356 0 0 1
1356 0 0 1
1356 0 0 2
1357 0 0 1
1357 0 0 1
1357 0 0 1
1357 0 0 1
1357 0 0 1
1358 1 0 2
1358 0 0 1
1358 0 0 1
1358 0 0 1
1358 0 0 1
1358 0 0 1
1359 1 0 2
1359 1 0 2
1359 0 0 1
1359 0 0 1
1359 0 0 1
1359 0 0 1
1359 0 0 1
1360 0 0 1
1360 0 0 1
1360 0 0 1
1360 0 0 1
1360 0 0 1
1361 1 0 2
1361 0 0 1
1361 0 0 1
1361 0 0 1
1361 0 0 1
1361 0 0 1
1362 1 0 2
1362 0 0 1
1362 0 0 1
1362 0 0 1
1362 0 0 1
1362 0 0 1
1363 1 0 2
1363 0 0 1
1363 0 0 1
1363 0 0 1
1363 0 0 1
1363 0 0 1
1364 0 0 1
1364 0 0 1
1364 0 0 1
1364 0 0 1
1365 0 0 1
1365 0 0 1
1365 0 0 1
1365 0 0 1
1366 0 0 1
1366 0 0 1
1366 0 0 1
1366 0 0 1
1367 0 0 1
1367 0 0 1
1367 0 0 1
1367 0 0 1
1367 0 0 1
1368 0 0 2
1368 1 0 2
1368 0 0 1
1368 0 0 1
1368 0 0 1
1368 0 0 1
1369 1 0 2
1369 0 0 1
1369 0 0 1
1369 0 0 1
1369 0 0 1
1370 0 0 1
1370 0 0 1
1370 0 0 1
1370 0 0 1
1370 0 0 1
1371 0 0 1
1371 0 0 1
1371 0 0 1
1371 0 0 1
1371 0 0 1
1372 1 0 2
1372 0 0 1
1372 0 0 1
1372 0 0 1
1372 0 0 1
1372 0 0 1
1373 0 0 1
1373 0 0 1
1373 0 0 1
1373 0 0 1
1373 0 0 1
1373 0 0 1
1374 0 0 1
1374 0 0 1
1374 0 0 1
1374 0 0 1
1375 0 0 1
1375 0 0 1
1375 0 0 1
1375 0 0 1
1375 0 0 1
1376 1 0 2
1376 0 0 1
1376 0 0 1
1376 0 0 1
1376 0 0 1
1376 0 0 1
1377 0 0 1
1377 0 0 1
1377 0 0 1
1377 0 0 1
1377 0 0 1
1377 0 0 1
1378 0 0 1
1378 0 0 1
1378 0 0 1
1378 0 0 1
1378 0 0 1
1379 0 0 1
1379 0 0 1
1379 0 0 1
1379 0 0 1
1379 0 0 1
1380 0 0 1
1380 1 0 2
1380 0 0 1
1380 0 0 1
1380 0 0 1
1380 0 0 1
1380 0 0 1
1381 0 0 1
1381 0 0 1
1381 0 0 1
1381 0 0 1
1382 1 0 2
1382 1 0 2
1382 0 0 1
1382 0 0 1
1382 0 0 1
1382 0 0 1
1382 0 0 1
1383 0 0 1
1383 0 0 1
1383 0 0 1
1383 0 0 1
1384 0 0 1
1384 0 0 1
1384 0 0 1
1384 0 0 1
1384 0 0 1
1385 0 0 1
1385 0 0 1
1385 0 0 1
1385 0 0 1
1385 0 0 1
1386 0 0 2
1386 0 0 1
1386 1 0 3
1386 0 0 1
1386 0 0 1
1387 0 0 1
1387 0 0 1
1387 0 0 1
1387 0 0 1
1387 0 0 1
1388 0 0 1
1388 0 0 1
1388 0 0 1
1388 0 0 1
1388 0 0 1
1389 1 0 2
1389 0 0 1
1389 0 0 1
1389 0 0 1
1389 0 0 1
1389 0 0 1
1390 0 0 1
1390 0 0 1
1390 0 0 1
1390 0 0 1
1390 0 0 1
1390 0 0 1
1391 1 0 2
1391 0 0 1
1391 0 0 1
1391 0 0 1
1391 0 0 1
1391 0 0 1
1392 0 0 2
1392 0 0 1
1392 0 0 1
1392 0 0 1
1392 0 0 1
1392 0 0 1
1393 1 0 2
1393 0 0 1
1393 0 0 1
1393 0 0 1
1393 0 0 1
1393 0 0 1
1394 1 0 2
1394 0 0 1
1394 0 0 1
1394 0 0 1
1394 0 0 1
1395 0 0 2
1395 0 0 1
1395 0 0 1
1395 0 0 1
1395 0 0 1
1395 0 0 1
1396 1 0 2
1396 0 0 1
1396 0 0 1
1396 0 0 1
1396 0 0 1
1396 0 0 1
1397 1 0 3
1397 0 0 1
1397 0 0 1
1397 0 0 1
1397 0 0 1
1397 0 0 1
1398 0 0 1
1398 0 0 1
1398 0 0 1
1398 0 0 1
1399 0 0 1
1399 0 0 1
1399 0 0 1
1399 0 0 2
1399 0 0 1
1400 0 0 1
1400 0 0 1
1400 0 0 1
1400 1 0 2
1400 0 0 1
1401 0 0 1
1401 0 0 1
1401 0 0 1
1401 0 0 1
1402 0 0 1
1402 0 0 1
1402 0 0 1
1402 0 0 1
1403 0 0 1
1403 0 0 1
1403 0 0 1
1403 0 0 1
1403 0 0 1
1404 1 0 2
1404 0 0 1
1404 0 0 1
1404 0 0 1
1404 0 0 1
1404 0 0 1
1405 0 0 1
1405 0 0 1
1405 0 0 1
1405 0 0 1
1405 0 0 1
1406 0 0 1
1406 1 0 2
1406 0 0 1
1406 0 0 1
1406 0 0 1
1406 0 0 1
1407 1 0 2
1407 0 0 1
1407 0 0 1
1407 0 0 1
1407 0 0 1
1407 0 0 1
1408 0 0 1
1408 0 0 1
1408 0 0 1
1408 0 0 1
1408 0 0 1
1409 1 0 2
1409 0 0 1
1409 0 0 1
1409 0 0 1
1409 0 0 1
1409 0 0 1
1410 0 0 1
1410 0 0 1
1410 0 0 1
1410 0 0 1
1410 0 0 2
1411 0 0 1
1411 0 0 1
1411 0 0 1
1411 0 0 1
1411 0 0 1
1412 1 0 2
1412 0 0 1
1412 0 0 1
1412 0 0 1
1412 0 0 1
1412 0 0 1
1413 2 0 2
1413 0 0 1
1413 0 0 1
1413 0 0 1
1413 0 0 1
1414 1 0 2
1414 0 0 1
1414 0 0 1
1414 0 0 1
1414 0 0 1
1414 0 0 1
1415 1 0 2
1415 0 0 1
1415 0 0 1
1415 0 0 1
1415 0 0 1
1415 0 0 1
1416 1 0 2
1416 0 0 1
1416 0 0 1
1416 0 0 1
1416 0 0 1
1416 0 0 1
1417 0 0 1
1417 0 0 1
1417 0 0 1
1417 0 0 1
1418 0 0 1
1418 1 0 2
1418 0 0 1
1418 0 0 1
1418 0 0 1
1418 0 0 1
1418 0 0 1
1419 2 0 2
1419 0 0 1
1419 0 0 1
1419 0 0 1
1419 0 0 1
1419 0 0 1
1420 0 0 1
1420 0 0 1
1420 0 0 1
1420 0 0 1
1420 0 0 1
1421 0 0 1
1421 0 0 1
1421 0 0 1
1421 0 0 1
1422 1 0 2
1422 0 0 1
1422 0 0 1
1422 0 0 1
1422 0 0 1
1422 0 0 1
1423 0 0 1
1423 0 0 1
1423 0 0 1
1423 0 0 1
1423 0 0 1
1423 0 0 1
1424 1 0 2
1424 0 0 1
1424 0 0 1
1424 0 0 1
1424 0 0 1
1424 0 0 1
1425 1 0 2
1425 0 0 1
1425 0 0 1
1425 0 0 1
1425 0 0 1
1426 0 0 1
1426 0 0 1
1426 0 0 1
1426 0 0 1
1426 0 0 1
1427 0 0 1
1427 0 0 1
1427 0 0 1
1427 0 0 1
1427 0 0 1
1428 1 0 2
1428 1 0 2
1428 0 0 1
1428 0 0 1
1428 0 0 1
1428 0 0 1
1428 0 0 1
1429 0 0 1
1429 0 0 1
1429 0 0 1
1429 0 0 1
1429 0 0 1
1430 1 0 2
1430 0 0 1
1430 0 0 1
1430 0 0 1
1430 0 0 1
1431 1 0 2
1431 0 0 1
1431 0 0 1
1431 0 0 1
1431 0 0 1
1431 0 0 1
1432 1 0 1
1432 0 0 2
1432 0 0 1
1432 0 0 1
1432 0 0 1
1432 0 0 1
1433 0 0 1
1433 0 0 1
1433 0 0 1
1433 0 0 1
1434 1 0 2
1434 0 0 1
1434 0 0 1
1434 0 0 1
1434 0 0 1
1434 0 0 1
1435 0 0 1
1435 0 0 1
1435 0 0 1
1435 0 0 1
1435 0 0 1
1436 0 0 1
1436 0 0 1
1436 0 0 1
1436 0 0 1
1436 0 0 1
1437 1 0 2
1437 0 0 1
1437 0 0 1
1437 0 0 1
1437 0 0 1
1437 0 0 1
1438 0 0 1
1438 0 0 1
1438 0 0 1
1438 0 0 1
1439 1 0 2
1439 0 0 1
1439 0 0 1
1439 0 0 1
1439 0 0 1
1439 0 0 1
1440 0 0 1
1440 0 0 1
1440 0 0 1
1440 0 0 1
1440 0 0 1
1440 0 0 1
1441 0 0 1
1441 0 0 1
1441 0 0 1
1441 0 0 1
1441 0 0 1
1442 0 0 1
1442 0 0 1
1442 0 0 2
1442 0 0 1
1442 0 0 1
1443 0 0 2
1443 0 0 1
1443 0 0 1
1443 0 0 1
1443 0 0 1
1443 0 0 1
1444 0 0 1
1444 0 0 1
1444 0 0 1
1444 0 0 1
1444 0 0 1
1444 0 0 1
1444 0 0 1
1445 1 0 2
1445 0 0 1
1445 0 0 1
1445 0 0 1
1445 0 0 1
1446 0 0 1
1446 0 0 1
1446 0 0 1
1446 0 0 1
1446 0 0 1
1447 0 0 1
1447 0 0 1
1447 0 0 1
1447 0 0 1
1448 1 0 2
1448 0 0 1
1448 0 0 1
1448 0 0 2
1448 0 0 1
1448 0 0 1
1449 1 0 2
1449 0 0 1
1449 0 0 1
1449 0 0 1
1449 0 0 1
1450 0 0 1
1450 0 0 1
1450 0 0 1
1450 0 0 1
1450 1 0 2
1451 0 0 1
1451 0 0 1
1451 0 0 1
1451 0 0 1
1452 0 0 1
1452 0 0 1
1452 0 0 1
1452 0 0 1
1453 1 0 2
1453 0 0 1
1453 0 0 1
1453 0 0 1
1453 0 0 1
1453 0 0 1
1454 1 0 2
1454 0 0 1
1454 0 0 1
1454 0 0 1
1454 0 0 1
1454 0 0 1
1455 0 0 1
1455 0 0 1
1455 0 0 1
1455 0 0 1
1455 0 0 1
1455 0 0 1
1456 1 0 2
1456 1 0 2
1456 0 0 1
1456 0 0 1
1456 0 0 1
1456 0 0 1
1456 0 0 1
1457 1 0 2
1457 0 0 1
1457 0 0 1
1457 0 0 1
1457 0 0 1
1457 0 0 1
1458 0 0 1
1458 0 0 1
1458 0 0 1
1458 0 0 1
1458 0 0 1
1458 0 0 1
1459 0 0 2
1459 0 0 1
1459 0 0 1
1459 0 0 1
1459 0 0 1
1459 1 0 2
1460 1 0 2
1460 0 0 1
1460 0 0 1
1460 0 0 1
1460 0 0 1
1461 0 0 1
1461 0 0 1
1461 0 0 1
1461 0 0 1
1461 0 0 1
1462 0 0 1
1462 0 0 1
1462 0 0 1
1462 0 0 1
1462 0 0 1
1463 1 0 3
1463 0 0 1
1463 0 0 1
1463 0 0 1
1463 0 0 1
1463 0 0 1
1464 1 0 2
1464 0 0 1
1464 0 0 1
1464 0 0 1
1464 0 0 1
1464 0 0 1
1465 0 0 1
1465 0 0 1
1465 0 0 1
1465 0 0 1
1466 0 0 1
1466 0 0 1
1466 0 0 1
1466 0 0 1
1466 0 0 1
1467 0 0 1
1467 0 0 1
1467 0 0 1
1467 0 0 2
1467 0 0 1
1467 0 0 1
1468 0 0 1
1468 0 0 1
1468 0 0 1
1468 0 0 1
1468 0 0 1
1469 1 0 2
1469 0 0 1
1469 0 0 1
1469 0 0 1
1469 0 0 1
1469 0 0 1
1470 0 0 1
1470 0 0 1
1470 0 0 1
1470 0 0 1
1470 0 0 1
1471 0 0 1
1471 0 0 1
1471 0 0 1
1471 0 0 1
1471 0 0 1
1472 0 0 1
1472 0 0 1
1472 0 0 1
1472 0 0 2
1473 0 0 1
1473 0 0 1
1473 0 0 1
1473 0 0 1
1473 0 0 1
1474 0 0 1
1474 0 0 1
1474 0 0 1
1474 0 0 1
1474 0 0 1
1475 0 0 1
1475 0 0 1
1475 0 0 1
1475 0 0 1
1475 0 0 1
1476 0 0 1
1476 0 0 1
1476 0 0 1
1476 0 0 1
1476 0 0 1
1477 1 0 2
1477 0 0 1
1477 0 0 1
1477 0 0 1
1477 0 0 1
1477 0 0 1
1478 0 0 1
1478 0 0 1
1478 0 0 1
1478 0 0 1
1479 0 0 1
1479 0 0 1
1479 0 0 1
1479 0 0 1
1479 0 0 1
1480 0 0 1
1480 0 0 1
1480 0 0 1
1480 0 0 1
1480 0 0 1
1481 1 0 2
1481 0 0 1
1481 0 0 1
1481 0 0 1
1481 0 0 1
1481 0 0 1
1482 0 0 1
1482 0 0 1
1482 0 0 1
1482 0 0 1
1482 0 0 1
1483 0 0 1
1483 0 0 1
1483 0 0 1
1483 0 0 1
1483 0 0 1
1484 0 0 1
1484 0 0 1
1484 0 0 1
1484 0 0 1
1484 0 0 1
1485 1 0 2
1485 1 0 2
1485 0 0 1
1485 0 0 1
1485 0 0 1
1485 0 0 1
1485 0 0 1
1486 1 0 2
1486 0 0 1
1486 0 0 1
1486 1 0 2
1486 0 0 1
1486 0 0 1
1487 1 0 2
1487 0 0 1
1487 0 0 1
1487 0 0 1
1487 0 0 1
1488 1 0 2
1488 0 0 1
1488 0 0 1
1488 0 0 1
1488 0 0 1
1489 1 0 2
1489 0 0 1
1489 0 0 1
1489 0 0 1
1489 0 0 1
1489 0 0 1
1490 0 0 1
1490 1 0 2
1490 1 0 2
1490 0 0 1
1490 0 0 1
1490 0 0 1
1490 0 0 1
1490 0 0 1
1491 0 0 1
1491 0 0 1
1491 0 0 1
1491 0 0 1
1491 0 0 1
1492 0 0 1
1492 0 0 1
1492 0 0 1
1492 0 0 1
1492 0 0 1
1493 0 0 1
1493 0 0 1
1493 0 0 1
1493 0 0 1
1493 0 0 1
1494 0 0 1
1494 0 0 1
1494 0 0 1
1494 1 0 2
1494 0 0 1
1495 0 0 1
1495 0 0 1
1495 0 0 1
1495 0 0 1
1495 0 0 1
1496 1 0 2
1496 0 0 1
1496 0 0 1
1496 0 0 1
1496 1 0 2
1497 1 0 2
1497 1 0 2
1497 0 0 1
1497 0 0 1
1497 0 0 1
1497 0 0 1
1498 0 0 1
1498 0 0 1
1498 0 0 1
1498 0 0 1
1499 1 0 2
1499 0 0 1
1499 0 0 1
1499 0 0 1
1499 0 0 1
1499 1 0 2
1500 0 0 1
1500 0 0 1
1500 0 0 1
1500 0 0 2
1501 1 0 2
1501 0 0 1
1501 0 0 1
1501 1 0 2
1501 0 0 1
1501 1 0 2
1502 1 0 2
1502 0 0 1
1502 0 0 1
1502 0 0 1
1502 0 0 1
1503 0 0 1
1503 0 0 1
1503 0 0 1
1503 0 0 1
1504 0 0 1
1504 0 0 1
1504 0 0 1
1504 0 0 1
1504 0 0 1
1505 0 0 1
1505 0 0 1
1505 0 0 1
1505 0 0 1
1506 0 0 2
1506 0 0 1
1506 0 0 1
1506 0 0 1
1506 0 0 1
1507 0 0 1
1507 0 0 1
1507 0 0 1
1507 1 0 3
1507 0 0 1
1508 0 0 1
1508 0 0 1
1508 0 0 1
1508 0 0 1
1508 0 0 1
1509 1 0 2
1509 0 0 1
1509 0 0 1
1509 0 0 1
1509 0 0 1
1510 1 0 2
1510 0 0 1
1510 0 0 1
1510 0 0 1
1511 0 0 1
1511 0 0 1
1511 0 0 1
1511 0 0 1
1511 0 0 1
1512 1 0 2
1512 1 0 2
1512 0 0 1
1512 0 0 2
1512 0 0 1
1512 0 0 1
1513 0 0 1
1513 0 0 1
1513 0 0 1
1513 0 0 1
1513 0 0 1
1514 0 0 1
1514 0 0 1
1514 0 0 1
1514 0 0 1
1515 1 0 2
1515 1 0 2
1515 1 0 2
1515 0 0 1
1515 0 0 1
1515 0 0 1
1515 0 0 1
1515 0 0 1
1516 1 0 2
1516 0 0 1
1516 0 0 1
1516 0 0 1
1516 0 0 1
1517 1 0 2
1517 0 0 1
1517 1 0 2
1517 0 0 1
1517 0 0 1
1518 0 0 1
1518 0 0 1
1518 1 0 2
1518 0 0 1
1519 0 0 1
1519 0 0 1
1519 0 0 1
1519 0 0 1
1520 0 0 1
1520 0 0 1
1520 0 0 1
1520 0 0 1
1520 0 0 1
1521 0 0 1
1521 0 0 1
1521 0 0 1
1521 0 0 1
1521 0 0 1
1522 1 0 2
1522 0 0 1
1522 0 0 1
1522 0 0 1
1522 0 0 1
1522 0 0 1
1523 0 0 1
1523 0 0 1
1523 0 0 2
1523 0 0 1
1524 2 0 2
1524 1 0 2
1524 0 0 1
1524 0 0 1
1524 0 0 1
1524 0 0 1
1525 1 0 2
1525 0 0 1
1525 0 0 1
1525 0 0 1
1525 0 0 1
1525 0 0 1
1526 1 0 2
1526 0 0 1
1526 0 0 1
1526 0 0 1
1526 0 0 1
1526 0 0 1
1527 1 0 2
1527 0 0 1
1527 0 0 1
1527 0 0 1
1527 0 0 1
1528 2 0 2
1528 0 0 1
1528 0 0 1
1528 0 0 1
1528 0 0 1
1528 0 0 1
1529 1 0 2
1529 2 0 2
1529 0 0 1
1529 0 0 1
1529 0 0 1
1529 0 0 1
1529 0 0 1
1530 0 0 1
1530 0 0 1
1530 0 0 1
1530 0 0 1
1530 0 0 1
1531 1 0 2
1531 0 0 1
1531 0 0 1
1531 0 0 1
1531 0 0 1
1531 0 0 1
1532 2 0 2
1532 0 0 1
1532 0 0 1
1532 0 0 1
1532 0 0 1
1532 0 0 2
1533 0 0 1
1533 0 0 1
1533 0 0 1
1533 0 0 1
1533 0 0 1
1534 0 0 1
1534 0 0 1
1534 0 0 1
1534 0 0 1
1534 0 0 1
1535 1 0 2
1535 0 0 1
1535 0 0 1
1535 0 0 1
1535 0 0 1
1535 0 0 1
1536 0 0 1
1536 0 0 1
1536 0 0 1
1536 0 0 1
1536 0 0 1
1537 0 0 1
1537 0 0 1
1537 0 0 1
1537 0 0 1
1538 1 0 2
1538 0 0 1
1538 0 0 1
1538 0 0 1
1538 0 0 1
1538 0 0 1
1539 0 0 1
1539 0 0 1
1539 0 0 1
1539 0 0 1
1539 1 0 2
1540 0 0 1
1540 0 0 1
1540 0 0 1
1540 0 0 1
1541 0 0 1
1541 0 0 1
1541 0 0 1
1541 0 0 1
1542 1 0 2
1542 0 0 1
1542 0 0 1
1542 0 0 1
1542 0 0 1
1543 0 0 1
1543 1 0 2
1543 0 0 1
1543 0 0 1
1543 0 0 1
1543 0 0 1
1544 0 0 1
1544 0 0 1
1544 0 0 1
1544 0 0 1
1544 0 0 1
1545 1 0 2
1545 0 0 2
1545 0 0 1
1545 0 0 1
1546 1 0 2
1546 0 0 1
1546 0 0 1
1546 0 0 1
1546 0 0 1
1547 1 0 2
1547 0 0 1
1547 0 0 1
1547 1 0 2
1547 0 0 1
1547 0 0 1
1548 0 0 1
1548 0 0 1
1548 0 0 1
1548 0 0 1
1548 0 0 1
1549 0 0 1
1549 0 0 1
1549 0 0 1
1549 0 0 1
1549 0 0 1
1550 0 0 1
1550 0 0 1
1550 0 0 1
1550 0 0 1
1550 0 0 1
1551 0 0 1
1551 0 0 1
1551 0 0 1
1551 0 0 1
1552 1 0 2
1552 0 0 1
1552 0 0 1
1552 0 0 1
1552 0 0 1
1552 0 0 1
1553 1 0 2
1553 1 0 2
1553 0 0 1
1553 0 0 1
1553 0 0 1
1553 0 0 1
1553 0 0 1
1554 0 0 1
1554 0 0 1
1554 0 0 1
1554 0 0 1
1555 1 0 1
1555 0 0 1
1555 0 0 1
1555 0 0 1
1555 0 0 1
1556 1 0 2
1556 0 0 1
1556 0 0 1
1556 0 0 1
1556 0 0 1
1556 0 0 1
1557 1 0 3
1557 0 0 1
1557 0 0 1
1557 0 0 1
1557 0 0 1
1558 1 0 2
1558 0 0 1
1558 0 0 1
1558 0 0 1
1558 0 0 1
1559 0 0 1
1559 0 0 1
1559 0 0 1
1559 0 0 1
1560 0 0 1
1560 0 0 1
1560 0 0 1
1560 0 0 1
1560 0 0 1
1561 0 0 1
1561 2 0 2
1561 0 0 1
1561 0 0 1
1561 0 0 1
1562 0 0 1
1562 0 0 1
1562 0 0 1
1562 0 0 1
1562 0 0 1
1563 1 0 2
1563 0 0 2
1563 0 0 1
1563 0 0 1
1563 0 0 1
1563 0 0 1
1564 1 0 1
1564 0 0 1
1564 0 0 1
1564 0 0 1
1564 0 0 1
1564 0 0 1
1565 1 0 2
1565 0 0 1
1565 0 0 1
1565 0 0 1
1565 0 0 1
1565 0 0 1
1566 0 0 1
1566 0 0 1
1566 0 0 2
1566 0 0 1
1566 0 0 1
1566 0 0 1
1567 0 0 1
1567 0 0 1
1567 0 0 1
1567 0 0 1
1567 0 0 1
1568 0 0 1
1568 0 0 1
1568 0 0 1
1568 0 0 1
1569 0 0 1
1569 0 0 1
1569 0 0 1
1569 0 0 1
1569 0 0 1
1570 0 0 1
1570 0 0 1
1570 0 0 1
1570 0 0 1
1571 1 0 2
1571 0 0 1
1571 0 0 1
1571 0 0 2
1571 0 0 1
1572 1 0 2
1572 0 0 1
1572 0 0 1
1572 0 0 1
1572 0 0 1
1572 0 0 1
1573 0 0 2
1573 0 0 1
1573 0 0 1
1573 0 0 1
1573 0 0 1
1574 0 0 2
1574 0 0 1
1574 0 0 1
1574 0 0 1
1574 0 0 1
1575 1 0 2
1575 0 0 1
1575 0 0 1
1575 0 0 1
1575 0 0 1
1576 1 0 2
1576 0 0 1
1576 0 0 1
1576 0 0 1
1576 0 0 1
1576 0 0 1
1577 0 0 1
1577 0 0 1
1577 0 0 1
1577 0 0 1
1577 0 0 1
1578 1 0 2
1578 1 0 2
1578 0 0 1
1578 0 0 1
1578 0 0 1
1578 0 0 1
1578 0 0 1
1579 0 0 1
1579 0 0 1
1579 0 0 1
1579 0 0 2
1579 0 0 1
1580 1 0 2
1580 0 0 1
1580 0 0 1
1580 0 0 1
1581 0 0 2
1581 1 0 2
1581 0 0 1
1581 0 0 1
1581 0 0 1
1581 0 0 1
1582 1 0 2
1582 0 0 1
1582 0 0 1
1582 0 0 1
1582 0 0 1
1582 0 0 1
1583 1 0 2
1583 0 0 1
1583 0 0 1
1583 0 0 1
1583 0 0 1
1584 1 0 2
1584 0 0 1
1584 0 0 1
1584 0 0 1
1584 0 0 1
1585 0 0 1
1585 0 0 1
1585 0 0 1
1585 0 0 1
1586 0 0 1
1586 0 0 1
1586 0 0 1
1586 0 0 1
1587 0 0 2
1587 0 0 1
1587 0 0 1
1587 0 0 1
1587 0 0 1
1587 0 0 1
1588 0 0 1
1588 0 0 1
1588 0 0 1
1588 0 0 1
1589 1 0 2
1589 0 0 1
1589 0 0 1
1589 0 0 1
1589 0 0 2
1590 1 0 1
1590 0 0 1
1590 0 0 1
1590 0 0 1
1590 0 0 1
1590 0 0 1
1591 1 0 2
1591 0 0 1
1591 0 0 1
1591 0 0 1
1591 0 0 1
1591 0 0 1
1592 1 0 3
1592 1 0 2
1592 1 0 4
1592 0 0 1
1592 0 0 1
1592 0 0 1
1592 0 0 1
1593 1 0 1
1593 0 0 1
1593 0 0 1
1593 0 0 1
1593 0 0 1
1594 0 0 1
1594 0 0 1
1594 1 0 2
1595 0 0 1
1595 0 0 1
1595 0 0 1
1595 0 0 1
1595 0 0 1
1596 1 0 2
1596 1 0 2
1596 0 0 1
1596 0 0 1
1596 0 0 1
1596 0 0 2
1596 0 0 1
1597 0 0 1
1597 0 0 1
1597 0 0 1
1598 1 0 2
1598 0 0 1
1598 0 0 1
1598 0 0 1
1598 0 0 2
1598 0 0 1
1599 0 0 1
1599 0 0 1
1599 0 0 1
1599 0 0 1
1599 0 0 1
1600 1 0 2
1600 1 0 2
1600 0 0 1
1600 0 0 1
1600 0 0 1
1601 1 0 2
1601 0 0 1
1601 0 0 1
1601 0 0 1
1601 0 0 1
1601 0 0 1
1602 0 0 1
1602 0 0 2
1602 0 0 1
1602 0 0 1
1603 0 0 1
1603 0 0 1
1603 0 0 1
1603 0 0 1
1603 0 0 1
1603 0 0 1
1604 0 0 1
1604 0 0 1
1604 0 0 1
1604 0 0 1
1604 0 0 1
1605 0 0 1
1605 0 0 1
1605 0 0 1
1605 0 0 1
1605 0 0 1
1606 1 0 2
1606 0 0 1
1606 0 0 1
1606 0 0 1
1606 0 0 1
1606 0 0 1
1607 0 0 1
1607 0 0 1
1607 0 0 1
1607 0 0 1
1607 0 0 1
1608 1 0 2
1608 0 0 1
1608 0 0 1
1608 0 0 1
1608 0 0 1
1608 0 0 1
1609 1 0 2
1609 0 0 1
1609 0 0 1
1609 0 0 1
1609 0 0 1
1609 0 0 1
1610 0 0 1
1610 0 0 1
1610 0 0 1
1610 0 0 1
1610 0 0 1
1611 1 0 2
1611 0 0 1
1611 0 0 1
1611 0 0 1
1611 0 0 1
1612 0 0 1
1612 0 0 1
1612 0 0 1
1612 0 0 1
1613 0 0 1
1613 0 0 1
1613 0 0 2
1613 0 0 1
1613 0 0 1
1614 0 0 1
1614 0 0 1
1614 0 0 1
1614 0 0 1
1615 0 0 1
1615 0 0 1
1615 0 0 1
1615 0 0 1
1615 0 0 1
1616 1 0 2
1616 0 0 1
1616 0 0 1
1616 0 0 1
1616 0 0 1
1617 1 0 3
1617 0 0 1
1617 0 0 1
1617 0 0 1
1617 0 0 2
1618 0 0 1
1618 0 0 1
1618 0 0 1
1618 0 0 1
1619 1 0 3
1619 0 0 1
1619 0 0 1
1619 0 0 1
1619 0 0 1
1619 0 0 1
1620 0 0 1
1620 0 0 1
1620 0 0 1
1620 0 0 1
1620 0 0 1
1621 0 0 2
1621 0 0 1
1621 0 0 1
1621 0 0 1
1621 0 0 1
1622 0 0 1
1622 0 0 2
1622 0 0 1
1623 0 0 1
1623 0 0 1
1623 0 0 1
1623 0 0 1
1623 0 0 1
1624 1 0 2
1624 1 0 2
1624 0 0 1
1624 0 0 1
1624 0 0 1
1625 0 0 1
1625 0 0 1
1625 0 0 1
1625 0 0 1
1625 0 0 1
1626 0 0 1
1626 0 0 1
1626 0 0 1
1626 0 0 1
1627 1 0 2
1627 0 0 1
1627 0 0 1
1627 0 0 1
1627 0 0 1
1627 0 0 1
1628 1 0 2
1628 0 0 1
1628 0 0 1
1628 1 0 2
1628 0 0 1
1628 0 0 1
1629 1 0 2
1629 0 0 1
1629 0 0 1
1629 0 0 1
1629 0 0 1
1629 0 0 1
1630 0 0 1
1630 0 0 1
1630 0 0 1
1630 0 0 1
1631 1 0 3
1631 1 0 2
1631 0 0 1
1631 0 0 1
1631 0 0 1
1631 0 0 1
1632 1 0 2
1632 1 0 2
1632 0 0 1
1632 0 0 1
1632 0 0 1
1632 0 0 1
1633 0 0 1
1633 0 0 1
1633 0 0 1
1633 0 0 1
1634 1 0 2
1634 1 0 2
1634 0 0 2
1634 0 0 1
1634 0 0 1
1634 0 0 1
1634 0 0 1
1634 0 0 1
1635 0 0 1
1635 0 0 1
1635 0 0 1
1635 0 0 1
1635 0 0 1
1636 0 0 1
1636 0 0 1
1636 0 0 1
1636 0 0 1
1637 1 0 2
1637 0 0 1
1637 0 0 1
1637 0 0 1
1637 0 0 1
1637 0 0 1
1638 1 0 2
1638 0 0 1
1638 1 0 2
1638 0 0 1
1638 0 0 1
1638 0 0 1
1639 0 0 1
1639 0 0 1
1639 0 0 1
1639 0 0 1
1639 0 0 1
1640 0 0 1
1640 0 0 1
1640 0 0 1
1640 0 0 1
1641 1 0 2
1641 0 0 1
1641 0 0 1
1641 0 0 1
1641 0 0 1
1642 1 0 2
1642 0 0 1
1642 0 0 1
1642 0 0 1
1642 0 0 1
1642 0 0 1
1643 0 0 1
1643 0 0 1
1643 0 0 1
1643 0 0 1
1643 0 0 1
1643 0 0 1
1644 0 0 1
1644 0 0 1
1644 0 0 1
1644 0 0 1
1644 0 0 1
1644 0 0 1
1645 0 0 1
1645 0 0 1
1645 0 0 1
1645 0 0 1
1645 0 0 1
1646 1 0 3
1646 0 0 1
1646 0 0 1
1646 0 0 1
1646 0 0 1
1646 0 0 1
1647 0 0 1
1647 0 0 1
1647 0 0 1
1647 0 0 1
1647 0 0 1
1648 0 0 1
1648 0 0 1
1648 0 0 1
1648 0 0 1
1648 0 0 1
1649 0 0 1
1649 0 0 1
1649 0 0 1
1649 0 0 1
1649 0 0 1
1650 0 0 1
1650 0 0 1
1650 0 0 1
1650 0 0 1
1650 0 0 1
1651 0 0 1
1651 0 0 1
1651 0 0 1
1651 0 0 1
1651 0 0 1
1652 1 0 2
1652 0 0 1
1652 0 0 1
1652 0 0 1
1652 0 0 1
1652 0 0 1
1653 0 0 1
1653 0 0 1
1653 0 0 1
1653 0 0 1
1653 0 0 1
1654 1 0 2
1654 0 0 1
1654 0 0 1
1654 0 0 1
1654 0 0 1
1655 0 0 1
1655 0 0 1
1655 0 0 1
1655 0 0 1
1655 0 0 1
1656 0 0 1
1656 0 0 1
1656 0 0 1
1656 0 0 1
1656 0 0 1
1657 1 0 2
1657 0 0 1
1657 0 0 1
1657 0 0 1
1657 0 0 1
1657 0 0 1
1658 1 0 2
1658 0 0 1
1658 0 0 1
1658 0 0 1
1658 0 0 1
1658 0 0 1
1659 0 0 1
1659 0 0 1
1659 0 0 1
1659 0 0 1
1660 1 0 3
1660 0 0 1
1660 0 0 1
1660 0 0 2
1661 0 0 1
1661 0 0 1
1661 0 0 1
1661 0 0 1
1662 2 0 2
1662 0 0 2
1662 0 0 2
1662 0 0 1
1662 0 0 1
1662 0 0 1
1662 0 0 1
1663 0 0 1
1663 0 0 1
1663 0 0 1
1663 0 0 1
1664 0 0 1
1664 0 0 1
1664 0 0 1
1664 0 0 1
1664 0 0 1
1665 0 0 1
1665 0 0 1
1665 0 0 1
1665 0 0 1
1665 0 0 1
1666 0 0 1
1666 0 0 1
1666 0 0 1
1666 0 0 1
1666 0 0 1
1667 1 0 2
1667 0 0 1
1667 0 0 1
1667 0 0 1
1667 0 0 1
1667 0 0 1
1668 0 0 1
1668 0 0 1
1668 0 0 1
1668 0 0 1
1668 0 0 1
1669 1 0 2
1669 0 0 1
1669 0 0 1
1669 0 0 1
1669 0 0 1
1669 0 0 1
1670 1 0 2
1670 0 0 1
1670 0 0 1
1670 0 0 1
1670 0 0 1
1670 0 0 1
1671 0 0 1
1671 0 0 1
1671 0 0 1
1671 0 0 1
1671 0 0 1
1672 1 0 3
1672 0 0 1
1672 0 0 1
1672 0 0 1
1672 0 0 1
1673 0 0 1
1673 0 0 1
1673 0 0 1
1673 0 0 1
1673 0 0 1
1673 0 0 1
1674 1 0 2
1674 1 0 2
1674 0 0 1
1674 0 0 1
1674 0 0 1
1674 0 0 1
1674 0 0 1
1675 1 0 2
1675 0 0 1
1675 0 0 1
1675 0 0 1
1675 0 0 1
1675 0 0 1
1676 0 0 1
1676 0 0 1
1676 0 0 1
1676 0 0 1
1676 0 0 1
1677 0 0 1
1677 0 0 1
1677 0 0 1
1677 0 0 1
1678 1 0 2
1678 0 0 1
1678 0 0 1
1678 0 0 1
1678 0 0 1
1678 0 0 1
1679 1 0 2
1679 1 0 2
1679 0 0 1
1679 0 0 1
1679 1 0 2
1679 0 0 1
1679 0 0 1
1680 0 0 1
1680 0 0 1
1680 0 0 1
1680 0 0 1
1680 0 0 1
1681 1 0 2
1681 0 0 1
1681 0 0 1
1681 0 0 1
1681 0 0 1
1681 0 0 1
1682 0 0 1
1682 0 0 1
1682 0 0 1
1682 0 0 1
1682 0 0 1
1683 0 0 1
1683 0 0 1
1683 0 0 1
1683 0 0 1
1683 0 0 1
1683 0 0 1
1684 0 0 1
1684 0 0 1
1684 0 0 1
1684 0 0 1
1684 0 0 1
1685 0 0 1
1685 0 0 1
1685 0 0 1
1685 0 0 1
1685 0 0 1
1686 0 0 1
1686 0 0 1
1686 0 0 1
1686 0 0 1
1686 0 0 1
1687 0 0 1
1687 0 0 1
1687 0 0 1
1687 1 0 3
1687 0 0 1
1688 1 0 2
1688 0 0 1
1688 0 0 1
1688 0 0 1
1688 0 0 1
1688 0 0 1
1689 0 0 1
1689 0 0 1
1689 0 0 1
1689 0 0 1
1689 0 0 1
1690 0 0 1
1690 0 0 1
1690 0 0 1
1690 0 0 1
1691 0 0 1
1691 0 0 1
1691 0 0 1
1691 0 0 1
1691 0 0 1
1692 0 0 2
1692 0 0 1
1692 0 0 1
1692 0 0 1
1692 0 0 1
1692 0 0 1
1693 1 0 2
1693 0 0 1
1693 0 0 1
1693 0 0 1
1693 0 0 1
1693 0 0 1
1694 0 0 2
1694 0 0 1
1694 0 0 1
1694 0 0 1
1694 0 0 1
1694 0 0 1
1695 0 0 1
1695 0 0 1
1695 0 0 1
1695 0 0 1
1695 0 0 1
1696 0 0 1
1696 0 0 1
1696 0 0 1
1696 1 0 2
1697 0 0 1
1697 0 0 1
1697 0 0 1
1697 0 0 1
1697 0 0 1
1697 0 0 1
1698 0 0 2
1698 0 0 1
1698 0 0 1
1698 0 0 1
1698 0 0 1
1698 0 0 1
1699 0 0 1
1699 0 0 1
1699 0 0 1
1699 1 0 2
1699 0 0 1
1700 1 0 2
1700 0 0 1
1700 0 0 1
1700 0 0 1
1700 0 0 1
1701 1 0 2
1701 0 0 1
1701 0 0 1
1701 0 0 1
1701 0 0 1
1701 0 0 1
1702 0 0 1
1702 0 0 1
1702 0 0 1
1702 0 0 1
1702 0 0 1
1702 0 0 1
1703 0 0 1
1703 0 0 1
1703 0 0 1
1703 0 0 1
1703 0 0 1
1704 0 0 1
1704 0 0 1
1704 0 0 1
1704 0 0 1
1704 0 0 1
1705 0 0 1
1705 0 0 1
1705 0 0 1
1705 0 0 1
1705 0 0 1
1706 1 0 2
1706 0 0 1
1706 0 0 1
1706 0 0 1
1706 0 0 1
1707 1 0 2
1707 1 0 3
1707 0 0 1
1707 1 0 2
1707 0 0 1
1707 0 0 1
1707 0 0 1
1708 0 0 1
1708 0 0 1
1708 0 0 1
1708 1 0 2
1708 0 0 1
1708 0 0 1
1709 1 0 2
1709 0 0 1
1709 0 0 1
1709 0 0 1
1709 0 0 1
1709 0 0 1
1710 0 0 1
1710 0 0 1
1710 0 0 1
1710 0 0 1
1710 0 0 1
1711 0 0 1
1711 0 0 1
1711 0 0 1
1711 0 0 1
1711 0 0 1
1711 0 0 1
1712 0 0 1
1712 0 0 1
1712 0 0 1
1713 1 0 2
1713 0 0 1
1713 0 0 1
1713 0 0 1
1713 0 0 1
1713 0 0 1
1714 0 0 1
1714 0 0 1
1714 0 0 1
1714 0 0 1
1714 0 0 1
1715 2 0 2
1715 0 0 1
1715 0 0 1
1715 0 0 1
1715 0 0 1
1716 1 0 2
1716 0 0 1
1716 0 0 1
1716 0 0 1
1716 0 0 1
1717 0 0 1
1717 0 0 1
1717 0 0 1
1717 0 0 1
1717 0 0 1
1717 0 0 1
1718 0 0 2
1718 0 0 1
1718 0 0 1
1719 0 0 1
1719 0 0 1
1719 0 0 1
1719 0 0 1
1720 0 0 1
1720 0 0 1
1720 0 0 2
1720 0 0 1
1721 0 0 1
1721 0 0 1
1721 0 0 1
1721 0 0 1
1721 0 0 1
1722 1 0 2
1722 1 0 2
1722 1 0 2
1722 0 0 2
1722 0 0 1
1722 0 0 1
1722 0 0 1
1722 0 0 1
1722 0 0 1
1723 0 0 1
1723 0 0 1
1723 0 0 1
1723 0 0 1
1724 0 0 1
1724 0 0 1
1724 0 0 1
1724 0 0 1
1724 0 0 1
1725 2 0 2
1725 0 0 2
1725 0 0 1
1725 0 0 1
1725 0 0 1
1725 0 0 1
1726 1 0 3
1726 0 0 1
1726 0 0 1
1726 0 0 1
1726 0 0 1
1727 0 0 1
1727 0 0 1
1727 0 0 1
1727 0 0 1
1727 0 0 1
1728 1 0 2
1728 0 0 2
1728 0 0 1
1728 0 0 1
1728 0 0 1
1728 0 0 1
1729 1 0 2
1729 0 0 1
1729 0 0 1
1729 0 0 1
1729 0 0 1
1730 0 0 1
1730 0 0 1
1730 0 0 1
1730 0 0 1
1731 0 0 1
1731 0 0 2
1731 1 0 2
1731 0 0 1
1731 0 0 1
1732 0 0 1
1732 0 0 1
1732 0 0 1
1732 0 0 1
1733 0 0 1
1733 0 0 1
1733 0 0 1
1733 0 0 1
1733 0 0 1
1734 0 0 1
1734 0 0 1
1734 0 0 1
1734 0 0 1
1734 0 0 1
1735 1 0 2
1735 0 0 1
1735 0 0 1
1735 0 0 1
1735 0 0 1
1735 0 0 1
1736 0 0 1
1736 0 0 1
1736 0 0 1
1736 0 0 1
1737 0 0 1
1737 0 0 1
1737 0 0 1
1737 1 0 2
1737 0 0 2
1738 2 0 2
1738 1 0 2
1738 0 0 1
1738 0 0 1
1738 0 0 1
1738 0 0 1
1739 0 0 1
1739 0 0 1
1739 0 0 1
1739 0 0 1
1739 0 0 1
1740 0 0 1
1740 0 0 1
1740 0 0 1
1740 0 0 1
1740 0 0 1
1741 1 0 2
1741 0 0 2
1741 0 0 1
1741 0 0 1
1741 0 0 1
1741 0 0 1
1742 1 0 2
1742 0 0 1
1742 0 0 1
1742 0 0 1
1742 0 0 1
1742 0 0 1
1743 1 0 2
1743 0 0 1
1743 0 0 1
1743 0 0 1
1743 0 0 1
1743 0 0 1
1744 1 0 2
1744 0 0 1
1744 0 0 1
1744 0 0 1
1745 0 0 1
1745 0 0 1
1745 0 0 1
1746 1 0 3
1746 0 0 1
1746 0 0 1
1746 0 0 1
1746 0 0 1
1746 0 0 1
1747 0 0 1
1747 0 0 1
1747 0 0 1
1747 0 0 1
1747 0 0 1
1748 1 0 2
1748 0 0 1
1748 0 0 1
1748 0 0 1
1748 0 0 1
1748 0 0 1
1749 1 0 2
1749 0 0 1
1749 0 0 1
1749 0 0 1
1749 0 0 1
1749 0 0 1
1750 0 0 1
1750 0 0 1
1750 0 0 1
1750 0 0 1
1751 0 0 2
1751 0 0 1
1751 0 0 1
1751 0 0 1
1751 0 0 1
1752 0 0 1
1752 0 0 1
1752 0 0 1
1752 0 0 2
1753 0 0 1
1753 1 0 2
1753 0 0 1
1753 0 0 1
1753 0 0 1
1753 0 0 1
1754 0 0 1
1754 0 0 1
1754 0 0 1
1754 0 0 1
1754 0 0 1
1755 0 0 1
1755 0 0 1
1755 0 0 1
1755 0 0 1
1755 0 0 1
1756 0 0 1
1756 0 0 1
1756 0 0 1
1756 0 0 1
1756 0 0 1
1757 1 0 2
1757 0 0 1
1757 0 0 1
1757 0 0 1
1757 0 0 1
1757 0 0 1
1758 1 0 3
1758 0 0 1
1758 0 0 1
1758 0 0 1
1758 1 0 2
1758 0 0 1
1759 0 0 1
1759 0 0 1
1759 0 0 1
1759 0 0 1
1760 1 0 3
1760 0 0 1
1760 0 0 1
1760 0 0 1
1761 0 0 1
1761 0 0 1
1761 0 0 1
1761 0 0 1
1761 0 0 1
1762 1 0 1
1762 0 0 1
1762 0 0 1
1762 0 0 1
1762 0 0 1
1763 1 0 3
1763 0 0 2
1763 0 0 1
1763 0 0 1
1763 0 0 1
1763 0 0 1
1763 0 0 1
1764 0 0 1
1764 0 0 1
1764 0 0 1
1764 0 0 1
1764 0 0 1
1765 1 0 2
1765 0 0 1
1765 0 0 1
1765 0 0 1
1765 0 0 1
1766 1 0 2
1766 0 0 1
1766 1 0 3
1766 0 0 1
1766 0 0 1
1766 0 0 1
1767 0 0 1
1767 0 0 1
1767 0 0 1
1767 0 0 1
1768 0 0 1
1768 0 0 1
1768 0 0 1
1768 0 0 1
1768 0 0 1
1769 1 0 2
1769 0 0 1
1769 0 0 1
1769 0 0 1
1770 1 0 2
1770 0 0 1
1770 0 0 1
1770 0 0 1
1770 0 0 1
1770 0 0 1
1771 0 0 1
1771 0 0 1
1771 0 0 1
1771 0 0 1
1771 0 0 1
1772 0 0 2
1772 0 0 1
1772 0 0 1
1772 0 0 1
1772 0 0 1
1773 1 0 3
1773 0 0 1
1773 0 0 1
1773 0 0 1
1773 0 0 1
1773 0 0 1
1774 0 0 1
1774 0 0 1
1774 0 0 1
1774 0 0 1
1775 1 0 2
1775 0 0 1
1775 0 0 1
1775 0 0 1
1775 0 0 1
1776 0 0 1
1776 0 0 1
1776 0 0 1
1776 0 0 1
1777 1 0 2
1777 1 0 2
1777 0 0 2
1777 0 0 1
1777 0 0 1
1777 0 0 1
1777 0 0 1
1778 0 0 1
1778 0 0 1
1778 0 0 1
1778 0 0 1
1778 0 0 1
1779 1 0 2
1779 1 0 2
1779 0 0 1
1779 0 0 1
1779 0 0 2
1779 0 0 1
1780 1 0 2
1780 0 0 1
1780 0 0 1
1780 0 0 1
1780 0 0 1
1780 0 0 1
1781 0 0 1
1781 0 0 1
1781 0 0 1
1781 0 0 1
1782 0 0 1
1782 0 0 1
1782 0 0 1
1782 0 0 1
1782 0 0 1
1783 1 0 2
1783 1 0 2
1783 0 0 1
1783 0 0 1
1783 0 0 1
1783 0 0 1
1783 0 0 1
1784 0 0 1
1784 0 0 1
1785 0 0 1
1785 0 0 1
1785 0 0 1
1785 0 0 1
1786 1 0 2
1786 0 0 1
1786 0 0 1
1786 0 0 1
1786 0 0 1
1786 0 0 1
1787 0 0 1
1787 0 0 1
1787 0 0 1
1787 0 0 1
1787 0 0 1
1787 0 0 1
1788 4 0 2
1788 0 0 1
1788 0 0 1
1788 0 0 2
1788 0 0 1
1789 1 0 2
1789 0 0 1
1789 0 0 1
1789 0 0 1
1789 0 0 1
1789 0 0 1
1790 0 0 1
1790 0 0 1
1790 0 0 1
1790 0 0 1
1790 0 0 1
1791 0 0 1
1791 0 0 1
1791 0 0 1
1791 0 0 1
1792 0 0 1
1792 0 0 1
1792 0 0 2
1792 0 0 1
1792 0 0 1
1793 0 0 1
1793 0 0 1
1793 0 0 1
1793 0 0 1
1793 0 0 1
1794 0 0 1
1794 0 0 1
1794 0 0 1
1794 0 0 1
1794 0 0 1
1795 2 0 2
1795 0 0 1
1795 0 0 1
1795 0 0 1
1795 0 0 1
1796 0 0 1
1796 0 0 1
1796 1 0 3
1796 0 0 1
1796 0 0 1
1797 1 0 2
1797 0 0 1
1797 0 0 1
1797 0 0 1
1797 0 0 2
1798 1 0 2
1798 0 0 1
1798 0 0 1
1798 0 0 1
1798 0 0 1
1799 0 0 2
1799 0 0 1
1799 0 0 1
1799 0 0 1
1799 0 0 1
