20 1 0 2 0
40 0 0 2 0
44 0 0 1 0
46 0 0 1 0
50 0 0 1 0
55 0 0 1 0
59 0 0 1 0
60 0 0 2 0
64 0 0 2 0
77 0 0 1 0
78 0 0 1 0
83 0 0 1 0
84 0 0 1 0
86 0 0 1 0
87 0 0 2 0
89 1 0 2 0
90 0 0 2 0
95 0 0 2 0
96 0 0 2 0
98 0 0 2 0
100 1 0 2 0
103 0 0 2 0
105 1 0 2 0
106 0 0 1 0
107 0 0 1 0
108 0 0 2 0
109 0 0 1 0
110 0 0 1 0
112 1 0 2 0
113 0 0 1 0
115 0 0 1 0
116 0 0 1 0
117 0 0 2 0
119 0 0 2 0
121 0 0 2 0
123 0 0 2 0
125 0 0 1 0
126 0 0 1 0
129 0 0 2 0
130 0 0 2 0
131 1 0 2 0
133 0 0 2 0
134 0 0 1 0
135 0 0 1 0
138 0 0 1 0
139 0 0 1 0
140 0 0 1 0
141 0 0 2 0
143 0 0 1 0
145 0 0 1 0
148 0 0 2 0
151 0 0 1 0
152 0 0 1 0
153 0 0 2 0
154 0 0 1 0
156 0 0 2 0
157 1 0 2 0
159 0 0 2 0
161 0 0 1 0
164 0 0 1 0
165 0 0 2 0
166 0 0 2 0
168 0 0 2 0
169 0 0 2 0
170 0 0 1 0
171 0 0 2 0
172 0 0 2 0
173 0 0 1 0
174 0 0 1 0
175 0 0 1 0
178 0 0 2 0
181 0 0 2 0
182 0 0 1 0
184 0 0 2 0
185 0 0 1 0
186 0 0 2 0
187 0 0 2 0
189 0 0 1 0
191 0 0 2 0
192 0 0 2 0
195 0 0 1 0
196 0 0 1 0
197 0 0 2 0
198 0 0 2 0
199 0 0 1 0
200 0 0 1 0
202 0 0 1 0
203 0 0 1 0
205 0 0 1 0
206 0 0 2 0
207 0 0 1 0
210 1 0 2 0
210 0 0 2 0
211 0 0 2 0
213 0 0 2 0
214 0 0 1 0
217 0 0 2 0
219 0 0 2 0
220 0 0 2 0
221 0 0 2 0
226 0 0 2 0
228 0 0 2 0
231 0 0 2 0
233 0 0 1 0
234 0 0 2 0
235 0 0 1 0
237 0 0 1 0
238 0 0 2 0
239 0 0 2 0
241 0 0 1 0
242 1 0 2 0
243 0 0 2 0
245 0 0 1 0
247 0 0 1 0
248 0 0 2 0
251 1 0 3 0
251 0 0 2 0
251 1 0 2 0
253 0 0 1 0
254 0 0 1 0
256 0 0 1 0
257 0 0 1 0
259 0 0 2 0
262 0 0 1 0
263 0 0 1 0
264 1 0 2 0
265 0 0 1 0
266 0 0 2 0
273 0 0 1 0
275 0 0 2 0
276 0 0 1 0
277 0 0 2 0
278 0 0 2 0
280 0 0 2 0
281 0 0 1 0
284 0 0 2 0
285 0 0 1 0
287 0 0 1 0
288 0 0 2 0
290 0 0 2 0
291 0 0 1 0
292 0 0 2 0
293 0 0 1 0
296 1 0 2 0
298 0 0 2 0
300 0 0 2 0
301 0 0 1 0
301 0 0 1 0
303 0 0 1 0
304 0 0 1 0
305 0 0 2 0
306 0 0 1 0
308 0 0 1 0
310 0 0 2 0
312 0 0 1 0
313 1 0 3 0
314 0 0 2 0
315 0 0 1 0
316 0 0 1 0
318 0 0 1 0
319 0 0 1 0
320 0 0 1 0
321 0 0 1 0
323 0 0 1 0
324 0 0 2 0
326 0 0 2 0
327 0 0 1 0
328 0 0 1 0
329 0 0 2 0
330 0 0 1 0
331 0 0 1 0
333 0 0 1 0
334 0 0 1 0
335 0 0 1 0
338 0 0 2 0
340 0 0 2 0
342 0 0 2 0
343 0 0 2 0
345 0 0 1 0
346 0 0 2 0
347 0 0 2 0
349 0 0 2 0
350 0 0 2 0
352 0 0 2 0
355 0 0 2 0
356 0 0 1 0
357 0 0 1 0
358 0 0 2 0
361 0 0 2 0
363 1 0 2 0
364 1 0 2 0
365 0 0 2 0
367 0 0 2 0
371 0 0 1 0
372 0 0 1 0
373 0 0 1 0
375 1 0 3 0
376 0 0 2 0
377 0 0 1 0
378 0 0 1 0
379 0 0 1 0
380 0 0 2 0
381 0 0 2 0
382 0 0 2 0
384 0 0 1 0
385 0 0 2 0
387 1 0 2 0
388 0 0 1 0
389 0 0 2 0
390 0 0 1 0
391 0 0 1 0
393 0 0 1 0
395 1 0 2 0
399 0 0 1 0
403 0 0 1 0
405 0 0 2 0
406 0 0 1 0
407 0 0 2 0
408 0 0 2 0
409 1 0 2 0
413 0 0 2 0
415 1 0 2 0
416 1 0 2 0
417 0 0 2 0
418 0 0 2 0
420 1 0 2 0
421 0 0 1 0
422 0 0 2 0
426 0 0 2 0
427 0 0 1 0
433 0 0 2 0
434 0 0 2 0
435 0 0 2 0
438 0 0 1 0
439 0 0 2 0
440 0 0 2 0
441 0 0 1 0
442 0 0 1 0
444 0 0 2 0
445 0 0 2 0
446 1 0 2 0
447 1 0 2 0
450 0 0 1 0
453 1 0 2 0
455 0 0 2 0
457 0 0 1 0
458 0 0 1 0
459 0 0 1 0
460 0 0 2 0
463 0 0 2 0
464 1 0 2 0
469 0 0 1 0
471 0 0 2 0
473 0 0 1 0
476 0 0 1 0
476 1 0 2 0
477 0 0 3 0
479 0 0 1 0
480 0 0 1 0
482 0 0 2 0
483 0 0 2 0
484 0 0 1 0
485 0 0 2 0
486 0 0 1 0
488 0 0 1 0
489 0 0 1 0
490 0 0 1 0
491 0 0 2 0
492 0 0 2 0
493 0 0 1 0
495 0 0 2 0
496 1 0 3 0
497 0 0 2 0
498 0 0 1 0
503 0 0 1 0
504 1 0 2 0
505 0 0 1 0
507 0 0 1 0
508 0 0 2 0
509 0 0 1 0
510 0 0 2 0
512 0 0 2 0
514 0 0 2 0
516 0 0 2 0
517 0 0 1 0
518 0 0 1 0
520 0 0 2 0
521 0 0 2 0
523 0 0 1 0
526 0 0 2 0
527 0 0 1 0
528 0 0 2 0
529 0 0 2 0
531 0 0 1 0
533 0 0 1 0
534 0 0 2 0
535 1 0 2 0
538 0 0 1 0
540 0 0 1 0
541 0 0 2 0
542 0 0 2 0
543 0 0 2 0
545 0 0 2 0
547 0 0 2 0
549 0 0 1 0
550 0 0 2 0
552 0 0 1 0
553 0 0 2 0
554 0 0 2 0
555 0 0 2 0
556 0 0 1 0
556 0 0 2 0
557 0 0 1 0
559 0 0 2 0
560 0 0 2 0
564 0 0 1 0
567 0 0 1 0
568 0 0 1 0
571 0 0 1 0
573 0 0 2 0
574 0 0 1 0
575 0 0 2 0
576 0 0 1 0
578 0 0 2 0
