0 0 3264 0 0
1 3264 0 1
2 3264 0 2
3 3264 0 3
4 3264 0 4
5 3264 0 5
6 3264 0 6
7 3264 0 7
8 3264 0 8
9 3264 0 9
10 3264 0 10
11 3264 0 11
12 3264 0 12
13 3264 0 13
14 3264 0 14
15 3264 0 15
16 3264 0 16
17 3264 0 17
18 3264 0 18
19 3264 0 19
20 0 3263 0 18
20 3551 0 18
21 3551 0 19
22 3551 0 20
23 3551 0 21
24 3551 0 22
25 3551 0 23
26 3551 0 24
27 3551 0 25
28 3551 0 26
29 3551 0 27
30 3551 0 28
31 3551 0 29
32 3551 0 30
33 3551 0 31
34 3551 0 32
35 3551 0 33
36 3551 0 34
37 3551 0 35
38 3551 0 36
39 3551 0 37
40 3551 0 36
41 3551 0 37
42 3551 0 38
43 3551 0 39
44 3551 0 39
45 3551 0 40
46 3551 0 40
47 3551 0 41
48 3551 0 42
49 3551 0 43
50 3551 0 43
51 3551 0 44
52 3551 0 45
53 3551 0 46
54 3551 0 47
55 3551 0 47
56 3551 0 48
57 3551 0 49
58 3551 0 50
59 3551 0 50
60 3551 0 49
61 3551 0 50
62 3551 0 51
63 3551 0 52
64 3551 0 51
65 3551 0 52
66 3551 0 53
67 3551 0 54
68 3551 0 55
69 3551 0 56
70 3551 0 57
71 3551 0 58
72 3551 0 59
73 3551 0 60
74 3551 0 61
75 3551 0 62
76 3551 0 63
77 3551 0 63
78 3551 0 63
79 3551 0 64
80 3551 0 65
81 3551 0 66
82 3551 0 67
83 3551 0 67
84 3551 0 67
85 3551 0 68
86 3551 0 68
87 3551 0 67
88 3551 0 68
89 3550 0 67
90 3550 0 66
91 3550 0 67
92 3550 0 68
93 3550 0 69
94 3550 0 70
95 3550 0 69
96 3550 0 68
97 3550 0 69
98 3550 0 68
99 3550 0 69
100 3549 0 68
101 3549 0 69
102 3549 0 70
103 3549 0 69
104 3549 0 70
105 3548 0 69
106 3548 0 69
107 3548 0 69
108 3548 0 68
109 3548 0 68
110 3548 0 68
111 3548 0 69
112 3547 0 68
113 3547 0 68
114 3547 0 69
115 3547 0 69
116 3547 0 69
117 3547 0 68
118 3547 0 69
119 3547 0 68
120 3547 0 69
121 3547 0 68
122 3547 0 69
123 3547 0 68
124 3547 0 69
125 3547 0 69
126 3547 0 69
127 3547 0 70
128 3547 0 71
129 3547 0 70
130 3547 0 69
131 3546 0 68
132 3546 0 69
133 3546 0 68
134 3546 0 68
135 3546 0 68
136 3546 0 69
137 3546 0 70
138 3546 0 70
139 3546 0 70
140 3546 0 70
141 3546 0 69
142 3546 0 70
143 3546 0 70
144 3546 0 71
145 3546 0 71
146 3546 0 72
147 3546 0 73
148 3546 0 72
149 3546 0 73
150 3546 0 74
151 3546 0 74
152 3546 0 74
153 3546 0 73
154 3546 0 73
155 3546 0 74
156 3546 0 73
157 3545 0 72
158 3545 0 73
159 3545 0 72
160 3545 0 73
161 3545 0 73
162 3545 0 74
163 3545 0 75
164 3545 0 75
165 3545 0 74
166 3545 0 73
167 3545 0 74
168 3545 0 73
169 3545 0 72
170 3545 0 72
171 3545 0 71
172 3545 0 70
173 3545 0 70
174 3545 0 70
175 3545 0 70
176 3545 0 71
177 3545 0 72
178 3545 0 71
179 3545 0 72
180 3545 0 73
181 3545 0 72
182 3545 0 72
183 3545 0 73
184 3545 0 72
185 3545 0 72
186 3545 0 71
187 3545 0 70
188 3545 0 71
189 3545 0 71
190 3545 0 72
191 3545 0 71
192 3545 0 70
193 3545 0 71
194 3545 0 72
195 3545 0 72
196 3545 0 72
197 3545 0 71
198 3545 0 70
199 3545 0 70
200 3545 0 70
201 3545 0 71
202 3545 0 71
203 3545 0 71
204 3545 0 72
205 3545 0 72
206 3545 0 71
207 3545 0 71
208 3545 0 72
209 3545 0 73
210 3544 0 70
211 3544 0 69
212 3544 0 70
213 3544 0 69
214 3544 0 69
215 3544 0 70
216 3544 0 71
217 3544 0 70
218 3544 0 71
219 3544 0 70
220 3544 0 69
221 3544 0 68
222 3544 0 69
223 3544 0 70
224 3544 0 71
225 3544 0 72
226 3544 0 71
227 3544 0 72
228 3544 0 71
229 3544 0 72
230 3544 0 73
231 3544 0 72
232 3544 0 73
233 3544 0 73
234 3544 0 72
235 3544 0 72
236 3544 0 73
237 3544 0 73
238 3544 0 72
239 3544 0 71
240 3544 0 72
241 3544 0 72
242 3543 0 71
243 3543 0 70
244 3543 0 71
245 3543 0 71
246 3543 0 72
247 3543 0 72
248 3543 0 71
249 3543 0 72
250 3543 0 73
251 3541 0 67
252 3541 0 68
253 3541 0 68
254 3541 0 68
255 3541 0 69
256 3541 0 69
257 3541 0 69
258 3541 0 70
259 3541 0 69
260 3541 0 70
261 3541 0 71
262 3541 0 71
263 3541 0 71
264 3540 0 70
265 3540 0 70
266 3540 0 69
267 3540 0 70
268 3540 0 71
269 3540 0 72
270 3540 0 73
271 3540 0 74
272 3540 0 75
273 3540 0 75
274 3540 0 76
275 3540 0 75
276 3540 0 75
277 3540 0 74
278 3540 0 73
279 3540 0 74
280 3540 0 73
281 3540 0 73
282 3540 0 74
283 3540 0 75
284 3540 0 74
285 3540 0 74
286 3540 0 75
287 3540 0 75
288 3540 0 74
289 3540 0 75
290 3540 0 74
291 3540 0 74
292 3540 0 73
293 3540 0 73
294 3540 0 74
295 3540 0 75
296 3539 0 74
297 3539 0 75
298 3539 0 74
299 3539 0 75
300 3539 0 74
301 3539 0 73
302 3539 0 74
303 3539 0 74
304 3539 0 74
305 3539 0 73
306 3539 0 73
307 3539 0 74
308 3539 0 74
309 3539 0 75
310 3539 0 74
311 3539 0 75
312 3539 0 75
313 3538 0 73
314 3538 0 72
315 3538 0 72
316 3538 0 72
317 3538 0 73
318 3538 0 73
319 3538 0 73
320 3538 0 73
321 3538 0 73
322 3538 0 74
323 3538 0 74
324 3538 0 73
325 3538 0 74
326 3538 0 73
327 3538 0 73
328 3538 0 73
329 3538 0 72
330 3538 0 72
331 3538 0 72
332 3538 0 73
333 3538 0 73
334 3538 0 73
335 3538 0 73
336 3538 0 74
337 3538 0 75
338 3538 0 74
339 3538 0 75
340 3538 0 74
341 3538 0 75
342 3538 0 74
343 3538 0 73
344 3538 0 74
345 3538 0 74
346 3538 0 73
347 3538 0 72
348 3538 0 73
349 3538 0 72
350 3538 0 71
351 3538 0 72
352 3538 0 71
353 3538 0 72
354 3538 0 73
355 3538 0 72
356 3538 0 72
357 3538 0 72
358 3538 0 71
359 3538 0 72
360 3538 0 73
361 3538 0 72
362 3538 0 73
363 3537 0 72
364 3536 0 71
365 3536 0 70
366 3536 0 71
367 3536 0 70
368 3536 0 71
369 3536 0 72
370 3536 0 73
371 3536 0 73
372 3536 0 73
373 3536 0 73
374 3536 0 74
375 3535 0 72
376 3535 0 71
377 3535 0 71
378 3535 0 71
379 3535 0 71
380 3535 0 70
381 3535 0 69
382 3535 0 68
383 3535 0 69
384 3535 0 69
385 3535 0 68
386 3535 0 69
387 3534 0 68
388 3534 0 68
389 3534 0 67
390 3534 0 67
391 3534 0 67
392 3534 0 68
393 3534 0 68
394 3534 0 69
395 3533 0 68
396 3533 0 69
397 3533 0 70
398 3533 0 71
399 3533 0 71
400 3533 0 72
401 3533 0 73
402 3533 0 74
403 3533 0 74
404 3533 0 75
405 3533 0 74
406 3533 0 74
407 3533 0 73
408 3533 0 72
409 3532 0 71
410 3532 0 72
411 3532 0 73
412 3532 0 74
413 3532 0 73
414 3532 0 74
415 3531 0 73
416 3530 0 72
417 3530 0 71
418 3530 0 70
419 3530 0 71
420 3529 0 70
421 3529 0 70
422 3529 0 69
423 3529 0 70
424 3529 0 71
425 3529 0 72
426 3529 0 71
427 3529 0 71
428 3529 0 72
429 3529 0 73
430 3529 0 74
431 3529 0 75
432 3529 0 76
433 3529 0 75
434 3529 0 74
435 3529 0 73
436 3529 0 74
437 3529 0 75
438 3529 0 75
439 3529 0 74
440 3529 0 73
441 3529 0 73
442 3529 0 73
443 3529 0 74
444 3529 0 73
445 3529 0 72
446 3528 0 71
447 3527 0 70
448 3527 0 71
449 3527 0 72
450 3527 0 72
451 3527 0 73
452 3527 0 74
453 3526 0 73
454 3526 0 74
455 3526 0 73
456 3526 0 74
457 3526 0 74
458 3526 0 74
459 3526 0 74
460 3526 0 73
461 3526 0 74
462 3526 0 75
463 3526 0 74
464 3525 0 73
465 3525 0 74
466 3525 0 75
467 3525 0 76
468 3525 0 77
469 3525 0 77
470 3525 0 78
471 3525 0 77
472 3525 0 78
473 3525 0 78
474 3525 0 79
475 3525 0 80
476 3524 0 78
477 3524 0 76
478 3524 0 77
479 3524 0 77
480 3524 0 77
481 3524 0 78
482 3524 0 77
483 3524 0 76
484 3524 0 76
485 3524 0 75
486 3524 0 75
487 3524 0 76
488 3524 0 76
489 3524 0 76
490 3524 0 76
491 3524 0 75
492 3524 0 74
493 3524 0 74
494 3524 0 75
495 3524 0 74
496 3523 0 72
497 3523 0 71
498 3523 0 71
499 3523 0 72
500 3523 0 73
501 3523 0 74
502 3523 0 75
503 3523 0 75
504 3522 0 74
505 3522 0 74
506 3522 0 75
507 3522 0 75
508 3522 0 74
509 3522 0 74
510 3522 0 73
511 3522 0 74
512 3522 0 73
513 3522 0 74
514 3522 0 73
515 3522 0 74
516 3522 0 73
517 3522 0 73
518 3522 0 73
519 3522 0 74
520 3522 0 73
521 3522 0 72
522 3522 0 73
523 3522 0 73
524 3522 0 74
525 3522 0 75
526 3522 0 74
527 3522 0 74
528 3522 0 73
529 3522 0 72
530 3522 0 73
531 3522 0 73
532 3522 0 74
533 3522 0 74
534 3522 0 73
535 3521 0 72
536 3521 0 73
537 3521 0 74
538 3521 0 74
539 3521 0 75
540 3521 0 75
541 3521 0 74
542 3521 0 73
543 3521 0 72
544 3521 0 73
545 3521 0 72
546 3521 0 73
547 3521 0 72
548 3521 0 73
549 3521 0 73
550 3521 0 72
551 3521 0 73
552 3521 0 73
553 3521 0 72
554 3521 0 71
555 3521 0 70
556 3521 0 68
557 3521 0 68
558 3521 0 69
559 3521 0 68
560 3521 0 67
561 3521 0 68
562 3521 0 69
563 3521 0 70
564 3521 0 70
565 3521 0 71
566 3521 0 72
567 3521 0 72
568 3521 0 72
569 3521 0 73
570 3521 0 74
571 3521 0 74
572 3521 0 75
573 3521 0 74
574 3521 0 74
575 3521 0 73
576 3521 0 73
577 3521 0 74
578 3521 0 73
579 3521 0 74
580 3521 0 74
581 3521 0 73
582 3521 0 74
583 3521 0 75
584 3521 0 76
585 3521 0 75
586 3521 0 76
587 3521 0 74
588 3521 0 74
589 3521 0 73
590 3521 0 74
591 3521 0 75
592 3521 0 76
593 3521 0 76
594 3521 0 77
595 3521 0 78
596 3521 0 79
597 3521 0 79
598 3521 0 80
599 3521 0 80
600 3521 0 80
601 3521 0 80
602 3521 0 80
603 3521 0 81
604 3521 0 80
605 3521 0 81
606 3521 0 81
607 3521 0 82
608 3521 0 83
609 3521 0 82
610 3521 0 83
611 3521 0 83
612 3521 0 82
613 3521 0 81
614 3521 0 82
615 3521 0 83
616 3521 0 83
617 3521 0 82
618 3521 0 82
619 3521 0 81
620 3521 0 82
621 3521 0 81
622 3521 0 81
623 3521 0 81
624 3520 0 80
625 3520 0 79
626 3520 0 79
627 3520 0 80
628 3520 0 79
629 3520 0 79
630 3520 0 80
631 3520 0 80
632 3520 0 80
633 3520 0 80
634 3520 0 80
635 3520 0 79
636 3520 0 78
637 3520 0 77
638 3520 0 77
639 3520 0 78
640 3520 0 79
641 3520 0 78
642 3520 0 76
643 3520 0 77
644 3520 0 76
645 3520 0 77
646 3519 0 75
647 3519 0 74
648 3519 0 74
649 3519 0 75
650 3519 0 74
651 3518 0 72
652 3518 0 72
653 3518 0 72
654 3518 0 73
655 3518 0 72
656 3518 0 73
657 3518 0 74
658 3518 0 75
659 3518 0 74
660 3518 0 73
661 3518 0 74
662 3518 0 73
663 3518 0 72
664 3518 0 73
665 3518 0 72
666 3518 0 73
667 3518 0 74
668 3518 0 74
669 3518 0 73
670 3518 0 73
671 3518 0 73
672 3518 0 73
673 3518 0 72
674 3518 0 72
675 3518 0 71
676 3518 0 70
677 3518 0 70
678 3518 0 71
679 3518 0 70
680 3518 0 69
681 3518 0 70
682 3518 0 70
683 3518 0 69
684 3518 0 69
685 3518 0 70
686 3518 0 71
687 3518 0 71
688 3518 0 70
689 3518 0 71
690 3518 0 72
691 3518 0 71
692 3518 0 72
693 3518 0 72
694 3518 0 71
695 3518 0 70
696 3518 0 71
697 3518 0 72
698 3518 0 73
699 3517 0 71
700 3517 0 71
701 3517 0 71
702 3517 0 72
703 3517 0 73
704 3517 0 74
705 3517 0 75
706 3517 0 76
707 3517 0 76
708 3517 0 77
709 3517 0 76
710 3517 0 76
711 3517 0 77
712 3517 0 77
713 3517 0 76
714 3516 0 75
715 3516 0 74
716 3516 0 75
717 3515 0 74
718 3515 0 74
719 3515 0 73
720 3515 0 72
721 3515 0 73
722 3515 0 73
723 3515 0 74
724 3514 0 73
725 3514 0 73
726 3514 0 74
727 3514 0 75
728 3514 0 76
729 3514 0 76
730 3514 0 77
731 3514 0 77
732 3514 0 78
733 3514 0 78
734 3514 0 79
735 3514 0 78
736 3514 0 78
737 3514 0 77
738 3514 0 76
739 3514 0 77
740 3514 0 78
741 3514 0 77
742 3514 0 78
743 3513 0 77
744 3513 0 78
745 3513 0 79
746 3513 0 79
747 3513 0 80
748 3513 0 79
749 3512 0 77
750 3512 0 76
751 3512 0 76
752 3512 0 76
753 3512 0 75
754 3511 0 73
755 3511 0 74
756 3511 0 73
757 3511 0 73
758 3511 0 74
759 3511 0 73
760 3511 0 73
761 3511 0 72
762 3511 0 71
763 3511 0 70
764 3511 0 69
765 3510 0 67
766 3510 0 68
767 3510 0 69
768 3510 0 70
769 3510 0 70
770 3510 0 71
771 3510 0 71
772 3510 0 72
773 3510 0 72
774 3510 0 71
775 3509 0 70
776 3509 0 69
777 3509 0 68
778 3509 0 69
779 3509 0 70
780 3509 0 71
781 3509 0 72
782 3509 0 73
783 3508 0 72
784 3507 0 71
785 3506 0 70
786 3506 0 70
787 3506 0 71
788 3506 0 71
789 3506 0 71
790 3506 0 71
791 3506 0 70
792 3506 0 71
793 3506 0 71
794 3505 0 70
795 3505 0 70
796 3505 0 71
797 3505 0 72
798 3505 0 72
799 3505 0 73
800 3505 0 73
801 3505 0 72
802 3505 0 73
803 3505 0 72
804 3503 0 69
805 3503 0 69
806 3503 0 70
807 3503 0 71
808 3503 0 72
809 3503 0 71
810 3503 0 72
811 3503 0 71
812 3503 0 69
813 3503 0 68
814 3502 0 67
815 3502 0 67
816 3502 0 66
817 3502 0 67
818 3502 0 66
819 3502 0 67
820 3502 0 68
821 3502 0 69
822 3502 0 70
823 3502 0 71
824 3502 0 71
825 3502 0 72
826 3502 0 73
827 3502 0 72
828 3502 0 72
829 3502 0 72
830 3502 0 71
831 3502 0 71
832 3502 0 71
833 3502 0 70
834 3502 0 70
835 3502 0 70
836 3502 0 71
837 3502 0 72
838 3502 0 73
839 3502 0 72
840 3502 0 71
841 3502 0 70
842 3502 0 71
843 3502 0 72
844 3502 0 73
845 3502 0 74
846 3502 0 75
847 3502 0 74
848 3502 0 74
849 3502 0 74
850 3502 0 75
851 3502 0 74
852 3502 0 74
853 3502 0 75
854 3502 0 74
855 3502 0 75
856 3502 0 75
857 3502 0 75
858 3502 0 75
859 3502 0 75
860 3502 0 74
861 3502 0 74
862 3502 0 75
863 3502 0 75
864 3501 0 74
865 3501 0 74
866 3501 0 73
867 3501 0 74
868 3501 0 75
869 3501 0 75
870 3501 0 76
871 3501 0 77
872 3501 0 77
873 3501 0 77
874 3501 0 77
875 3501 0 77
876 3501 0 77
877 3501 0 76
878 3501 0 76
879 3501 0 75
880 3501 0 75
881 3501 0 75
882 3500 0 74
883 3499 0 73
884 3499 0 73
885 3499 0 74
886 3499 0 73
887 3499 0 73
888 3499 0 73
889 3499 0 74
890 3499 0 75
891 3499 0 75
892 3499 0 75
893 3499 0 76
894 3499 0 76
895 3499 0 77
896 3499 0 78
897 3499 0 79
898 3499 0 79
899 3499 0 78
900 3499 0 79
901 3499 0 79
902 3499 0 80
903 3499 0 79
904 3499 0 79
905 3499 0 78
906 3499 0 78
907 3499 0 79
908 3499 0 79
909 3499 0 78
910 3499 0 78
911 3499 0 78
912 3499 0 77
913 3499 0 78
914 3499 0 78
915 3499 0 78
916 3499 0 79
917 3499 0 79
918 3499 0 80
919 3499 0 81
920 3499 0 80
921 3499 0 81
922 3499 0 82
923 3498 0 81
924 3498 0 81
925 3498 0 80
926 3498 0 79
927 3498 0 80
928 3498 0 81
929 3498 0 82
930 3498 0 82
931 3498 0 82
932 3498 0 82
933 3498 0 83
934 3498 0 83
935 3498 0 82
936 3498 0 81
937 3498 0 80
938 3498 0 81
939 3498 0 81
940 3498 0 81
941 3498 0 80
942 3498 0 79
943 3498 0 80
944 3498 0 79
945 3498 0 80
946 3498 0 80
947 3498 0 80
948 3498 0 79
949 3498 0 80
950 3498 0 80
951 3498 0 79
952 3498 0 80
953 3498 0 79
954 3498 0 78
955 3498 0 79
956 3498 0 80
957 3498 0 81
958 3498 0 81
959 3498 0 81
960 3498 0 79
961 3498 0 79
962 3498 0 80
963 3498 0 80
964 3498 0 80
965 3498 0 79
966 3498 0 78
967 3498 0 77
968 3498 0 76
969 3498 0 75
970 3498 0 76
971 3498 0 75
972 3498 0 76
973 3498 0 76
974 3498 0 76
975 3498 0 75
976 3498 0 75
977 3498 0 75
978 3498 0 75
979 3498 0 76
980 3498 0 77
981 3498 0 76
982 3498 0 76
983 3498 0 76
984 3498 0 75
985 3498 0 76
986 3498 0 77
987 3498 0 78
988 3498 0 78
989 3498 0 79
990 3498 0 78
991 3498 0 78
992 3498 0 79
993 3498 0 78
994 3498 0 79
995 3496 0 75
996 3496 0 76
997 3496 0 77
998 3496 0 78
999 3496 0 77
1000 3496 0 77
1001 3496 0 78
1002 3496 0 78
1003 3496 0 77
1004 3496 0 76
1005 3496 0 76
1006 3496 0 77
1007 3496 0 76
1008 3496 0 75
1009 3496 0 74
1010 3496 0 75
1011 3496 0 75
1012 3496 0 74
1013 3496 0 73
1014 3496 0 74
1015 3496 0 75
1016 3496 0 75
1017 3496 0 75
1018 3496 0 76
1019 3496 0 77
1020 3496 0 76
1021 3496 0 77
1022 3496 0 77
1023 3496 0 77
1024 3496 0 77
1025 3496 0 77
1026 3496 0 78
1027 3496 0 78
1028 3496 0 78
1029 3496 0 79
1030 3496 0 80
1031 3496 0 79
1032 3496 0 80
1033 3496 0 80
1034 3496 0 79
1035 3496 0 79
1036 3496 0 79
1037 3496 0 80
1038 3496 0 80
1039 3496 0 80
1040 3496 0 79
1041 3496 0 80
1042 3496 0 80
1043 3496 0 81
1044 3496 0 82
1045 3496 0 82
1046 3496 0 82
1047 3496 0 83
1048 3496 0 83
1049 3496 0 83
1050 3496 0 82
1051 3496 0 81
1052 3496 0 80
1053 3496 0 79
1054 3496 0 78
1055 3496 0 78
1056 3496 0 77
1057 3496 0 78
1058 3496 0 77
1059 3496 0 76
1060 3496 0 77
1061 3496 0 78
1062 3496 0 79
1063 3496 0 78
1064 3496 0 78
1065 3496 0 79
1066 3496 0 80
1067 3496 0 79
1068 3496 0 79
1069 3496 0 80
1070 3496 0 81
1071 3496 0 82
1072 3496 0 83
1073 3496 0 84
1074 3496 0 84
1075 3496 0 83
1076 3496 0 84
1077 3496 0 84
1078 3496 0 84
1079 3496 0 85
1080 3496 0 85
1081 3496 0 86
1082 3496 0 86
1083 3496 0 87
1084 3496 0 86
1085 3496 0 85
1086 3496 0 84
1087 3496 0 83
1088 3496 0 83
1089 3496 0 83
1090 3496 0 84
1091 3496 0 84
1092 3496 0 85
1093 3496 0 84
1094 3496 0 85
1095 3496 0 85
1096 3496 0 85
1097 3496 0 85
1098 3496 0 84
1099 3496 0 85
1100 3496 0 84
1101 3496 0 83
1102 3496 0 83
1103 3496 0 84
1104 3496 0 84
1105 3496 0 82
1106 3495 0 79
1107 3495 0 79
1108 3495 0 80
1109 3495 0 81
1110 3495 0 80
1111 3495 0 80
1112 3495 0 80
1113 3495 0 80
1114 3495 0 81
1115 3495 0 82
1116 3495 0 82
1117 3495 0 82
1118 3495 0 83
1119 3495 0 83
1120 3495 0 83
1121 3495 0 82
1122 3495 0 82
1123 3495 0 83
1124 3495 0 84
1125 3495 0 84
1126 3495 0 83
1127 3495 0 82
1128 3495 0 82
1129 3495 0 82
1130 3495 0 83
1131 3495 0 83
1132 3495 0 82
1133 3495 0 82
1134 3495 0 82
1135 3495 0 82
1136 3495 0 83
1137 3495 0 83
1138 3495 0 82
1139 3495 0 82
1140 3495 0 83
1141 3495 0 82
1142 3495 0 82
1143 3495 0 82
1144 3495 0 82
1145 3495 0 81
1146 3495 0 81
1147 3495 0 81
1148 3495 0 81
1149 3495 0 82
1150 3495 0 82
1151 3495 0 83
1152 3495 0 82
1153 3495 0 82
1154 3495 0 81
1155 3495 0 80
1156 3495 0 80
1157 3495 0 81
1158 3495 0 82
1159 3495 0 82
1160 3495 0 83
1161 3495 0 83
1162 3495 0 84
1163 3494 0 82
1164 3494 0 82
1165 3494 0 81
1166 3494 0 81
1167 3494 0 81
1168 3494 0 81
1169 3494 0 81
1170 3494 0 80
1171 3494 0 80
1172 3494 0 80
1173 3494 0 80
1174 3494 0 81
1175 3494 0 81
1176 3494 0 82
1177 3494 0 82
1178 3494 0 82
1179 3494 0 83
1180 3494 0 84
1181 3494 0 84
1182 3494 0 85
1183 3494 0 85
1184 3494 0 86
1185 3494 0 86
1186 3493 0 84
1187 3493 0 84
1188 3493 0 84
1189 3493 0 84
1190 3493 0 84
1191 3493 0 84
1192 3493 0 84
1193 3493 0 83
1194 3493 0 83
1195 3493 0 83
1196 3493 0 82
1197 3493 0 83
1198 3493 0 83
1199 3493 0 83
1200 3493 0 83
1201 3493 0 84
1202 3493 0 84
1203 3492 0 83
1204 3492 0 84
1205 3492 0 84
1206 3492 0 85
1207 3492 0 86
1208 3492 0 85
1209 3492 0 84
1210 3492 0 85
1211 3492 0 85
1212 3492 0 84
1213 3492 0 85
1214 3492 0 85
1215 3492 0 85
1216 3492 0 85
1217 3492 0 85
1218 3492 0 85
1219 3492 0 85
1220 3492 0 84
1221 3492 0 85
1222 3492 0 85
1223 3492 0 86
1224 3492 0 86
1225 3492 0 87
1226 3492 0 87
1227 3492 0 86
1228 3492 0 86
1229 3492 0 86
1230 3492 0 87
1231 3492 0 88
1232 3492 0 87
1233 3492 0 86
1234 3492 0 86
1235 3492 0 87
1236 3492 0 87
1237 3492 0 87
1238 3492 0 87
1239 3492 0 87
1240 3492 0 86
1241 3492 0 86
1242 3492 0 86
1243 3492 0 86
1244 3492 0 86
1245 3492 0 85
1246 3492 0 85
1247 3492 0 85
1248 3492 0 84
1249 3492 0 84
1250 3492 0 84
1251 3492 0 83
1252 3492 0 83
1253 3492 0 83
1254 3492 0 84
1255 3492 0 84
1256 3492 0 84
1257 3492 0 84
1258 3492 0 84
1259 3492 0 84
1260 3492 0 84
1261 3492 0 83
1262 3492 0 83
1263 3492 0 84
1264 3492 0 85
1265 3492 0 85
1266 3492 0 86
1267 3492 0 85
1268 3492 0 86
1269 3492 0 85
1270 3492 0 86
1271 3492 0 85
1272 3492 0 85
1273 3492 0 84
1274 3492 0 85
1275 3492 0 85
1276 3492 0 84
1277 3492 0 85
1278 3492 0 84
1279 3492 0 84
1280 3492 0 84
1281 3492 0 85
1282 3492 0 85
1283 3492 0 84
1284 3492 0 83
1285 3492 0 83
1286 3492 0 82
1287 3492 0 83
1288 3492 0 83
1289 3492 0 83
1290 3492 0 83
1291 3492 0 84
1292 3492 0 83
1293 3492 0 82
1294 3492 0 83
1295 3492 0 83
1296 3492 0 83
1297 3492 0 83
1298 3492 0 83
1299 3492 0 83
1300 3492 0 83
1301 3492 0 83
1302 3492 0 83
1303 3492 0 82
1304 3492 0 82
1305 3492 0 82
1306 3492 0 83
1307 3492 0 84
1308 3492 0 85
1309 3492 0 85
1310 3492 0 84
1311 3492 0 83
1312 3492 0 83
1313 3492 0 84
1314 3492 0 85
1315 3492 0 85
1316 3492 0 84
1317 3492 0 85
1318 3492 0 85
1319 3492 0 84
1320 3492 0 84
1321 3492 0 85
1322 3492 0 86
1323 3492 0 86
1324 3492 0 85
1325 3492 0 84
1326 3492 0 83
1327 3492 0 83
1328 3492 0 82
1329 3492 0 82
1330 3492 0 81
1331 3492 0 82
1332 3492 0 82
1333 3492 0 82
1334 3492 0 83
1335 3492 0 83
1336 3492 0 84
1337 3492 0 84
1338 3492 0 85
1339 3492 0 85
1340 3492 0 84
1341 3491 0 83
1342 3491 0 84
1343 3491 0 84
1344 3491 0 85
1345 3491 0 85
1346 3491 0 84
1347 3491 0 83
1348 3491 0 82
1349 3490 0 80
1350 3490 0 81
1351 3490 0 81
1352 3490 0 80
1353 3490 0 80
1354 3490 0 80
1355 3490 0 80
1356 3490 0 80
1357 3490 0 81
1358 3490 0 82
1359 3490 0 81
1360 3490 0 80
1361 3490 0 79
1362 3490 0 78
1363 3490 0 78
1364 3490 0 78
1365 3490 0 79
1366 3490 0 79
1367 3490 0 79
1368 3490 0 80
1369 3490 0 80
1370 3490 0 80
1371 3490 0 80
1372 3490 0 80
1373 3490 0 79
1374 3490 0 80
1375 3490 0 79
1376 3490 0 80
1377 3490 0 81
1378 3490 0 80
1379 3490 0 80
1380 3490 0 81
1381 3490 0 82
1382 3489 0 79
1383 3489 0 79
1384 3489 0 80
1385 3489 0 80
1386 3489 0 80
1387 3489 0 79
1388 3489 0 78
1389 3489 0 78
1390 3489 0 77
1391 3489 0 76
1392 3489 0 76
1393 3489 0 77
1394 3489 0 76
1395 3489 0 76
1396 3489 0 77
1397 3489 0 76
1398 3489 0 77
1399 3489 0 76
1400 3489 0 77
1401 3489 0 77
1402 3489 0 78
1403 3489 0 77
1404 3489 0 76
1405 3489 0 76
1406 3488 0 75
1407 3488 0 75
1408 3488 0 76
1409 3488 0 77
1410 3488 0 78
1411 3488 0 78
1412 3488 0 79
1413 3488 0 80
1414 3488 0 79
1415 3488 0 80
1416 3488 0 79
1417 3488 0 79
1418 3488 0 79
1419 3488 0 79
1420 3488 0 79
1421 3488 0 78
1422 3488 0 77
1423 3488 0 76
1424 3488 0 75
1425 3488 0 76
1426 3488 0 76
1427 3488 0 75
1428 3488 0 76
1429 3488 0 76
1430 3488 0 76
1431 3488 0 77
1432 3488 0 78
1433 3488 0 79
1434 3488 0 79
1435 3488 0 79
1436 3488 0 79
1437 3488 0 79
1438 3488 0 79
1439 3488 0 80
1440 3488 0 79
1441 3488 0 78
1442 3488 0 79
1443 3488 0 78
1444 3488 0 78
1445 3488 0 77
1446 3488 0 76
1447 3488 0 75
1448 3488 0 75
1449 3488 0 76
1450 3488 0 76
1451 3488 0 77
1452 3488 0 77
1453 3488 0 77
1454 3488 0 78
1455 3488 0 78
1456 3488 0 78
1457 3488 0 79
1458 3488 0 80
1459 3488 0 80
1460 3488 0 81
1461 3488 0 82
1462 3488 0 81
1463 3488 0 80
1464 3488 0 79
1465 3488 0 78
1466 3488 0 79
1467 3488 0 79
1468 3488 0 76
1469 3488 0 76
1470 3488 0 75
1471 3488 0 75
1472 3488 0 76
1473 3488 0 77
1474 3488 0 76
1475 3488 0 77
1476 3488 0 76
1477 3488 0 75
1478 3488 0 76
1479 3488 0 77
1480 3488 0 77
1481 3488 0 76
1482 3488 0 76
1483 3488 0 77
1484 3488 0 77
1485 3488 0 77
1486 3488 0 78
1487 3488 0 77
1488 3488 0 76
1489 3488 0 77
1490 3488 0 77
1491 3488 0 77
1492 3488 0 78
1493 3488 0 78
1494 3488 0 78
1495 3488 0 79
1496 3488 0 80
1497 3488 0 81
1498 3488 0 82
1499 3488 0 82
1500 3488 0 81
1501 3488 0 81
1502 3488 0 81
1503 3488 0 80
1504 3488 0 81
1505 3488 0 81
1506 3488 0 81
1507 3488 0 81
1508 3488 0 82
1509 3488 0 83
1510 3488 0 82
1511 3488 0 83
1512 3488 0 83
1513 3488 0 84
1514 3488 0 84
1515 3488 0 85
1516 3488 0 84
1517 3488 0 83
1518 3488 0 84
1519 3488 0 84
1520 3488 0 84
1521 3488 0 83
1522 3488 0 82
1523 3488 0 81
1524 3488 0 82
1525 3488 0 82
1526 3488 0 83
1527 3488 0 82
1528 3488 0 81
1529 3488 0 80
1530 3488 0 80
1531 3488 0 81
1532 3488 0 81
1533 3488 0 80
1534 3488 0 80
1535 3488 0 81
1536 3488 0 81
1537 3488 0 80
1538 3488 0 80
1539 3488 0 81
1540 3488 0 81
1541 3488 0 82
1542 3488 0 82
1543 3488 0 82
1544 3488 0 83
1545 3488 0 83
1546 3488 0 83
1547 3488 0 83
1548 3488 0 83
1549 3488 0 83
1550 3487 0 82
1551 3487 0 83
1552 3487 0 84
1553 3487 0 84
1554 3487 0 84
1555 3487 0 84
1556 3487 0 84
1557 3487 0 83
1558 3487 0 84
1559 3487 0 83
1560 3487 0 83
1561 3487 0 83
1562 3487 0 83
1563 3487 0 82
1564 3487 0 82
1565 3487 0 82
1566 3487 0 82
1567 3487 0 81
1568 3487 0 80
1569 3487 0 81
1570 3487 0 80
1571 3487 0 80
1572 3487 0 80
1573 3487 0 81
1574 3487 0 82
1575 3487 0 83
1576 3487 0 84
1577 3487 0 85
1578 3487 0 85
1579 3487 0 84
1580 3487 0 83
1581 3487 0 82
1582 3487 0 81
1583 3487 0 80
1584 3487 0 79
1585 3487 0 79
1586 3487 0 78
1587 3487 0 79
1588 3487 0 78
1589 3487 0 79
1590 3487 0 80
1591 3487 0 80
1592 3487 0 80
1593 3487 0 81
1594 3487 0 82
1595 3487 0 82
1596 3487 0 82
1597 3487 0 83
1598 3487 0 82
1599 3487 0 82
1600 3487 0 83
1601 3487 0 84
1602 3487 0 84
1603 3487 0 83
1604 3487 0 83
1605 3487 0 82
1606 3487 0 82
1607 3487 0 83
1608 3487 0 84
1609 3487 0 84
1610 3487 0 84
1611 3487 0 84
1612 3487 0 84
1613 3487 0 83
1614 3487 0 84
1615 3487 0 84
1616 3487 0 84
1617 3487 0 84
1618 3487 0 84
1619 3487 0 84
1620 3487 0 84
1621 3487 0 83
1622 3487 0 83
1623 3487 0 83
1624 3487 0 82
1625 3487 0 81
1626 3487 0 81
1627 3487 0 82
1628 3487 0 82
1629 3487 0 81
1630 3487 0 82
1631 3487 0 83
1632 3487 0 82
1633 3487 0 82
1634 3487 0 82
1635 3487 0 83
1636 3487 0 84
1637 3487 0 84
1638 3487 0 84
1639 3487 0 85
1640 3487 0 85
1641 3487 0 86
1642 3487 0 86
1643 3487 0 86
1644 3487 0 86
1645 3487 0 85
1646 3487 0 84
1647 3487 0 85
1648 3487 0 84
1649 3487 0 85
1650 3487 0 85
1651 3487 0 85
1652 3487 0 86
1653 3487 0 86
1654 3487 0 85
1655 3487 0 84
1656 3487 0 84
1657 3487 0 83
1658 3487 0 84
1659 3487 0 84
1660 3487 0 83
1661 3487 0 83
1662 3487 0 82
1663 3487 0 83
1664 3487 0 84
1665 3486 0 82
1666 3486 0 81
1667 3486 0 82
1668 3486 0 82
1669 3486 0 82
1670 3486 0 81
1671 3486 0 81
1672 3486 0 80
1673 3486 0 80
1674 3486 0 79
1675 3486 0 80
1676 3486 0 80
1677 3486 0 79
1678 3486 0 80
1679 3486 0 81
1680 3486 0 81
1681 3486 0 80
1682 3486 0 81
1683 3486 0 82
1684 3486 0 81
1685 3486 0 80
1686 3486 0 79
1687 3485 0 78
1688 3485 0 78
1689 3485 0 77
1690 3485 0 76
1691 3485 0 77
1692 3485 0 78
1693 3485 0 77
1694 3485 0 76
1695 3485 0 75
1696 3485 0 75
1697 3485 0 74
1698 3485 0 73
1699 3485 0 74
1700 3485 0 74
1701 3485 0 73
1702 3485 0 72
1703 3485 0 71
1704 3485 0 72
1705 3485 0 72
1706 3485 0 73
1707 3485 0 74
1708 3485 0 73
1709 3485 0 73
1710 3485 0 73
1711 3485 0 72
1712 3485 0 71
1713 3485 0 71
1714 3485 0 71
1715 3485 0 71
1716 3485 0 70
1717 3485 0 69
1718 3485 0 70
1719 3485 0 71
1720 3485 0 72
1721 3485 0 72
1722 3484 0 71
1723 3484 0 72
1724 3484 0 73
1725 3484 0 72
1726 3483 0 71
1727 3483 0 72
1728 3483 0 72
1729 3483 0 72
1730 3483 0 73
1731 3483 0 74
1732 3483 0 74
1733 3483 0 73
1734 3483 0 74
1735 3483 0 75
1736 3483 0 75
1737 3483 0 75
1738 3483 0 74
1739 3483 0 74
1740 3483 0 75
1741 3483 0 74
1742 3483 0 74
1743 3483 0 75
1744 3483 0 76
1745 3483 0 77
1746 3483 0 77
1747 3483 0 77
1748 3483 0 76
1749 3483 0 77
1750 3483 0 76
1751 3483 0 77
1752 3483 0 78
1753 3483 0 79
1754 3483 0 79
1755 3483 0 78
1756 3483 0 77
1757 3483 0 78
1758 3483 0 79
1759 3483 0 78
1760 3483 0 78
1761 3483 0 79
1762 3483 0 80
1763 3483 0 79
1764 3483 0 79
1765 3483 0 79
1766 3483 0 78
1767 3483 0 79
1768 3483 0 79
1769 3483 0 80
1770 3483 0 81
1771 3483 0 80
1772 3483 0 80
1773 3483 0 80
1774 3483 0 80
1775 3483 0 81
1776 3483 0 80
1777 3483 0 80
1778 3483 0 79
1779 3483 0 79
1780 3483 0 78
1781 3483 0 78
1782 3483 0 78
1783 3483 0 78
1784 3483 0 78
1785 3483 0 77
1786 3483 0 78
1787 3483 0 78
1788 3483 0 78
1789 3483 0 77
1790 3483 0 76
1791 3483 0 76
1792 3483 0 76
1793 3483 0 75
1794 3483 0 76
1795 3483 0 77
1796 3483 0 78
1797 3483 0 79
1798 3483 0 80
1799 3483 0 80
1800 3483 0 80
1801 3483 0 81
1802 3483 0 81
1803 3483 0 81
1804 3483 0 81
1805 3483 0 81
1806 3483 0 81
1807 3483 0 80
1808 3483 0 80
1809 3483 0 80
1810 3483 0 81
1811 3483 0 80
1812 3483 0 79
1813 3483 0 78
1814 3483 0 78
1815 3483 0 77
1816 3483 0 78
1817 3483 0 79
1818 3483 0 79
1819 3483 0 80
1820 3483 0 80
1821 3483 0 79
1822 3483 0 78
1823 3483 0 77
1824 3483 0 77
1825 3483 0 78
1826 3483 0 77
1827 3483 0 78
1828 3483 0 79
1829 3483 0 79
1830 3483 0 79
1831 3483 0 80
1832 3483 0 81
1833 3483 0 80
1834 3483 0 80
1835 3483 0 80
1836 3483 0 80
1837 3483 0 80
1838 3483 0 80
1839 3483 0 80
1840 3483 0 79
1841 3483 0 79
1842 3483 0 78
1843 3483 0 79
1844 3483 0 78
1845 3483 0 78
1846 3483 0 78
1847 3483 0 77
1848 3483 0 77
1849 3483 0 76
1850 3483 0 75
1851 3483 0 75
1852 3483 0 75
1853 3483 0 74
1854 3483 0 74
1855 3483 0 74
1856 3483 0 75
1857 3483 0 74
1858 3483 0 75
1859 3483 0 74
1860 3483 0 74
1861 3483 0 75
1862 3483 0 76
1863 3482 0 75
1864 3482 0 74
1865 3482 0 75
1866 3482 0 76
1867 3482 0 75
1868 3482 0 74
1869 3482 0 75
1870 3482 0 76
1871 3482 0 77
1872 3481 0 76
1873 3480 0 75
1874 3480 0 75
1875 3480 0 76
1876 3480 0 77
1877 3480 0 77
1878 3480 0 78
1879 3480 0 78
1880 3480 0 76
1881 3480 0 76
1882 3480 0 76
1883 3480 0 76
1884 3480 0 76
1885 3480 0 77
1886 3480 0 77
1887 3480 0 77
1888 3480 0 78
1889 3480 0 79
1890 3480 0 79
1891 3480 0 80
1892 3480 0 79
1893 3480 0 80
1894 3478 0 77
1895 3478 0 77
1896 3478 0 76
1897 3478 0 77
1898 3478 0 78
1899 3478 0 79
1900 3478 0 80
1901 3478 0 81
1902 3478 0 80
1903 3478 0 81
1904 3478 0 80
1905 3478 0 80
1906 3478 0 80
1907 3478 0 81
1908 3478 0 81
1909 3478 0 81
1910 3478 0 81
1911 3478 0 81
1912 3478 0 80
1913 3478 0 81
1914 3478 0 82
1915 3478 0 82
1916 3478 0 83
1917 3478 0 82
1918 3478 0 82
1919 3478 0 83
1920 3478 0 84
