0 0 1472 0 0
0 1 1472 0 5
1 0 1472 0 6
1 1 1472 0 11
2 0 1472 0 12
2 1 1471 0 16
3 0 1471 0 17
3 0 1599 0 17
3 1 1599 0 20
4 0 1599 0 21
4 1 1599 0 23
5 0 1599 0 24
5 1 1599 0 25
6 0 1599 0 26
6 1 1599 0 28
7 0 1599 0 29
7 1 1599 0 30
8 0 1599 0 31
8 1 1599 0 31
9 0 1599 0 32
9 1 1599 0 32
10 0 1599 0 33
10 1 1599 0 33
11 0 1599 0 34
11 1 1599 0 34
12 0 1599 0 35
12 1 1599 0 36
13 0 1599 0 37
13 1 1599 0 37
14 0 1599 0 38
14 1 1599 0 38
15 0 1599 0 39
15 1 1599 0 39
16 0 1599 0 40
16 1 1599 0 40
17 0 1599 0 41
17 1 1599 0 41
18 0 1599 0 42
18 1 1599 0 42
19 0 1599 0 43
19 1 1599 0 43
20 0 1599 0 44
20 1 1599 0 44
21 0 1598 0 43
21 1 1598 0 43
22 0 1597 0 42
22 1 1597 0 42
23 0 1596 0 41
23 1 1596 0 41
24 0 1596 0 42
24 1 1596 0 42
25 0 1596 0 43
25 1 1596 0 43
26 0 1596 0 44
26 1 1596 0 44
27 0 1596 0 45
27 1 1596 0 45
28 0 1596 0 45
28 1 1596 0 45
29 0 1595 0 44
29 1 1595 0 45
30 0 1595 0 46
30 1 1595 0 46
31 0 1595 0 47
31 1 1595 0 47
32 0 1595 0 48
32 1 1595 0 48
33 0 1595 0 49
33 1 1595 0 49
34 0 1594 0 48
34 1 1595 0 46
35 0 1595 0 47
35 1 1595 0 47
36 0 1595 0 48
36 1 1594 0 47
37 0 1594 0 48
37 1 1594 0 49
38 0 1594 0 50
38 1 1594 0 50
39 0 1594 0 51
39 1 1594 0 51
40 0 1594 0 52
40 1 1594 0 52
41 0 1594 0 53
41 1 1594 0 53
42 0 1592 0 50
42 1 1592 0 50
43 0 1592 0 51
43 1 1592 0 51
44 0 1588 0 47
44 1 1588 0 47
45 0 1588 0 48
45 1 1588 0 48
46 0 1588 0 49
46 1 1588 0 49
47 0 1588 0 50
47 1 1588 0 50
48 0 1588 0 51
48 1 1588 0 51
49 0 1588 0 52
49 1 1588 0 52
50 0 1588 0 53
50 1 1588 0 53
51 0 1586 0 50
51 1 1586 0 50
52 0 1586 0 51
52 1 1586 0 51
53 0 1586 0 52
53 1 1585 0 50
54 0 1585 0 51
54 1 1585 0 51
55 0 1585 0 52
55 1 1585 0 52
56 0 1584 0 50
56 1 1584 0 50
57 0 1584 0 51
57 1 1584 0 52
58 0 1584 0 53
58 1 1584 0 54
59 0 1584 0 55
59 1 1584 0 55
60 0 1584 0 56
60 1 1584 0 56
61 0 1584 0 55
61 1 1584 0 55
62 0 1584 0 56
62 1 1584 0 56
63 0 1584 0 57
63 1 1584 0 57
64 0 1584 0 58
64 1 1584 0 58
65 0 1583 0 57
65 1 1583 0 57
66 0 1583 0 57
66 1 1583 0 57
67 0 1583 0 56
67 1 1582 0 55
68 0 1582 0 56
68 1 1582 0 56
69 0 1581 0 55
69 1 1581 0 55
70 0 1581 0 56
70 1 1581 0 56
71 0 1581 0 56
71 1 1581 0 56
72 0 1581 0 55
72 1 1581 0 55
73 0 1580 0 53
73 1 1580 0 53
74 0 1580 0 54
74 1 1580 0 54
75 0 1579 0 53
75 1 1579 0 53
76 0 1579 0 54
76 1 1579 0 54
77 0 1578 0 53
77 1 1578 0 53
78 0 1578 0 54
78 1 1578 0 54
79 0 1578 0 55
79 1 1578 0 55
80 0 1576 0 55
80 1 1576 0 55
81 0 1575 0 54
81 1 1575 0 54
82 0 1575 0 55
82 1 1575 0 55
83 0 1575 0 56
83 1 1574 0 54
84 0 1574 0 55
84 1 1574 0 55
85 0 1573 0 54
85 1 1573 0 54
86 0 1573 0 55
86 1 1573 0 55
87 0 1572 0 54
87 1 1572 0 54
88 0 1572 0 55
88 1 1572 0 55
89 0 1572 0 56
89 1 1572 0 56
90 0 1572 0 57
90 1 1572 0 57
91 0 1572 0 57
91 1 1572 0 57
92 0 1572 0 58
92 1 1572 0 58
93 0 1572 0 59
93 1 1572 0 59
94 0 1572 0 59
94 1 1572 0 59
95 0 1572 0 59
95 1 1572 0 59
96 0 1572 0 60
96 1 1572 0 60
97 0 1572 0 61
97 1 1572 0 61
98 0 1572 0 62
98 1 1572 0 62
99 0 1572 0 63
99 1 1572 0 63
100 0 1571 0 62
100 1 1571 0 62
101 0 1570 0 61
101 1 1570 0 61
102 0 1570 0 62
102 1 1570 0 62
103 0 1570 0 63
103 1 1570 0 63
104 0 1570 0 64
104 1 1570 0 64
105 0 1569 0 63
105 1 1569 0 63
106 0 1568 0 62
106 1 1568 0 63
107 0 1567 0 61
107 1 1567 0 62
108 0 1566 0 61
108 1 1566 0 61
109 0 1565 0 60
109 1 1565 0 60
110 0 1565 0 61
110 1 1565 0 61
111 0 1565 0 62
111 1 1565 0 62
112 0 1564 0 60
112 1 1564 0 60
113 0 1564 0 60
113 1 1564 0 60
114 0 1564 0 60
114 1 1564 0 60
115 0 1564 0 60
115 1 1564 0 60
116 0 1563 0 59
116 1 1563 0 59
117 0 1562 0 58
117 1 1562 0 58
118 0 1562 0 59
118 1 1562 0 59
119 0 1561 0 57
119 1 1561 0 57
120 0 1561 0 58
120 1 1561 0 58
121 0 1561 0 59
121 1 1561 0 59
122 0 1561 0 60
122 1 1561 0 60
123 0 1561 0 61
123 1 1561 0 61
124 0 1560 0 59
124 1 1560 0 59
125 0 1560 0 60
125 1 1560 0 60
126 0 1559 0 59
126 1 1559 0 59
127 0 1558 0 58
127 1 1558 0 58
128 0 1558 0 59
128 1 1558 0 59
129 0 1558 0 60
129 1 1558 0 60
130 0 1558 0 60
130 1 1558 0 60
131 0 1558 0 61
131 1 1558 0 61
132 0 1558 0 61
132 1 1558 0 61
133 0 1556 0 58
133 1 1556 0 58
134 0 1556 0 59
134 1 1556 0 59
135 0 1556 0 59
135 1 1556 0 59
136 0 1556 0 60
136 1 1556 0 60
137 0 1556 0 59
137 1 1556 0 59
138 0 1556 0 60
138 1 1556 0 60
139 0 1556 0 61
139 1 1556 0 61
140 0 1556 0 61
140 1 1556 0 61
141 0 1555 0 60
141 1 1555 0 60
142 0 1555 0 61
142 1 1555 0 61
143 0 1554 0 60
143 1 1554 0 60
144 0 1554 0 60
144 1 1554 0 60
145 0 1553 0 59
145 1 1553 0 59
146 0 1553 0 60
146 1 1553 0 60
147 0 1553 0 61
147 1 1553 0 61
148 0 1552 0 60
148 1 1552 0 60
149 0 1551 0 59
149 1 1551 0 59
150 0 1551 0 60
150 1 1551 0 60
151 0 1551 0 61
151 1 1551 0 61
152 0 1550 0 60
152 1 1550 0 60
153 0 1550 0 61
153 1 1550 0 61
154 0 1549 0 60
154 1 1549 0 60
155 0 1549 0 61
155 1 1549 0 61
156 0 1549 0 62
156 1 1549 0 62
157 0 1548 0 61
157 1 1548 0 61
158 0 1548 0 62
158 1 1548 0 62
159 0 1548 0 63
159 1 1548 0 63
160 0 1548 0 64
160 1 1548 0 64
161 0 1548 0 65
161 1 1548 0 65
162 0 1548 0 65
162 1 1548 0 65
163 0 1548 0 64
163 1 1548 0 64
164 0 1548 0 65
164 1 1548 0 65
165 0 1547 0 64
165 1 1547 0 64
166 0 1547 0 63
166 1 1547 0 63
167 0 1547 0 64
167 1 1547 0 64
168 0 1545 0 61
168 1 1545 0 61
169 0 1545 0 62
169 1 1545 0 62
170 0 1545 0 63
170 1 1545 0 63
171 0 1545 0 64
171 1 1545 0 64
172 0 1545 0 64
172 1 1545 0 64
173 0 1545 0 65
173 1 1545 0 65
174 0 1543 0 62
174 1 1543 0 62
175 0 1543 0 63
175 1 1543 0 63
176 0 1543 0 64
176 1 1543 0 64
177 0 1543 0 65
177 1 1543 0 65
178 0 1542 0 64
178 1 1542 0 64
179 0 1541 0 62
179 1 1541 0 62
180 0 1541 0 63
180 1 1541 0 63
181 0 1541 0 63
181 1 1541 0 63
182 0 1541 0 64
182 1 1541 0 64
183 0 1541 0 64
183 1 1541 0 64
184 0 1541 0 65
184 1 1541 0 65
185 0 1541 0 66
185 1 1541 0 66
186 0 1541 0 65
186 1 1541 0 65
187 0 1541 0 66
187 1 1541 0 66
188 0 1541 0 66
188 1 1541 0 66
189 0 1540 0 64
189 1 1540 0 64
190 0 1540 0 63
190 1 1540 0 63
191 0 1540 0 63
191 1 1540 0 63
192 0 1540 0 64
192 1 1540 0 64
193 0 1540 0 65
193 1 1540 0 65
194 0 1540 0 64
194 1 1540 0 64
195 0 1540 0 65
195 1 1540 0 65
196 0 1540 0 64
196 1 1540 0 64
197 0 1540 0 65
197 1 1540 0 65
198 0 1540 0 66
198 1 1540 0 66
199 0 1540 0 65
199 1 1540 0 65
200 0 1538 0 62
200 1 1538 0 62
201 0 1538 0 63
201 1 1538 0 63
202 0 1538 0 64
202 1 1538 0 64
203 0 1538 0 65
203 1 1538 0 65
204 0 1538 0 65
204 1 1538 0 65
205 0 1537 0 64
205 1 1537 0 64
206 0 1537 0 64
206 1 1537 0 64
207 0 1536 0 63
207 1 1536 0 63
208 0 1536 0 64
208 1 1536 0 64
209 0 1536 0 65
209 1 1536 0 65
210 0 1536 0 64
210 1 1536 0 64
211 0 1536 0 64
211 1 1536 0 64
212 0 1536 0 63
212 1 1536 0 63
213 0 1536 0 64
213 1 1535 0 62
214 0 1535 0 62
214 1 1535 0 62
215 0 1535 0 63
215 1 1535 0 63
216 0 1534 0 62
216 1 1534 0 62
217 0 1534 0 63
217 1 1533 0 61
218 0 1533 0 62
218 1 1533 0 62
219 0 1533 0 63
219 1 1533 0 63
220 0 1533 0 62
220 1 1533 0 62
221 0 1533 0 63
221 1 1533 0 63
222 0 1533 0 64
222 1 1533 0 64
223 0 1533 0 65
223 1 1533 0 65
224 0 1533 0 66
224 1 1533 0 66
225 0 1533 0 65
225 1 1532 0 63
226 0 1531 0 62
226 1 1531 0 62
227 0 1531 0 63
227 1 1531 0 63
228 0 1531 0 64
228 1 1531 0 64
229 0 1531 0 65
229 1 1531 0 65
230 0 1531 0 66
230 1 1531 0 66
231 0 1531 0 66
231 1 1531 0 66
232 0 1531 0 67
232 1 1531 0 67
233 0 1531 0 68
233 1 1531 0 68
234 0 1531 0 69
234 1 1531 0 69
235 0 1531 0 70
235 1 1531 0 70
236 0 1530 0 69
236 1 1530 0 69
237 0 1530 0 69
237 1 1530 0 69
238 0 1530 0 70
238 1 1530 0 70
239 0 1529 0 69
239 1 1529 0 69
240 0 1529 0 70
240 1 1529 0 70
241 0 1529 0 70
241 1 1529 0 70
242 0 1529 0 69
242 1 1529 0 69
243 0 1529 0 69
243 1 1529 0 69
244 0 1529 0 70
244 1 1529 0 70
245 0 1529 0 71
245 1 1529 0 71
246 0 1529 0 69
246 1 1529 0 69
247 0 1529 0 70
247 1 1529 0 70
248 0 1529 0 71
248 1 1529 0 71
249 0 1529 0 72
249 1 1529 0 72
250 0 1529 0 73
250 1 1529 0 73
251 0 1528 0 71
251 1 1528 0 71
252 0 1528 0 72
252 1 1528 0 72
253 0 1528 0 73
253 1 1528 0 73
254 0 1528 0 73
254 1 1528 0 73
255 0 1528 0 74
255 1 1528 0 74
256 0 1528 0 74
256 1 1528 0 74
257 0 1528 0 73
257 1 1528 0 73
258 0 1528 0 74
258 1 1528 0 74
259 0 1528 0 73
259 1 1528 0 73
260 0 1528 0 74
260 1 1528 0 74
261 0 1528 0 75
261 1 1528 0 75
262 0 1526 0 72
262 1 1526 0 72
263 0 1526 0 71
263 1 1526 0 71
264 0 1525 0 70
264 1 1525 0 70
265 0 1525 0 71
265 1 1525 0 71
266 0 1524 0 70
266 1 1524 0 70
267 0 1524 0 71
267 1 1524 0 71
268 0 1524 0 70
268 1 1524 0 70
269 0 1524 0 71
269 1 1524 0 71
270 0 1524 0 72
270 1 1524 0 72
271 0 1524 0 71
271 1 1524 0 71
272 0 1523 0 70
272 1 1523 0 70
273 0 1523 0 71
273 1 1523 0 71
274 0 1523 0 72
274 1 1523 0 72
275 0 1523 0 71
275 1 1523 0 71
276 0 1523 0 72
276 1 1523 0 72
277 0 1523 0 72
277 1 1523 0 72
278 0 1523 0 71
278 1 1523 0 71
279 0 1523 0 72
279 1 1523 0 72
280 0 1522 0 71
280 1 1522 0 71
281 0 1522 0 71
281 1 1522 0 71
282 0 1520 0 68
282 1 1520 0 68
283 0 1520 0 69
283 1 1520 0 69
284 0 1520 0 70
284 1 1520 0 70
285 0 1520 0 71
285 1 1520 0 69
286 0 1520 0 70
286 1 1520 0 70
287 0 1520 0 70
287 1 1520 0 70
288 0 1520 0 69
288 1 1520 0 69
289 0 1520 0 70
289 1 1520 0 70
290 0 1520 0 71
290 1 1520 0 71
291 0 1520 0 70
291 1 1520 0 70
292 0 1520 0 71
292 1 1520 0 71
293 0 1520 0 72
293 1 1520 0 72
294 0 1520 0 73
294 1 1520 0 73
295 0 1520 0 72
295 1 1520 0 72
296 0 1520 0 73
296 1 1520 0 73
297 0 1520 0 74
297 1 1520 0 74
298 0 1520 0 75
298 1 1520 0 75
299 0 1517 0 71
299 1 1517 0 71
300 0 1517 0 72
300 1 1517 0 72
301 0 1517 0 73
301 1 1517 0 73
302 0 1517 0 74
302 1 1517 0 74
303 0 1517 0 75
303 1 1517 0 75
304 0 1516 0 74
304 1 1516 0 74
305 0 1516 0 75
305 1 1516 0 76
306 0 1516 0 77
306 1 1515 0 75
307 0 1515 0 74
307 1 1515 0 74
308 0 1515 0 75
308 1 1515 0 75
309 0 1515 0 76
309 1 1515 0 76
310 0 1515 0 77
310 1 1515 0 77
311 0 1515 0 76
311 1 1515 0 76
312 0 1515 0 77
312 1 1515 0 77
313 0 1515 0 78
313 1 1515 0 78
314 0 1515 0 79
314 1 1515 0 79
315 0 1514 0 78
315 1 1513 0 76
316 0 1513 0 77
316 1 1513 0 77
317 0 1513 0 78
317 1 1513 0 78
318 0 1513 0 77
318 1 1513 0 77
319 0 1513 0 78
319 1 1513 0 78
320 0 1513 0 79
320 1 1513 0 79
321 0 1513 0 78
321 1 1513 0 78
322 0 1513 0 77
322 1 1513 0 77
323 0 1513 0 78
323 1 1513 0 78
324 0 1513 0 78
324 1 1513 0 78
325 0 1513 0 78
325 1 1513 0 78
326 0 1513 0 78
326 1 1513 0 78
327 0 1513 0 79
327 1 1513 0 79
328 0 1513 0 80
328 1 1513 0 80
329 0 1511 0 77
329 1 1511 0 77
330 0 1511 0 78
330 1 1511 0 78
331 0 1511 0 79
331 1 1511 0 79
332 0 1511 0 80
332 1 1511 0 80
333 0 1511 0 80
333 1 1511 0 80
334 0 1511 0 81
334 1 1510 0 79
335 0 1510 0 79
335 1 1510 0 79
336 0 1510 0 79
336 1 1510 0 79
337 0 1510 0 79
337 1 1510 0 79
338 0 1510 0 79
338 1 1510 0 79
339 0 1510 0 77
339 1 1510 0 77
340 0 1510 0 78
340 1 1510 0 78
341 0 1509 0 77
341 1 1509 0 77
342 0 1509 0 77
342 1 1509 0 77
343 0 1509 0 78
343 1 1509 0 78
344 0 1509 0 78
344 1 1509 0 78
345 0 1508 0 77
345 1 1508 0 77
346 0 1508 0 78
346 1 1508 0 78
347 0 1508 0 79
347 1 1508 0 79
348 0 1508 0 79
348 1 1508 0 79
349 0 1508 0 80
349 1 1508 0 80
350 0 1508 0 79
350 1 1508 0 79
351 0 1508 0 78
351 1 1508 0 78
352 0 1508 0 78
352 1 1508 0 78
353 0 1508 0 79
353 1 1508 0 79
354 0 1508 0 80
354 1 1508 0 80
355 0 1508 0 81
355 1 1508 0 81
356 0 1508 0 80
356 1 1508 0 80
357 0 1508 0 79
357 1 1508 0 79
358 0 1508 0 80
358 1 1508 0 80
359 0 1508 0 79
359 1 1508 0 79
360 0 1508 0 80
360 1 1508 0 80
361 0 1508 0 81
361 1 1508 0 81
362 0 1508 0 82
362 1 1508 0 82
363 0 1508 0 83
363 1 1508 0 83
364 0 1508 0 82
364 1 1508 0 82
365 0 1508 0 83
365 1 1508 0 83
366 0 1508 0 82
366 1 1508 0 82
367 0 1508 0 83
367 1 1508 0 83
368 0 1508 0 82
368 1 1508 0 82
369 0 1508 0 83
369 1 1508 0 83
370 0 1508 0 82
370 1 1508 0 82
371 0 1508 0 82
371 1 1508 0 82
372 0 1508 0 82
372 1 1508 0 82
373 0 1508 0 83
373 1 1508 0 83
374 0 1508 0 83
374 1 1508 0 83
375 0 1508 0 84
375 1 1508 0 84
376 0 1508 0 83
376 1 1508 0 83
377 0 1508 0 84
377 1 1508 0 84
378 0 1508 0 85
378 1 1508 0 85
379 0 1508 0 86
379 1 1508 0 86
380 0 1508 0 85
380 1 1508 0 85
381 0 1508 0 85
381 1 1508 0 85
382 0 1508 0 84
382 1 1508 0 84
383 0 1508 0 85
383 1 1508 0 85
384 0 1508 0 85
384 1 1508 0 85
385 0 1508 0 86
385 1 1508 0 86
386 0 1508 0 85
386 1 1508 0 85
387 0 1508 0 84
387 1 1508 0 84
388 0 1508 0 85
388 1 1508 0 85
389 0 1507 0 84
389 1 1507 0 84
390 0 1507 0 85
390 1 1507 0 85
391 0 1507 0 84
391 1 1507 0 84
392 0 1507 0 85
392 1 1507 0 85
393 0 1507 0 84
393 1 1507 0 84
394 0 1507 0 83
394 1 1507 0 83
395 0 1507 0 83
395 1 1507 0 83
396 0 1507 0 82
396 1 1507 0 82
397 0 1506 0 81
397 1 1506 0 81
398 0 1506 0 82
398 1 1506 0 82
399 0 1506 0 81
399 1 1506 0 81
400 0 1506 0 80
400 1 1506 0 80
401 0 1506 0 80
401 1 1506 0 80
402 0 1506 0 80
402 1 1506 0 80
403 0 1506 0 80
403 1 1506 0 80
404 0 1506 0 81
404 1 1506 0 81
405 0 1506 0 81
405 1 1506 0 81
406 0 1506 0 82
406 1 1506 0 81
407 0 1506 0 81
407 1 1506 0 81
408 0 1506 0 80
408 1 1506 0 80
409 0 1506 0 81
409 1 1506 0 81
410 0 1506 0 82
410 1 1506 0 82
411 0 1506 0 81
411 1 1506 0 81
412 0 1506 0 82
412 1 1506 0 82
413 0 1506 0 82
413 1 1506 0 82
414 0 1506 0 82
414 1 1506 0 82
415 0 1506 0 82
415 1 1506 0 82
416 0 1505 0 81
416 1 1505 0 81
417 0 1505 0 82
417 1 1505 0 82
418 0 1505 0 81
418 1 1505 0 81
419 0 1505 0 80
419 1 1505 0 80
420 0 1505 0 81
420 1 1505 0 81
421 0 1505 0 82
421 1 1505 0 82
422 0 1505 0 81
422 1 1505 0 81
423 0 1505 0 81
423 1 1505 0 81
424 0 1505 0 81
424 1 1505 0 81
425 0 1505 0 82
425 1 1505 0 81
426 0 1505 0 82
426 1 1505 0 82
427 0 1505 0 83
427 1 1505 0 83
428 0 1504 0 82
428 1 1504 0 82
429 0 1504 0 83
429 1 1504 0 83
430 0 1504 0 84
430 1 1504 0 84
431 0 1504 0 83
431 1 1504 0 83
432 0 1504 0 84
432 1 1504 0 84
433 0 1504 0 83
433 1 1504 0 83
434 0 1504 0 84
434 1 1504 0 82
435 0 1503 0 81
435 1 1503 0 81
436 0 1502 0 80
436 1 1502 0 80
437 0 1502 0 81
437 1 1502 0 81
438 0 1502 0 82
438 1 1502 0 82
439 0 1502 0 82
439 1 1502 0 82
440 0 1501 0 81
440 1 1501 0 81
441 0 1501 0 82
441 1 1501 0 82
442 0 1501 0 83
442 1 1501 0 83
443 0 1501 0 84
443 1 1501 0 84
444 0 1501 0 83
444 1 1501 0 83
445 0 1501 0 84
445 1 1501 0 84
446 0 1500 0 83
446 1 1500 0 83
447 0 1500 0 84
447 1 1500 0 84
448 0 1500 0 85
448 1 1500 0 85
449 0 1500 0 84
449 1 1500 0 84
450 0 1499 0 83
450 1 1499 0 83
451 0 1499 0 84
451 1 1499 0 84
452 0 1499 0 85
452 1 1499 0 85
453 0 1499 0 86
453 1 1499 0 86
454 0 1498 0 84
454 1 1498 0 84
455 0 1498 0 85
455 1 1498 0 85
456 0 1497 0 84
456 1 1497 0 84
457 0 1497 0 85
457 1 1497 0 85
458 0 1497 0 86
458 1 1497 0 86
459 0 1497 0 87
459 1 1497 0 87
460 0 1497 0 87
460 1 1497 0 87
461 0 1497 0 86
461 1 1497 0 86
462 0 1497 0 86
462 1 1497 0 86
463 0 1497 0 86
463 1 1497 0 86
464 0 1497 0 87
464 1 1497 0 87
465 0 1497 0 88
465 1 1497 0 88
466 0 1496 0 87
466 1 1496 0 87
467 0 1496 0 88
467 1 1496 0 88
468 0 1496 0 89
468 1 1496 0 89
469 0 1496 0 89
469 1 1496 0 89
470 0 1496 0 89
470 1 1496 0 89
471 0 1495 0 87
471 1 1495 0 87
472 0 1494 0 86
472 1 1494 0 86
473 0 1494 0 84
473 1 1494 0 84
474 0 1494 0 85
474 1 1494 0 85
475 0 1494 0 86
475 1 1494 0 86
476 0 1494 0 87
476 1 1494 0 87
477 0 1494 0 86
477 1 1494 0 86
478 0 1494 0 87
478 1 1494 0 87
479 0 1494 0 87
479 1 1494 0 87
480 0 1494 0 88
480 1 1494 0 88
481 0 1494 0 88
481 1 1494 0 88
482 0 1494 0 89
482 1 1494 0 89
483 0 1494 0 90
483 1 1494 0 88
484 0 1493 0 84
484 1 1493 0 84
485 0 1493 0 85
485 1 1493 0 85
486 0 1493 0 86
486 1 1493 0 86
487 0 1493 0 87
487 1 1493 0 87
488 0 1493 0 86
488 1 1493 0 86
489 0 1493 0 87
489 1 1493 0 87
490 0 1493 0 87
490 1 1493 0 87
491 0 1493 0 86
491 1 1493 0 86
492 0 1493 0 87
492 1 1493 0 87
493 0 1493 0 88
493 1 1493 0 88
494 0 1493 0 89
494 1 1493 0 89
495 0 1493 0 87
495 1 1493 0 87
496 0 1493 0 87
496 1 1493 0 87
497 0 1492 0 86
497 1 1492 0 86
498 0 1491 0 84
498 1 1491 0 84
499 0 1491 0 84
499 1 1491 0 84
500 0 1491 0 85
500 1 1491 0 85
501 0 1491 0 86
501 1 1491 0 86
502 0 1491 0 86
502 1 1491 0 86
503 0 1491 0 85
503 1 1491 0 85
504 0 1491 0 84
504 1 1491 0 84
505 0 1491 0 85
505 1 1491 0 83
506 0 1490 0 82
506 1 1490 0 82
507 0 1490 0 82
507 1 1490 0 82
508 0 1490 0 83
508 1 1490 0 83
509 0 1490 0 84
509 1 1490 0 84
510 0 1490 0 84
510 1 1490 0 84
511 0 1490 0 85
511 1 1490 0 85
512 0 1490 0 84
512 1 1490 0 84
513 0 1490 0 84
513 1 1490 0 84
514 0 1490 0 84
514 1 1490 0 84
515 0 1490 0 84
515 1 1490 0 84
516 0 1490 0 85
516 1 1490 0 85
517 0 1490 0 86
517 1 1490 0 86
518 0 1490 0 87
518 1 1490 0 87
519 0 1490 0 88
519 1 1490 0 88
520 0 1490 0 89
520 1 1490 0 89
521 0 1489 0 86
521 1 1489 0 86
522 0 1489 0 87
522 1 1489 0 87
523 0 1488 0 85
523 1 1488 0 85
524 0 1487 0 84
524 1 1487 0 84
525 0 1487 0 83
525 1 1487 0 83
526 0 1487 0 84
526 1 1487 0 84
527 0 1487 0 85
527 1 1487 0 85
528 0 1486 0 84
528 1 1486 0 84
529 0 1485 0 83
529 1 1485 0 83
530 0 1485 0 84
530 1 1485 0 84
531 0 1485 0 83
531 1 1485 0 83
532 0 1485 0 84
532 1 1485 0 84
533 0 1485 0 85
533 1 1485 0 85
534 0 1485 0 86
534 1 1485 0 86
535 0 1485 0 87
535 1 1485 0 87
536 0 1485 0 88
536 1 1485 0 88
537 0 1485 0 89
537 1 1485 0 89
538 0 1485 0 88
538 1 1485 0 88
539 0 1485 0 89
539 1 1485 0 89
540 0 1485 0 88
540 1 1485 0 88
541 0 1485 0 89
541 1 1485 0 89
542 0 1485 0 88
542 1 1485 0 88
543 0 1484 0 87
543 1 1484 0 87
544 0 1484 0 88
544 1 1484 0 88
545 0 1484 0 89
545 1 1484 0 89
546 0 1484 0 88
546 1 1484 0 88
547 0 1484 0 87
547 1 1484 0 87
548 0 1484 0 88
548 1 1484 0 86
549 0 1484 0 87
549 1 1484 0 87
550 0 1484 0 88
550 1 1484 0 88
551 0 1484 0 87
551 1 1484 0 87
552 0 1484 0 88
552 1 1484 0 88
553 0 1484 0 89
553 1 1484 0 89
554 0 1484 0 89
554 1 1484 0 89
555 0 1484 0 90
555 1 1484 0 90
556 0 1484 0 89
556 1 1484 0 89
557 0 1484 0 90
557 1 1484 0 90
558 0 1484 0 91
558 1 1484 0 91
559 0 1484 0 90
559 1 1484 0 90
560 0 1484 0 90
560 1 1484 0 90
561 0 1483 0 89
561 1 1483 0 89
562 0 1483 0 90
562 1 1483 0 90
563 0 1483 0 91
563 1 1483 0 91
564 0 1483 0 92
564 1 1483 0 90
565 0 1482 0 87
565 1 1482 0 87
566 0 1482 0 88
566 1 1482 0 88
567 0 1482 0 89
567 1 1482 0 87
568 0 1482 0 88
568 1 1482 0 88
569 0 1482 0 89
569 1 1482 0 89
570 0 1482 0 90
570 1 1482 0 90
571 0 1482 0 90
571 1 1482 0 90
572 0 1482 0 91
572 1 1482 0 91
573 0 1482 0 90
573 1 1482 0 90
574 0 1482 0 91
574 1 1482 0 91
575 0 1482 0 92
575 1 1482 0 92
576 0 1482 0 91
576 1 1482 0 91
577 0 1482 0 90
577 1 1482 0 90
578 0 1482 0 91
578 1 1482 0 91
579 0 1482 0 92
579 1 1482 0 92
580 0 1482 0 93
580 1 1482 0 93
581 0 1482 0 93
581 1 1482 0 93
582 0 1482 0 93
582 1 1482 0 93
583 0 1481 0 91
583 1 1481 0 91
584 0 1481 0 92
584 1 1481 0 92
585 0 1481 0 90
585 1 1481 0 90
586 0 1481 0 91
586 1 1480 0 89
587 0 1480 0 88
587 1 1480 0 88
588 0 1480 0 87
588 1 1480 0 87
589 0 1480 0 88
589 1 1480 0 88
590 0 1480 0 89
590 1 1480 0 89
591 0 1480 0 90
591 1 1480 0 90
592 0 1480 0 91
592 1 1480 0 91
593 0 1480 0 92
593 1 1480 0 92
594 0 1480 0 93
594 1 1480 0 93
595 0 1480 0 92
595 1 1480 0 92
596 0 1480 0 93
596 1 1480 0 93
597 0 1480 0 93
597 1 1480 0 93
598 0 1480 0 94
598 1 1480 0 94
599 0 1480 0 95
599 1 1480 0 95
600 0 1480 0 96
600 1 1480 0 96
601 0 1480 0 97
601 1 1480 0 97
602 0 1479 0 96
602 1 1479 0 96
603 0 1479 0 97
603 1 1479 0 97
604 0 1478 0 96
604 1 1478 0 96
605 0 1478 0 97
605 1 1478 0 96
606 0 1478 0 95
606 1 1478 0 95
607 0 1478 0 95
607 1 1478 0 95
608 0 1478 0 94
608 1 1478 0 94
609 0 1478 0 95
609 1 1478 0 95
610 0 1477 0 94
610 1 1477 0 94
611 0 1477 0 95
611 1 1477 0 95
612 0 1477 0 96
612 1 1477 0 96
613 0 1477 0 97
613 1 1477 0 97
614 0 1477 0 96
614 1 1477 0 96
615 0 1477 0 97
615 1 1477 0 97
616 0 1477 0 98
616 1 1477 0 98
617 0 1477 0 98
617 1 1477 0 98
618 0 1477 0 99
618 1 1477 0 99
619 0 1477 0 99
619 1 1477 0 99
620 0 1477 0 100
620 1 1477 0 100
621 0 1476 0 98
621 1 1476 0 98
622 0 1476 0 99
622 1 1476 0 98
623 0 1476 0 99
623 1 1476 0 99
624 0 1476 0 99
624 1 1476 0 99
625 0 1475 0 98
625 1 1475 0 98
626 0 1475 0 98
626 1 1475 0 98
627 0 1475 0 99
627 1 1475 0 97
628 0 1475 0 98
628 1 1475 0 98
629 0 1475 0 97
629 1 1475 0 97
630 0 1474 0 96
630 1 1474 0 96
631 0 1474 0 97
631 1 1474 0 97
632 0 1473 0 96
632 1 1473 0 96
633 0 1473 0 97
633 1 1473 0 97
634 0 1473 0 96
634 1 1473 0 96
635 0 1472 0 95
635 1 1472 0 95
636 0 1471 0 94
636 0 1599 0 94
636 1 1599 0 94
637 0 1599 0 95
637 1 1599 0 95
638 0 1599 0 94
638 1 1599 0 94
639 0 1599 0 95
639 1 1599 0 95
640 0 1599 0 96
640 1 1599 0 96
641 0 1599 0 97
641 1 1599 0 97
642 0 1599 0 96
642 1 1599 0 96
643 0 1599 0 97
643 1 1599 0 97
644 0 1599 0 98
644 1 1598 0 96
645 0 1598 0 97
645 1 1598 0 97
646 0 1598 0 98
646 1 1598 0 98
647 0 1598 0 97
647 1 1598 0 97
648 0 1598 0 98
648 1 1598 0 98
649 0 1598 0 99
649 1 1598 0 99
650 0 1598 0 100
650 1 1598 0 100
651 0 1598 0 101
651 1 1598 0 101
652 0 1598 0 100
652 1 1598 0 100
653 0 1598 0 101
653 1 1598 0 101
654 0 1598 0 101
654 1 1598 0 101
655 0 1598 0 101
655 1 1598 0 101
656 0 1598 0 100
656 1 1598 0 100
657 0 1598 0 100
657 1 1598 0 100
658 0 1598 0 101
658 1 1598 0 101
659 0 1598 0 102
659 1 1598 0 102
660 0 1597 0 99
660 1 1597 0 99
661 0 1597 0 100
661 1 1597 0 100
662 0 1596 0 99
662 1 1596 0 99
663 0 1596 0 98
663 1 1596 0 98
664 0 1596 0 99
664 1 1596 0 99
665 0 1596 0 98
665 1 1596 0 98
666 0 1596 0 97
666 1 1596 0 97
667 0 1596 0 98
667 1 1596 0 98
668 0 1596 0 99
668 1 1596 0 99
669 0 1596 0 98
669 1 1595 0 96
670 0 1595 0 95
670 1 1595 0 95
671 0 1595 0 96
671 1 1595 0 96
672 0 1595 0 97
672 1 1595 0 97
673 0 1595 0 96
673 1 1595 0 96
674 0 1595 0 97
674 1 1595 0 95
675 0 1595 0 96
675 1 1595 0 96
676 0 1595 0 97
676 1 1595 0 97
677 0 1595 0 98
677 1 1595 0 98
678 0 1595 0 99
678 1 1595 0 99
679 0 1595 0 100
679 1 1595 0 100
680 0 1595 0 99
680 1 1595 0 99
681 0 1595 0 100
681 1 1595 0 100
682 0 1595 0 101
682 1 1595 0 101
683 0 1595 0 101
683 1 1595 0 101
684 0 1595 0 102
684 1 1595 0 102
685 0 1595 0 103
685 1 1595 0 103
686 0 1595 0 104
686 1 1595 0 104
687 0 1595 0 105
687 1 1595 0 105
688 0 1595 0 106
688 1 1595 0 106
689 0 1595 0 107
689 1 1595 0 107
690 0 1595 0 108
690 1 1595 0 108
691 0 1595 0 109
691 1 1595 0 109
692 0 1595 0 110
692 1 1595 0 110
693 0 1594 0 107
693 1 1594 0 107
694 0 1594 0 108
694 1 1594 0 108
695 0 1594 0 107
695 1 1594 0 107
696 0 1594 0 108
696 1 1594 0 108
697 0 1594 0 109
697 1 1594 0 109
698 0 1594 0 110
698 1 1594 0 110
699 0 1594 0 109
699 1 1594 0 109
700 0 1594 0 110
700 1 1594 0 110
701 0 1594 0 109
701 1 1594 0 109
702 0 1594 0 109
702 1 1594 0 109
703 0 1594 0 110
703 1 1594 0 108
704 0 1594 0 107
704 1 1594 0 107
705 0 1593 0 106
705 1 1593 0 106
706 0 1593 0 107
706 1 1593 0 107
707 0 1593 0 108
707 1 1593 0 108
708 0 1593 0 109
708 1 1593 0 109
709 0 1593 0 108
709 1 1593 0 108
710 0 1593 0 109
710 1 1593 0 109
711 0 1593 0 108
711 1 1593 0 108
712 0 1593 0 107
712 1 1593 0 107
713 0 1592 0 106
713 1 1592 0 106
714 0 1592 0 106
714 1 1592 0 106
715 0 1592 0 107
715 1 1592 0 107
716 0 1592 0 105
716 1 1592 0 105
717 0 1592 0 105
717 1 1592 0 105
718 0 1592 0 106
718 1 1592 0 106
719 0 1592 0 105
719 1 1592 0 105
720 0 1591 0 104
720 1 1591 0 104
721 0 1591 0 104
721 1 1591 0 104
722 0 1590 0 103
722 1 1590 0 103
723 0 1589 0 102
723 1 1589 0 102
724 0 1589 0 103
724 1 1589 0 103
725 0 1589 0 104
725 1 1589 0 104
726 0 1589 0 105
726 1 1589 0 105
727 0 1589 0 106
727 1 1589 0 106
728 0 1589 0 107
728 1 1589 0 107
729 0 1588 0 105
729 1 1588 0 105
730 0 1588 0 106
730 1 1588 0 106
731 0 1588 0 107
731 1 1588 0 107
732 0 1588 0 106
732 1 1588 0 106
733 0 1588 0 105
733 1 1588 0 105
734 0 1588 0 106
734 1 1588 0 106
735 0 1588 0 107
735 1 1588 0 107
736 0 1588 0 106
736 1 1588 0 106
737 0 1588 0 107
737 1 1588 0 107
738 0 1588 0 108
738 1 1588 0 108
739 0 1588 0 109
739 1 1588 0 109
740 0 1588 0 110
740 1 1588 0 108
741 0 1588 0 108
741 1 1588 0 108
742 0 1588 0 109
742 1 1588 0 107
743 0 1588 0 108
743 1 1588 0 108
744 0 1588 0 109
744 1 1588 0 109
745 0 1588 0 108
745 1 1588 0 108
746 0 1588 0 108
746 1 1588 0 108
747 0 1588 0 108
747 1 1588 0 108
748 0 1588 0 109
748 1 1588 0 109
749 0 1588 0 110
749 1 1588 0 110
750 0 1588 0 111
750 1 1588 0 111
751 0 1588 0 111
751 1 1588 0 111
752 0 1588 0 110
752 1 1588 0 110
753 0 1588 0 111
753 1 1588 0 111
754 0 1588 0 111
754 1 1588 0 111
755 0 1588 0 110
755 1 1588 0 110
756 0 1588 0 111
756 1 1588 0 111
757 0 1588 0 110
757 1 1588 0 110
758 0 1588 0 108
758 1 1588 0 108
759 0 1588 0 109
759 1 1588 0 109
760 0 1588 0 108
760 1 1588 0 108
761 0 1588 0 108
761 1 1588 0 108
762 0 1588 0 108
762 1 1588 0 108
763 0 1588 0 109
763 1 1588 0 109
764 0 1588 0 110
764 1 1588 0 110
765 0 1588 0 111
765 1 1588 0 111
766 0 1588 0 112
766 1 1588 0 112
767 0 1588 0 111
767 1 1588 0 111
768 0 1588 0 110
768 1 1588 0 110
769 0 1588 0 107
769 1 1588 0 107
770 0 1588 0 106
770 1 1588 0 106
771 0 1588 0 106
771 1 1588 0 106
772 0 1587 0 104
772 1 1587 0 104
773 0 1587 0 103
773 1 1587 0 103
774 0 1586 0 101
774 1 1586 0 101
775 0 1586 0 102
775 1 1586 0 102
776 0 1586 0 103
776 1 1586 0 103
777 0 1585 0 102
777 1 1585 0 102
778 0 1585 0 101
778 1 1585 0 101
779 0 1585 0 102
779 1 1585 0 102
780 0 1585 0 103
780 1 1585 0 103
781 0 1585 0 103
781 1 1585 0 103
782 0 1585 0 103
782 1 1585 0 103
783 0 1585 0 103
783 1 1585 0 103
784 0 1585 0 104
784 1 1585 0 104
785 0 1585 0 105
785 1 1585 0 105
786 0 1584 0 104
786 1 1584 0 104
787 0 1584 0 105
787 1 1584 0 105
788 0 1583 0 104
788 1 1582 0 102
789 0 1582 0 103
789 1 1582 0 103
790 0 1582 0 104
790 1 1582 0 104
791 0 1581 0 102
791 1 1581 0 102
792 0 1581 0 103
792 1 1581 0 103
793 0 1581 0 104
793 1 1581 0 104
794 0 1581 0 103
794 1 1581 0 103
795 0 1581 0 104
795 1 1581 0 104
796 0 1581 0 105
796 1 1581 0 105
797 0 1581 0 104
797 1 1581 0 104
798 0 1581 0 105
798 1 1581 0 105
799 0 1581 0 106
799 1 1581 0 106
800 0 1581 0 106
800 1 1581 0 106
801 0 1581 0 107
801 1 1581 0 107
802 0 1581 0 108
802 1 1581 0 108
803 0 1580 0 106
803 1 1580 0 106
804 0 1580 0 107
804 1 1580 0 107
805 0 1580 0 108
805 1 1580 0 108
806 0 1580 0 109
806 1 1580 0 109
807 0 1580 0 109
807 1 1580 0 109
808 0 1580 0 110
808 1 1580 0 110
809 0 1580 0 111
809 1 1580 0 111
810 0 1580 0 110
810 1 1580 0 110
811 0 1580 0 111
811 1 1580 0 109
812 0 1580 0 110
812 1 1580 0 110
813 0 1580 0 110
813 1 1580 0 110
814 0 1580 0 111
814 1 1580 0 111
815 0 1580 0 112
815 1 1580 0 112
816 0 1580 0 111
816 1 1580 0 111
817 0 1580 0 110
817 1 1580 0 110
818 0 1580 0 109
818 1 1580 0 109
819 0 1580 0 110
819 1 1580 0 108
820 0 1580 0 109
820 1 1580 0 109
821 0 1580 0 108
821 1 1580 0 108
822 0 1580 0 108
822 1 1580 0 108
823 0 1580 0 109
823 1 1580 0 109
824 0 1580 0 110
824 1 1580 0 110
825 0 1579 0 109
825 1 1579 0 109
826 0 1579 0 110
826 1 1579 0 110
827 0 1579 0 110
827 1 1579 0 110
828 0 1579 0 109
828 1 1579 0 109
829 0 1579 0 110
829 1 1579 0 110
830 0 1579 0 109
830 1 1579 0 109
831 0 1579 0 110
831 1 1579 0 110
832 0 1579 0 110
832 1 1579 0 110
833 0 1579 0 111
833 1 1579 0 111
834 0 1579 0 111
834 1 1579 0 111
835 0 1579 0 112
835 1 1579 0 112
836 0 1579 0 112
836 1 1579 0 112
837 0 1578 0 111
837 1 1578 0 111
838 0 1578 0 110
838 1 1578 0 110
839 0 1578 0 111
839 1 1577 0 109
840 0 1577 0 110
840 1 1577 0 110
841 0 1577 0 111
841 1 1577 0 111
842 0 1576 0 110
842 1 1576 0 110
843 0 1576 0 111
843 1 1576 0 110
844 0 1576 0 111
844 1 1575 0 109
845 0 1575 0 107
845 1 1575 0 107
846 0 1575 0 108
846 1 1575 0 108
847 0 1575 0 109
847 1 1575 0 107
848 0 1575 0 108
848 1 1575 0 108
849 0 1575 0 109
849 1 1575 0 109
850 0 1575 0 108
850 1 1575 0 106
851 0 1575 0 107
851 1 1575 0 107
852 0 1575 0 108
852 1 1575 0 108
853 0 1575 0 109
853 1 1575 0 109
854 0 1575 0 110
854 1 1575 0 110
855 0 1575 0 110
855 1 1575 0 110
856 0 1575 0 111
856 1 1575 0 111
857 0 1575 0 110
857 1 1575 0 110
858 0 1575 0 111
858 1 1575 0 111
859 0 1575 0 112
859 1 1575 0 112
860 0 1575 0 113
860 1 1575 0 113
861 0 1575 0 114
861 1 1575 0 112
862 0 1575 0 113
862 1 1575 0 113
863 0 1575 0 113
863 1 1575 0 113
864 0 1575 0 111
864 1 1575 0 111
865 0 1575 0 111
865 1 1575 0 111
866 0 1575 0 111
866 1 1575 0 111
867 0 1575 0 112
867 1 1575 0 112
868 0 1575 0 112
868 1 1575 0 112
869 0 1575 0 113
869 1 1575 0 113
870 0 1575 0 113
870 1 1575 0 113
871 0 1575 0 114
871 1 1575 0 114
872 0 1575 0 115
872 1 1575 0 115
873 0 1575 0 115
873 1 1575 0 115
874 0 1575 0 115
874 1 1575 0 115
875 0 1575 0 114
875 1 1575 0 114
876 0 1575 0 113
876 1 1575 0 113
877 0 1575 0 114
877 1 1575 0 114
878 0 1575 0 115
878 1 1575 0 113
879 0 1575 0 114
879 1 1575 0 114
880 0 1575 0 114
880 1 1574 0 112
881 0 1574 0 113
881 1 1574 0 113
882 0 1574 0 112
882 1 1574 0 112
883 0 1574 0 111
883 1 1574 0 111
884 0 1574 0 110
884 1 1574 0 110
885 0 1574 0 110
885 1 1574 0 110
886 0 1574 0 111
886 1 1574 0 111
887 0 1573 0 110
887 1 1573 0 110
888 0 1573 0 111
888 1 1573 0 111
889 0 1573 0 110
889 1 1573 0 110
890 0 1573 0 109
890 1 1573 0 109
891 0 1573 0 110
891 1 1572 0 108
892 0 1572 0 109
892 1 1572 0 109
893 0 1572 0 108
893 1 1572 0 108
894 0 1572 0 108
894 1 1572 0 108
895 0 1572 0 109
895 1 1572 0 109
896 0 1572 0 110
896 1 1572 0 110
897 0 1572 0 111
897 1 1572 0 111
898 0 1572 0 112
898 1 1572 0 112
899 0 1572 0 113
899 1 1572 0 113
900 0 1572 0 112
900 1 1572 0 112
901 0 1572 0 113
901 1 1572 0 113
902 0 1572 0 114
902 1 1572 0 112
903 0 1572 0 113
903 1 1572 0 113
904 0 1572 0 114
904 1 1572 0 114
905 0 1572 0 115
905 1 1572 0 115
906 0 1572 0 116
906 1 1572 0 116
907 0 1572 0 117
907 1 1572 0 117
908 0 1572 0 118
908 1 1572 0 117
909 0 1571 0 116
909 1 1571 0 116
910 0 1571 0 114
910 1 1571 0 114
911 0 1571 0 115
911 1 1571 0 115
912 0 1571 0 114
912 1 1571 0 114
913 0 1571 0 115
913 1 1571 0 115
914 0 1571 0 114
914 1 1571 0 114
915 0 1571 0 115
915 1 1571 0 115
916 0 1571 0 114
916 1 1571 0 114
917 0 1571 0 115
917 1 1570 0 113
918 0 1570 0 114
918 1 1570 0 112
919 0 1570 0 112
919 1 1570 0 112
920 0 1570 0 113
920 1 1570 0 113
921 0 1570 0 114
921 1 1570 0 112
922 0 1570 0 113
922 1 1570 0 113
923 0 1570 0 112
923 1 1570 0 112
924 0 1570 0 113
924 1 1570 0 113
925 0 1570 0 113
925 1 1570 0 113
926 0 1570 0 114
926 1 1570 0 114
927 0 1570 0 113
927 1 1570 0 113
928 0 1570 0 112
928 1 1570 0 112
929 0 1570 0 113
929 1 1570 0 113
930 0 1570 0 113
930 1 1570 0 113
931 0 1570 0 114
931 1 1569 0 112
932 0 1569 0 112
932 1 1569 0 112
933 0 1569 0 113
933 1 1569 0 113
934 0 1569 0 112
934 1 1569 0 112
935 0 1569 0 113
935 1 1569 0 113
936 0 1569 0 114
936 1 1569 0 114
937 0 1569 0 115
937 1 1569 0 113
938 0 1569 0 112
938 1 1569 0 112
939 0 1569 0 112
939 1 1569 0 112
940 0 1569 0 113
940 1 1569 0 111
941 0 1569 0 112
941 1 1569 0 112
942 0 1569 0 111
942 1 1569 0 111
943 0 1569 0 112
943 1 1569 0 110
944 0 1569 0 111
944 1 1569 0 111
945 0 1569 0 110
945 1 1569 0 110
946 0 1569 0 109
946 1 1569 0 109
947 0 1569 0 110
947 1 1569 0 108
948 0 1569 0 108
948 1 1569 0 108
949 0 1569 0 109
949 1 1569 0 109
950 0 1569 0 110
950 1 1569 0 110
951 0 1569 0 109
951 1 1569 0 109
952 0 1569 0 110
952 1 1569 0 110
953 0 1569 0 111
953 1 1569 0 111
954 0 1569 0 112
954 1 1568 0 108
955 0 1568 0 109
955 1 1567 0 107
956 0 1567 0 106
956 1 1567 0 106
957 0 1567 0 107
957 1 1567 0 107
958 0 1567 0 108
958 1 1567 0 108
959 0 1567 0 109
959 1 1567 0 109
960 0 1567 0 110
960 1 1567 0 110
961 0 1567 0 111
961 1 1567 0 111
962 0 1567 0 112
962 1 1567 0 112
963 0 1567 0 112
963 1 1567 0 112
964 0 1567 0 113
964 1 1567 0 113
965 0 1567 0 114
965 1 1567 0 114
966 0 1567 0 113
966 1 1567 0 113
967 0 1567 0 114
967 1 1567 0 114
968 0 1566 0 111
968 1 1565 0 109
969 0 1565 0 110
969 1 1565 0 110
970 0 1565 0 111
970 1 1565 0 111
971 0 1565 0 111
971 1 1565 0 111
972 0 1565 0 112
972 1 1565 0 112
973 0 1564 0 111
973 1 1564 0 111
974 0 1564 0 112
974 1 1564 0 112
975 0 1564 0 113
975 1 1564 0 113
976 0 1564 0 114
976 1 1564 0 114
977 0 1564 0 115
977 1 1564 0 115
978 0 1563 0 114
978 1 1563 0 114
979 0 1563 0 115
979 1 1563 0 115
980 0 1563 0 114
980 1 1563 0 114
981 0 1563 0 115
981 1 1563 0 115
982 0 1563 0 116
982 1 1563 0 116
983 0 1563 0 117
983 1 1563 0 117
984 0 1563 0 118
984 1 1563 0 117
985 0 1562 0 116
985 1 1562 0 116
986 0 1562 0 116
986 1 1562 0 116
987 0 1561 0 115
987 1 1561 0 115
988 0 1561 0 116
988 1 1561 0 116
989 0 1560 0 115
989 1 1560 0 115
990 0 1560 0 116
990 1 1560 0 116
991 0 1560 0 117
991 1 1560 0 117
992 0 1560 0 118
992 1 1560 0 118
993 0 1560 0 119
993 1 1560 0 119
994 0 1560 0 120
994 1 1560 0 120
995 0 1560 0 119
995 1 1560 0 119
996 0 1560 0 120
996 1 1559 0 118
997 0 1559 0 117
997 1 1559 0 117
998 0 1559 0 118
998 1 1559 0 118
999 0 1559 0 117
999 1 1559 0 117
1000 0 1559 0 118
1000 1 1559 0 118
1001 0 1559 0 119
1001 1 1559 0 119
1002 0 1559 0 120
1002 1 1559 0 120
1003 0 1559 0 121
1003 1 1559 0 121
1004 0 1559 0 122
1004 1 1559 0 122
1005 0 1559 0 123
1005 1 1559 0 121
1006 0 1559 0 122
1006 1 1559 0 122
1007 0 1558 0 121
1007 1 1558 0 121
1008 0 1558 0 122
1008 1 1558 0 122
1009 0 1558 0 123
1009 1 1558 0 123
1010 0 1558 0 124
1010 1 1557 0 122
1011 0 1557 0 123
1011 1 1557 0 123
1012 0 1557 0 123
1012 1 1557 0 123
1013 0 1557 0 124
1013 1 1557 0 122
1014 0 1557 0 121
1014 1 1557 0 121
1015 0 1557 0 122
1015 1 1556 0 117
1016 0 1556 0 118
1016 1 1556 0 118
1017 0 1556 0 118
1017 1 1556 0 118
1018 0 1556 0 119
1018 1 1556 0 119
1019 0 1556 0 120
1019 1 1556 0 120
1020 0 1556 0 121
1020 1 1556 0 121
1021 0 1556 0 122
1021 1 1556 0 122
1022 0 1556 0 123
1022 1 1556 0 123
1023 0 1556 0 124
1023 1 1556 0 124
1024 0 1556 0 125
1024 1 1556 0 124
1025 0 1556 0 123
1025 1 1556 0 121
1026 0 1556 0 121
1026 1 1556 0 121
1027 0 1556 0 121
1027 1 1556 0 121
1028 0 1556 0 119
1028 1 1556 0 119
1029 0 1556 0 120
1029 1 1556 0 120
1030 0 1556 0 119
1030 1 1556 0 119
1031 0 1556 0 120
1031 1 1554 0 114
1032 0 1554 0 115
1032 1 1554 0 115
1033 0 1554 0 116
1033 1 1554 0 116
1034 0 1554 0 117
1034 1 1554 0 117
1035 0 1554 0 118
1035 1 1554 0 118
1036 0 1554 0 119
1036 1 1554 0 119
1037 0 1554 0 118
1037 1 1554 0 118
1038 0 1554 0 119
1038 1 1554 0 119
1039 0 1554 0 120
1039 1 1554 0 120
1040 0 1554 0 121
1040 1 1554 0 121
1041 0 1554 0 122
1041 1 1554 0 122
1042 0 1554 0 123
1042 1 1554 0 120
1043 0 1554 0 121
1043 1 1554 0 121
1044 0 1554 0 119
1044 1 1554 0 119
1045 0 1554 0 118
1045 1 1554 0 118
1046 0 1554 0 119
1046 1 1554 0 119
1047 0 1554 0 120
1047 1 1554 0 119
1048 0 1554 0 117
1048 1 1554 0 117
1049 0 1554 0 118
1049 1 1554 0 118
1050 0 1554 0 119
1050 1 1554 0 119
1051 0 1554 0 120
1051 1 1554 0 120
1052 0 1554 0 120
1052 1 1554 0 120
1053 0 1554 0 120
1053 1 1554 0 120
1054 0 1554 0 121
1054 1 1554 0 121
1055 0 1554 0 122
1055 1 1554 0 122
1056 0 1554 0 121
1056 1 1554 0 121
1057 0 1554 0 122
1057 1 1554 0 121
1058 0 1554 0 122
1058 1 1554 0 122
1059 0 1554 0 120
1059 1 1554 0 120
1060 0 1554 0 119
1060 1 1554 0 119
1061 0 1554 0 120
1061 1 1554 0 120
1062 0 1554 0 119
1062 1 1554 0 119
1063 0 1554 0 120
1063 1 1554 0 118
1064 0 1554 0 119
1064 1 1554 0 119
1065 0 1554 0 120
1065 1 1554 0 120
1066 0 1554 0 121
1066 1 1554 0 121
1067 0 1554 0 120
1067 1 1554 0 120
1068 0 1554 0 121
1068 1 1554 0 121
1069 0 1554 0 120
1069 1 1554 0 120
1070 0 1554 0 121
1070 1 1553 0 119
1071 0 1553 0 120
1071 1 1553 0 120
1072 0 1553 0 121
1072 1 1553 0 121
1073 0 1553 0 122
1073 1 1553 0 122
1074 0 1553 0 123
1074 1 1553 0 123
1075 0 1553 0 122
1075 1 1553 0 122
1076 0 1553 0 122
1076 1 1553 0 122
1077 0 1553 0 123
1077 1 1553 0 123
1078 0 1553 0 124
1078 1 1553 0 124
1079 0 1553 0 125
1079 1 1553 0 125
1080 0 1553 0 126
1080 1 1553 0 126
1081 0 1553 0 127
1081 1 1553 0 127
1082 0 1553 0 128
1082 1 1553 0 128
1083 0 1553 0 129
1083 1 1553 0 127
1084 0 1553 0 128
1084 1 1552 0 126
1085 0 1552 0 127
1085 1 1552 0 127
1086 0 1552 0 128
1086 1 1552 0 128
1087 0 1551 0 127
1087 1 1551 0 127
1088 0 1551 0 126
1088 1 1551 0 126
1089 0 1551 0 127
1089 1 1551 0 127
1090 0 1551 0 128
1090 1 1550 0 124
1091 0 1550 0 125
1091 1 1550 0 125
1092 0 1550 0 126
1092 1 1550 0 126
1093 0 1550 0 127
1093 1 1550 0 127
1094 0 1550 0 128
1094 1 1550 0 128
1095 0 1550 0 127
1095 1 1550 0 127
1096 0 1550 0 126
1096 1 1550 0 126
1097 0 1550 0 127
1097 1 1550 0 127
1098 0 1550 0 126
1098 1 1550 0 126
1099 0 1550 0 127
1099 1 1550 0 127
1100 0 1550 0 125
1100 1 1550 0 125
1101 0 1550 0 126
1101 1 1550 0 126
1102 0 1550 0 127
1102 1 1550 0 125
1103 0 1550 0 126
1103 1 1550 0 126
1104 0 1549 0 125
1104 1 1549 0 122
1105 0 1549 0 123
1105 1 1549 0 123
1106 0 1549 0 124
1106 1 1549 0 124
1107 0 1549 0 125
1107 1 1549 0 125
1108 0 1549 0 126
1108 1 1549 0 126
1109 0 1549 0 127
1109 1 1549 0 125
1110 0 1549 0 126
1110 1 1549 0 126
1111 0 1549 0 125
1111 1 1549 0 125
1112 0 1549 0 126
1112 1 1549 0 126
1113 0 1549 0 127
1113 1 1549 0 127
1114 0 1549 0 128
1114 1 1549 0 128
1115 0 1549 0 129
1115 1 1549 0 129
1116 0 1549 0 130
1116 1 1549 0 128
1117 0 1549 0 129
1117 1 1549 0 129
1118 0 1549 0 130
1118 1 1549 0 130
1119 0 1549 0 130
1119 1 1549 0 130
1120 0 1549 0 128
1120 1 1549 0 128
1121 0 1549 0 129
1121 1 1549 0 129
1122 0 1549 0 128
1122 1 1549 0 128
1123 0 1549 0 129
1123 1 1549 0 129
1124 0 1549 0 128
1124 1 1549 0 128
1125 0 1549 0 129
1125 1 1549 0 129
1126 0 1549 0 128
1126 1 1549 0 128
1127 0 1549 0 127
1127 1 1549 0 127
1128 0 1549 0 128
1128 1 1549 0 128
1129 0 1549 0 127
1129 1 1549 0 127
1130 0 1549 0 127
1130 1 1549 0 127
1131 0 1549 0 128
1131 1 1549 0 128
1132 0 1549 0 129
1132 1 1549 0 129
1133 0 1549 0 130
1133 1 1549 0 130
1134 0 1549 0 130
1134 1 1549 0 130
1135 0 1549 0 129
1135 1 1549 0 129
1136 0 1548 0 127
1136 1 1548 0 127
1137 0 1547 0 126
1137 1 1547 0 126
1138 0 1547 0 127
1138 1 1547 0 127
1139 0 1547 0 128
1139 1 1547 0 128
1140 0 1547 0 129
1140 1 1547 0 129
1141 0 1547 0 130
1141 1 1547 0 130
1142 0 1547 0 131
1142 1 1547 0 129
1143 0 1547 0 130
1143 1 1547 0 128
1144 0 1547 0 127
1144 1 1547 0 127
1145 0 1547 0 126
1145 1 1547 0 126
1146 0 1547 0 127
1146 1 1547 0 125
1147 0 1547 0 126
1147 1 1547 0 126
1148 0 1547 0 127
1148 1 1547 0 127
1149 0 1547 0 128
1149 1 1547 0 126
1150 0 1547 0 127
1150 1 1547 0 127
1151 0 1547 0 126
1151 1 1547 0 126
1152 0 1547 0 127
1152 1 1547 0 127
1153 0 1547 0 126
1153 1 1547 0 126
1154 0 1547 0 127
1154 1 1547 0 127
1155 0 1547 0 128
1155 1 1547 0 128
1156 0 1547 0 129
1156 1 1547 0 129
1157 0 1547 0 130
1157 1 1546 0 128
1158 0 1546 0 129
1158 1 1546 0 129
1159 0 1546 0 129
1159 1 1546 0 129
1160 0 1546 0 130
1160 1 1546 0 130
1161 0 1546 0 129
1161 1 1546 0 129
1162 0 1546 0 130
1162 1 1546 0 128
1163 0 1546 0 125
1163 1 1546 0 125
1164 0 1546 0 126
1164 1 1546 0 126
1165 0 1546 0 125
1165 1 1545 0 123
1166 0 1545 0 124
1166 1 1545 0 124
1167 0 1545 0 125
1167 1 1545 0 125
1168 0 1545 0 122
1168 1 1545 0 122
1169 0 1545 0 121
1169 1 1544 0 119
1170 0 1544 0 119
1170 1 1544 0 119
1171 0 1544 0 119
1171 1 1544 0 119
1172 0 1544 0 120
1172 1 1544 0 120
1173 0 1544 0 121
1173 1 1544 0 121
1174 0 1544 0 122
1174 1 1544 0 122
1175 0 1544 0 121
1175 1 1544 0 121
1176 0 1544 0 120
1176 1 1544 0 120
1177 0 1544 0 121
1177 1 1544 0 121
1178 0 1544 0 122
1178 1 1544 0 122
1179 0 1544 0 123
1179 1 1544 0 123
1180 0 1544 0 122
1180 1 1544 0 122
1181 0 1544 0 123
1181 1 1544 0 123
1182 0 1544 0 122
1182 1 1544 0 122
1183 0 1544 0 123
1183 1 1544 0 123
1184 0 1544 0 124
1184 1 1544 0 124
1185 0 1543 0 123
1185 1 1543 0 123
1186 0 1543 0 122
1186 1 1543 0 122
1187 0 1543 0 123
1187 1 1543 0 121
1188 0 1543 0 122
1188 1 1543 0 122
1189 0 1543 0 123
1189 1 1543 0 123
1190 0 1543 0 122
1190 1 1543 0 122
1191 0 1543 0 121
1191 1 1543 0 121
1192 0 1543 0 122
1192 1 1543 0 122
1193 0 1543 0 123
1193 1 1543 0 123
1194 0 1543 0 122
1194 1 1543 0 122
1195 0 1543 0 123
1195 1 1543 0 122
1196 0 1543 0 123
1196 1 1543 0 123
1197 0 1543 0 124
1197 1 1543 0 124
1198 0 1543 0 125
1198 1 1543 0 125
1199 0 1543 0 124
1199 1 1543 0 124
1200 0 1543 0 123
1200 1 1543 0 123
1201 0 1543 0 124
1201 1 1543 0 124
1202 0 1543 0 123
1202 1 1543 0 123
1203 0 1543 0 124
1203 1 1543 0 124
1204 0 1543 0 125
1204 1 1543 0 123
1205 0 1543 0 124
1205 1 1543 0 124
1206 0 1543 0 123
1206 1 1543 0 123
1207 0 1543 0 124
1207 1 1543 0 122
1208 0 1543 0 123
1208 1 1543 0 123
1209 0 1543 0 124
1209 1 1542 0 122
1210 0 1542 0 121
1210 1 1542 0 121
1211 0 1542 0 120
1211 1 1542 0 120
1212 0 1542 0 121
1212 1 1542 0 121
1213 0 1542 0 122
1213 1 1542 0 122
1214 0 1542 0 122
1214 1 1542 0 122
1215 0 1542 0 121
1215 1 1542 0 121
1216 0 1542 0 122
1216 1 1542 0 122
1217 0 1542 0 121
1217 1 1542 0 121
1218 0 1542 0 122
1218 1 1542 0 122
1219 0 1542 0 123
1219 1 1542 0 123
1220 0 1542 0 124
1220 1 1542 0 123
1221 0 1542 0 124
1221 1 1542 0 124
1222 0 1542 0 125
1222 1 1542 0 123
1223 0 1542 0 124
1223 1 1542 0 122
1224 0 1542 0 123
1224 1 1542 0 122
1225 0 1542 0 121
1225 1 1542 0 121
1226 0 1542 0 122
1226 1 1541 0 120
1227 0 1541 0 121
1227 1 1541 0 121
1228 0 1541 0 122
1228 1 1541 0 122
1229 0 1541 0 123
1229 1 1541 0 122
1230 0 1541 0 123
1230 1 1541 0 123
1231 0 1541 0 123
1231 1 1541 0 123
1232 0 1541 0 124
1232 1 1541 0 124
1233 0 1541 0 125
1233 1 1540 0 123
1234 0 1540 0 124
1234 1 1540 0 124
1235 0 1540 0 123
1235 1 1540 0 123
1236 0 1540 0 124
1236 1 1540 0 124
1237 0 1540 0 125
1237 1 1540 0 125
1238 0 1540 0 126
1238 1 1540 0 126
1239 0 1539 0 124
1239 1 1539 0 124
1240 0 1539 0 123
1240 1 1539 0 123
1241 0 1539 0 122
1241 1 1539 0 122
1242 0 1539 0 123
1242 1 1539 0 123
1243 0 1539 0 124
1243 1 1539 0 124
1244 0 1539 0 123
1244 1 1539 0 123
1245 0 1539 0 124
1245 1 1539 0 124
1246 0 1539 0 123
1246 1 1539 0 123
1247 0 1539 0 123
1247 1 1539 0 123
1248 0 1539 0 124
1248 1 1539 0 124
1249 0 1539 0 125
1249 1 1539 0 123
1250 0 1538 0 122
1250 1 1538 0 122
1251 0 1538 0 123
1251 1 1538 0 123
1252 0 1538 0 124
1252 1 1538 0 124
1253 0 1538 0 124
1253 1 1538 0 124
1254 0 1538 0 123
1254 1 1538 0 123
1255 0 1538 0 123
1255 1 1538 0 123
1256 0 1538 0 124
1256 1 1538 0 124
1257 0 1538 0 123
1257 1 1538 0 123
1258 0 1538 0 124
1258 1 1538 0 124
1259 0 1538 0 123
1259 1 1538 0 123
1260 0 1538 0 122
1260 1 1538 0 122
1261 0 1538 0 123
1261 1 1538 0 123
1262 0 1538 0 124
1262 1 1538 0 124
1263 0 1538 0 125
1263 1 1538 0 125
1264 0 1538 0 124
1264 1 1538 0 124
1265 0 1538 0 125
1265 1 1538 0 125
1266 0 1538 0 124
1266 1 1538 0 124
1267 0 1538 0 123
1267 1 1538 0 123
1268 0 1538 0 124
1268 1 1538 0 124
1269 0 1538 0 125
1269 1 1538 0 125
1270 0 1538 0 126
1270 1 1538 0 126
1271 0 1537 0 124
1271 1 1537 0 124
1272 0 1537 0 125
1272 1 1536 0 123
1273 0 1536 0 124
1273 1 1536 0 124
1274 0 1536 0 125
1274 1 1536 0 125
1275 0 1536 0 126
1275 1 1536 0 126
1276 0 1536 0 127
1276 1 1536 0 127
1277 0 1536 0 125
1277 1 1536 0 125
1278 0 1536 0 126
1278 1 1536 0 126
1279 0 1536 0 127
1279 1 1536 0 127
1280 0 1536 0 128
1280 1 1536 0 128
1281 0 1536 0 129
1281 1 1536 0 128
1282 0 1535 0 125
1282 1 1535 0 125
1283 0 1534 0 124
1283 1 1532 0 120
1284 0 1532 0 121
1284 1 1532 0 121
1285 0 1532 0 121
1285 1 1532 0 121
1286 0 1531 0 121
1286 1 1531 0 121
1287 0 1531 0 122
1287 1 1531 0 122
1288 0 1531 0 123
1288 1 1531 0 123
1289 0 1531 0 122
1289 1 1531 0 122
1290 0 1531 0 123
1290 1 1531 0 123
1291 0 1531 0 124
1291 1 1531 0 124
1292 0 1531 0 125
1292 1 1531 0 125
1293 0 1531 0 124
1293 1 1531 0 124
1294 0 1531 0 125
1294 1 1531 0 125
1295 0 1531 0 126
1295 1 1531 0 126
1296 0 1531 0 127
1296 1 1531 0 127
1297 0 1531 0 128
1297 1 1531 0 128
1298 0 1531 0 126
1298 1 1531 0 126
1299 0 1531 0 127
1299 1 1531 0 127
1300 0 1531 0 126
1300 1 1531 0 126
1301 0 1531 0 127
1301 1 1531 0 127
1302 0 1531 0 128
1302 1 1531 0 128
1303 0 1531 0 129
1303 1 1531 0 127
1304 0 1531 0 128
1304 1 1531 0 128
1305 0 1531 0 129
1305 1 1531 0 129
1306 0 1531 0 130
1306 1 1531 0 130
1307 0 1531 0 131
1307 1 1531 0 131
1308 0 1531 0 132
1308 1 1531 0 132
1309 0 1531 0 133
1309 1 1531 0 130
1310 0 1531 0 131
1310 1 1531 0 131
1311 0 1531 0 130
1311 1 1531 0 130
1312 0 1531 0 131
1312 1 1531 0 131
1313 0 1531 0 130
1313 1 1531 0 130
1314 0 1531 0 131
1314 1 1531 0 131
1315 0 1531 0 132
1315 1 1531 0 130
1316 0 1530 0 129
1316 1 1530 0 129
1317 0 1530 0 130
1317 1 1530 0 130
1318 0 1529 0 129
1318 1 1529 0 129
1319 0 1529 0 130
1319 1 1529 0 130
1320 0 1529 0 131
1320 1 1529 0 131
1321 0 1529 0 130
1321 1 1529 0 128
1322 0 1529 0 128
1322 1 1529 0 128
1323 0 1529 0 129
1323 1 1529 0 129
1324 0 1529 0 129
1324 1 1529 0 129
1325 0 1529 0 130
1325 1 1529 0 130
1326 0 1529 0 131
1326 1 1529 0 131
1327 0 1529 0 132
1327 1 1529 0 132
1328 0 1529 0 130
1328 1 1529 0 130
1329 0 1528 0 129
1329 1 1528 0 129
1330 0 1528 0 130
1330 1 1528 0 130
1331 0 1528 0 129
1331 1 1528 0 129
1332 0 1528 0 128
1332 1 1528 0 128
1333 0 1528 0 129
1333 1 1528 0 129
1334 0 1528 0 130
1334 1 1528 0 130
1335 0 1528 0 131
1335 1 1528 0 129
1336 0 1528 0 130
1336 1 1528 0 130
1337 0 1528 0 129
1337 1 1528 0 129
1338 0 1528 0 130
1338 1 1528 0 130
1339 0 1528 0 131
1339 1 1528 0 131
1340 0 1528 0 130
1340 1 1528 0 130
1341 0 1528 0 131
1341 1 1528 0 129
1342 0 1528 0 130
1342 1 1528 0 130
1343 0 1528 0 131
1343 1 1528 0 130
1344 0 1528 0 131
1344 1 1528 0 131
1345 0 1526 0 128
1345 1 1526 0 128
1346 0 1526 0 129
1346 1 1526 0 129
1347 0 1526 0 130
1347 1 1526 0 130
1348 0 1526 0 129
1348 1 1526 0 129
1349 0 1526 0 130
1349 1 1525 0 127
1350 0 1525 0 128
1350 1 1525 0 128
1351 0 1525 0 129
1351 1 1525 0 129
1352 0 1525 0 129
1352 1 1525 0 129
1353 0 1525 0 130
1353 1 1525 0 130
1354 0 1525 0 131
1354 1 1525 0 131
1355 0 1525 0 132
1355 1 1525 0 132
1356 0 1525 0 133
1356 1 1525 0 133
1357 0 1525 0 134
1357 1 1525 0 134
1358 0 1525 0 135
1358 1 1525 0 135
1359 0 1525 0 136
1359 1 1525 0 136
1360 0 1525 0 137
1360 1 1524 0 135
1361 0 1524 0 136
1361 1 1524 0 134
1362 0 1524 0 134
1362 1 1524 0 134
1363 0 1524 0 135
1363 1 1524 0 135
1364 0 1524 0 136
1364 1 1524 0 134
1365 0 1524 0 135
1365 1 1524 0 135
1366 0 1524 0 136
1366 1 1524 0 136
1367 0 1524 0 137
1367 1 1523 0 134
1368 0 1523 0 135
1368 1 1523 0 135
1369 0 1523 0 136
1369 1 1523 0 136
1370 0 1523 0 137
1370 1 1523 0 137
1371 0 1523 0 138
1371 1 1523 0 136
1372 0 1523 0 137
1372 1 1523 0 137
1373 0 1523 0 138
1373 1 1523 0 138
1374 0 1523 0 139
1374 1 1523 0 137
1375 0 1523 0 138
1375 1 1523 0 138
1376 0 1523 0 139
1376 1 1523 0 139
1377 0 1523 0 138
1377 1 1523 0 138
1378 0 1523 0 139
1378 1 1523 0 139
1379 0 1522 0 136
1379 1 1522 0 136
1380 0 1522 0 137
1380 1 1522 0 135
1381 0 1522 0 136
1381 1 1522 0 136
1382 0 1522 0 137
1382 1 1522 0 137
1383 0 1522 0 138
1383 1 1522 0 138
1384 0 1522 0 139
1384 1 1522 0 139
1385 0 1522 0 139
1385 1 1522 0 139
1386 0 1522 0 140
1386 1 1521 0 138
1387 0 1521 0 139
1387 1 1521 0 139
1388 0 1521 0 140
1388 1 1521 0 137
1389 0 1521 0 138
1389 1 1521 0 138
1390 0 1521 0 139
1390 1 1521 0 139
1391 0 1521 0 140
1391 1 1521 0 138
1392 0 1521 0 139
1392 1 1521 0 139
1393 0 1520 0 138
1393 1 1520 0 138
1394 0 1520 0 137
1394 1 1520 0 135
1395 0 1520 0 136
1395 1 1520 0 136
1396 0 1520 0 137
1396 1 1520 0 137
1397 0 1520 0 136
1397 1 1519 0 134
1398 0 1519 0 135
1398 1 1519 0 135
1399 0 1519 0 135
1399 1 1519 0 135
1400 0 1519 0 136
1400 1 1518 0 134
1401 0 1518 0 135
1401 1 1517 0 133
1402 0 1517 0 134
1402 1 1517 0 134
1403 0 1517 0 135
1403 1 1517 0 133
1404 0 1517 0 132
1404 1 1517 0 132
1405 0 1517 0 133
1405 1 1517 0 133
1406 0 1517 0 134
1406 1 1517 0 134
1407 0 1517 0 135
1407 1 1517 0 135
1408 0 1516 0 134
1408 1 1516 0 134
1409 0 1516 0 135
1409 1 1516 0 135
1410 0 1516 0 134
1410 1 1516 0 132
1411 0 1516 0 131
1411 1 1516 0 131
1412 0 1516 0 132
1412 1 1516 0 132
1413 0 1516 0 133
1413 1 1516 0 133
1414 0 1516 0 134
1414 1 1516 0 134
1415 0 1516 0 135
1415 1 1516 0 135
1416 0 1516 0 134
1416 1 1516 0 134
1417 0 1516 0 134
1417 1 1516 0 134
1418 0 1516 0 135
1418 1 1516 0 135
1419 0 1516 0 136
1419 1 1516 0 135
1420 0 1516 0 136
1420 1 1516 0 136
1421 0 1516 0 137
1421 1 1516 0 135
1422 0 1516 0 136
1422 1 1516 0 134
1423 0 1515 0 133
1423 1 1515 0 133
1424 0 1515 0 132
1424 1 1514 0 130
1425 0 1514 0 131
1425 1 1514 0 131
1426 0 1514 0 132
1426 1 1514 0 130
1427 0 1514 0 131
1427 1 1514 0 131
1428 0 1514 0 131
1428 1 1514 0 131
1429 0 1514 0 132
1429 1 1514 0 131
1430 0 1513 0 130
1430 1 1513 0 130
1431 0 1512 0 128
1431 1 1512 0 128
1432 0 1512 0 129
1432 1 1512 0 129
1433 0 1512 0 130
1433 1 1512 0 130
1434 0 1512 0 131
1434 1 1512 0 131
1435 0 1512 0 131
1435 1 1512 0 131
1436 0 1512 0 132
1436 1 1512 0 132
1437 0 1512 0 133
1437 1 1512 0 131
1438 0 1512 0 132
1438 1 1512 0 132
1439 0 1512 0 133
1439 1 1512 0 133
1440 0 1512 0 134
1440 1 1512 0 131
1441 0 1512 0 132
1441 1 1512 0 132
1442 0 1512 0 133
1442 1 1512 0 133
1443 0 1512 0 134
1443 1 1512 0 134
1444 0 1512 0 135
1444 1 1512 0 135
1445 0 1512 0 135
1445 1 1512 0 135
1446 0 1512 0 136
1446 1 1512 0 133
1447 0 1512 0 132
1447 1 1512 0 132
1448 0 1512 0 133
1448 1 1512 0 133
1449 0 1512 0 134
1449 1 1512 0 134
1450 0 1512 0 135
1450 1 1512 0 135
1451 0 1512 0 136
1451 1 1512 0 136
1452 0 1512 0 137
1452 1 1512 0 137
1453 0 1512 0 138
1453 1 1512 0 136
1454 0 1512 0 137
1454 1 1512 0 137
1455 0 1512 0 138
1455 1 1512 0 138
1456 0 1512 0 135
1456 1 1512 0 135
1457 0 1512 0 136
1457 1 1512 0 136
1458 0 1512 0 137
1458 1 1512 0 137
1459 0 1511 0 136
1459 1 1511 0 136
1460 0 1511 0 134
1460 1 1511 0 134
1461 0 1511 0 133
1461 1 1511 0 133
1462 0 1511 0 132
1462 1 1511 0 132
1463 0 1511 0 133
1463 1 1511 0 133
1464 0 1511 0 134
1464 1 1511 0 134
1465 0 1511 0 135
1465 1 1511 0 133
1466 0 1511 0 134
1466 1 1511 0 132
1467 0 1511 0 133
1467 1 1511 0 133
1468 0 1511 0 134
1468 1 1511 0 134
1469 0 1511 0 135
1469 1 1511 0 133
1470 0 1511 0 134
1470 1 1511 0 134
1471 0 1511 0 135
1471 1 1511 0 135
1472 0 1511 0 133
1472 1 1511 0 133
1473 0 1511 0 132
1473 1 1511 0 132
1474 0 1511 0 133
1474 1 1511 0 133
1475 0 1511 0 134
1475 1 1511 0 133
1476 0 1511 0 134
1476 1 1511 0 134
1477 0 1511 0 135
1477 1 1511 0 135
1478 0 1511 0 136
1478 1 1511 0 136
1479 0 1511 0 135
1479 1 1511 0 135
1480 0 1511 0 134
1480 1 1511 0 134
1481 0 1511 0 133
1481 1 1511 0 133
1482 0 1511 0 132
1482 1 1511 0 132
1483 0 1511 0 133
1483 1 1511 0 131
1484 0 1511 0 132
1484 1 1511 0 130
1485 0 1511 0 131
1485 1 1511 0 131
1486 0 1511 0 130
1486 1 1511 0 130
1487 0 1511 0 131
1487 1 1511 0 131
1488 0 1511 0 132
1488 1 1511 0 132
1489 0 1511 0 133
1489 1 1511 0 133
1490 0 1511 0 134
1490 1 1511 0 134
1491 0 1511 0 135
1491 1 1511 0 133
1492 0 1511 0 134
1492 1 1511 0 134
1493 0 1511 0 133
1493 1 1511 0 133
1494 0 1511 0 134
1494 1 1511 0 134
1495 0 1511 0 133
1495 1 1511 0 133
1496 0 1511 0 132
1496 1 1511 0 132
1497 0 1511 0 133
1497 1 1511 0 133
1498 0 1511 0 134
1498 1 1511 0 134
1499 0 1511 0 135
1499 1 1511 0 135
1500 0 1511 0 136
1500 1 1511 0 134
1501 0 1511 0 135
1501 1 1511 0 135
1502 0 1511 0 136
1502 1 1511 0 134
1503 0 1511 0 135
1503 1 1511 0 135
1504 0 1511 0 136
1504 1 1511 0 134
1505 0 1511 0 135
1505 1 1511 0 135
1506 0 1511 0 136
1506 1 1511 0 136
1507 0 1511 0 137
1507 1 1511 0 137
1508 0 1511 0 138
1508 1 1511 0 138
1509 0 1511 0 139
1509 1 1511 0 139
1510 0 1511 0 140
1510 1 1511 0 138
1511 0 1511 0 139
1511 1 1511 0 139
1512 0 1510 0 138
1512 1 1510 0 138
1513 0 1510 0 138
1513 1 1510 0 138
1514 0 1510 0 137
1514 1 1510 0 137
1515 0 1510 0 138
1515 1 1510 0 138
1516 0 1510 0 139
1516 1 1510 0 139
1517 0 1510 0 140
1517 1 1510 0 140
1518 0 1510 0 137
1518 1 1510 0 137
1519 0 1510 0 138
1519 1 1510 0 138
1520 0 1510 0 138
1520 1 1510 0 138
1521 0 1510 0 139
1521 1 1510 0 137
1522 0 1510 0 138
1522 1 1510 0 138
1523 0 1510 0 139
1523 1 1510 0 137
1524 0 1510 0 138
1524 1 1510 0 138
1525 0 1510 0 139
1525 1 1510 0 139
1526 0 1510 0 137
1526 1 1510 0 137
1527 0 1510 0 138
1527 1 1510 0 138
1528 0 1510 0 139
1528 1 1510 0 139
1529 0 1510 0 138
1529 1 1510 0 138
1530 0 1510 0 137
1530 1 1510 0 137
1531 0 1510 0 138
1531 1 1510 0 138
1532 0 1510 0 139
1532 1 1510 0 139
1533 0 1510 0 138
1533 1 1510 0 138
1534 0 1510 0 137
1534 1 1510 0 137
1535 0 1510 0 136
1535 1 1510 0 136
1536 0 1510 0 135
1536 1 1510 0 135
1537 0 1510 0 136
1537 1 1510 0 136
1538 0 1510 0 135
1538 1 1510 0 135
1539 0 1510 0 136
1539 1 1510 0 136
1540 0 1510 0 137
1540 1 1510 0 137
1541 0 1510 0 136
1541 1 1510 0 136
1542 0 1510 0 137
1542 1 1510 0 137
1543 0 1510 0 138
1543 1 1510 0 136
1544 0 1510 0 137
1544 1 1510 0 137
1545 0 1510 0 138
1545 1 1510 0 138
1546 0 1510 0 139
1546 1 1510 0 139
1547 0 1510 0 138
1547 1 1510 0 138
1548 0 1510 0 139
1548 1 1510 0 139
1549 0 1510 0 140
1549 1 1510 0 140
1550 0 1510 0 141
1550 1 1510 0 139
1551 0 1510 0 140
1551 1 1510 0 140
1552 0 1510 0 139
1552 1 1510 0 139
1553 0 1509 0 138
1553 1 1509 0 138
1554 0 1509 0 139
1554 1 1509 0 139
1555 0 1509 0 140
1555 1 1509 0 140
1556 0 1509 0 141
1556 1 1509 0 139
1557 0 1509 0 140
1557 1 1508 0 138
1558 0 1508 0 139
1558 1 1508 0 137
1559 0 1507 0 136
1559 1 1507 0 136
1560 0 1507 0 137
1560 1 1507 0 136
1561 0 1507 0 137
1561 1 1507 0 137
1562 0 1507 0 136
1562 1 1507 0 136
1563 0 1507 0 137
1563 1 1507 0 137
1564 0 1507 0 138
1564 1 1507 0 138
1565 0 1507 0 139
1565 1 1507 0 139
1566 0 1507 0 138
1566 1 1507 0 138
1567 0 1507 0 137
1567 1 1507 0 137
1568 0 1507 0 138
1568 1 1507 0 136
1569 0 1507 0 137
1569 1 1507 0 135
1570 0 1507 0 136
1570 1 1507 0 136
1571 0 1507 0 135
1571 1 1507 0 135
1572 0 1507 0 134
1572 1 1507 0 134
1573 0 1507 0 135
1573 1 1507 0 135
1574 0 1507 0 134
1574 1 1507 0 134
1575 0 1507 0 134
1575 1 1507 0 134
1576 0 1507 0 135
1576 1 1507 0 135
1577 0 1507 0 136
1577 1 1506 0 134
1578 0 1506 0 135
1578 1 1506 0 135
1579 0 1506 0 136
1579 1 1506 0 136
1580 0 1506 0 137
1580 1 1506 0 135
1581 0 1506 0 136
1581 1 1506 0 136
1582 0 1506 0 137
1582 1 1505 0 135
1583 0 1505 0 136
1583 1 1505 0 136
1584 0 1505 0 137
1584 1 1505 0 137
1585 0 1505 0 136
1585 1 1505 0 136
1586 0 1505 0 137
1586 1 1505 0 137
1587 0 1505 0 138
1587 1 1505 0 138
1588 0 1505 0 139
1588 1 1505 0 139
1589 0 1505 0 140
1589 1 1505 0 140
1590 0 1505 0 141
1590 1 1505 0 141
1591 0 1505 0 142
1591 1 1505 0 142
1592 0 1505 0 143
1592 1 1505 0 143
1593 0 1505 0 143
1593 1 1505 0 143
1594 0 1505 0 144
1594 1 1505 0 144
1595 0 1505 0 145
1595 1 1505 0 143
1596 0 1505 0 144
1596 1 1505 0 142
1597 0 1505 0 143
1597 1 1505 0 141
1598 0 1505 0 140
1598 1 1505 0 140
1599 0 1505 0 141
1599 1 1505 0 141
1600 0 1505 0 141
1600 1 1505 0 139
1601 0 1505 0 140
1601 1 1505 0 140
1602 0 1505 0 141
1602 1 1505 0 141
1603 0 1505 0 140
1603 1 1505 0 138
1604 0 1505 0 139
1604 1 1505 0 139
1605 0 1505 0 138
1605 1 1505 0 138
1606 0 1504 0 133
1606 1 1504 0 133
1607 0 1504 0 134
1607 1 1504 0 132
1608 0 1504 0 133
1608 1 1504 0 133
1609 0 1504 0 134
1609 1 1504 0 134
1610 0 1504 0 135
1610 1 1504 0 135
1611 0 1503 0 133
1611 1 1503 0 133
1612 0 1503 0 134
1612 1 1503 0 134
1613 0 1503 0 135
1613 1 1503 0 135
1614 0 1503 0 136
1614 1 1503 0 136
1615 0 1503 0 137
1615 1 1503 0 137
1616 0 1503 0 138
1616 1 1503 0 136
1617 0 1503 0 137
1617 1 1503 0 137
1618 0 1503 0 136
1618 1 1503 0 136
1619 0 1503 0 137
1619 1 1503 0 135
1620 0 1503 0 136
1620 1 1503 0 136
1621 0 1503 0 137
1621 1 1503 0 137
1622 0 1503 0 138
1622 1 1503 0 138
1623 0 1503 0 139
1623 1 1503 0 139
1624 0 1503 0 138
1624 1 1503 0 138
1625 0 1503 0 139
1625 1 1502 0 137
1626 0 1502 0 138
1626 1 1502 0 138
