1 2880 0 0
2 2880 0 0
3 2880 0 0
4 2880 0 0
5 2880 0 0
6 2880 0 0
7 2880 0 0
8 2880 0 0
9 2880 0 0
10 2880 0 0
11 2880 0 0
12 2880 0 0
13 2880 0 0
14 2880 0 0
15 2880 0 0
16 2880 0 0
17 2880 0 0
18 2880 0 0
19 2880 0 0
20 2880 0 0
21 2879 0 0
22 2879 0 0
23 2879 0 0
24 2879 0 0
25 2879 0 0
26 2879 0 0
27 2879 0 0
28 2879 0 0
29 2879 0 0
30 2879 0 0
31 2879 0 0
32 2879 0 0
33 2873 0 0
34 2873 0 0
35 2873 0 0
36 2872 0 0
37 2872 0 0
38 2871 0 0
39 2871 0 0
40 2871 0 0
41 2871 0 0
42 2871 0 0
43 2871 0 0
44 2871 0 0
45 2871 0 0
46 2871 0 0
47 2871 0 0
48 2871 0 0
49 2871 0 0
50 2871 0 0
51 2871 0 0
52 2871 0 0
53 2871 0 0
54 2871 0 0
55 2871 0 0
56 2871 0 0
57 2871 0 0
58 2871 0 0
59 2871 0 0
60 2871 0 0
61 2871 0 0
62 2871 0 0
63 2868 0 0
64 2868 0 0
65 2868 0 0
66 2868 0 0
67 2868 0 0
68 2868 0 0
69 2868 0 0
70 2868 0 0
71 2865 0 0
72 2865 0 0
73 2865 0 0
74 2865 0 0
75 2865 0 0
76 2865 0 0
77 2865 0 0
78 2865 0 0
79 2865 0 0
80 2865 0 0
81 2865 0 0
82 2865 0 0
83 2865 0 0
84 2865 0 0
85 2865 0 0
86 2864 0 0
87 2864 0 0
88 2864 0 0
89 2864 0 0
90 2864 0 0
91 2864 0 0
92 2864 0 0
93 2864 0 0
94 2864 0 0
95 2864 0 0
96 2864 0 0
97 2864 0 0
98 2864 0 0
99 2864 0 0
100 2864 0 0
101 2864 0 0
102 2864 0 0
103 2864 0 0
104 2864 0 0
105 2864 0 0
106 2864 0 0
107 2864 0 0
108 2864 0 0
109 2864 0 0
110 2864 0 0
111 2864 0 0
112 2864 0 0
113 2864 0 0
114 2864 0 0
115 2864 0 0
116 2864 0 0
117 2864 0 0
118 2864 0 0
119 2864 0 0
120 2864 0 0
121 2864 0 0
122 2864 0 0
123 2864 0 0
124 2864 0 0
125 2864 0 0
126 2864 0 0
127 2864 0 0
128 2864 0 0
129 2864 0 0
130 2864 0 0
131 2864 0 0
132 2864 0 0
133 2864 0 0
134 2864 0 0
135 2864 0 0
136 2864 0 0
137 2864 0 0
138 2864 0 0
139 2864 0 0
140 2861 0 0
141 2861 0 0
142 2861 0 0
143 2861 0 0
144 2861 0 0
145 2861 0 0
146 2861 0 0
147 2861 0 0
148 2861 0 0
149 2861 0 0
150 2861 0 0
151 2861 0 0
152 2861 0 0
153 2861 0 0
154 2861 0 0
155 2861 0 0
156 2861 0 0
157 2861 0 0
158 2861 0 0
159 2861 0 0
160 2861 0 0
161 2859 0 0
162 2859 0 0
163 2859 0 0
164 2859 0 0
165 2859 0 0
166 2859 0 0
167 2859 0 0
168 2859 0 0
169 2859 0 0
170 2859 0 0
171 2859 0 0
172 2859 0 0
173 2859 0 0
174 2859 0 0
175 2859 0 0
176 2859 0 0
177 2857 0 0
178 2857 0 0
179 2857 0 0
180 2857 0 0
181 2857 0 0
182 2857 0 0
183 2857 0 0
184 2857 0 0
185 2857 0 0
186 2854 0 0
187 2851 0 0
188 2851 0 0
189 2851 0 0
190 2851 0 0
191 2851 0 0
192 2851 0 0
193 2851 0 0
194 2851 0 0
195 2851 0 0
196 2851 0 0
197 2851 0 0
198 2851 0 0
199 2851 0 0
200 2851 0 0
201 2851 0 0
202 2851 0 0
203 2851 0 0
204 2851 0 0
205 2851 0 0
206 2851 0 0
207 2851 0 0
208 2851 0 0
209 2851 0 0
210 2851 0 0
211 2851 0 0
212 2851 0 0
213 2851 0 0
214 2851 0 0
215 2851 0 0
216 2851 0 0
217 2850 0 0
218 2850 0 0
219 2850 0 0
220 2850 0 0
221 2850 0 0
222 2850 0 0
223 2850 0 0
224 2850 0 0
225 2850 0 0
226 2850 0 0
227 2850 0 0
228 2849 0 0
229 2849 0 0
230 2849 0 0
