0 0 1890 0 0
1 0 1890 0 90
1 2160 0 90
2 2160 0 89
3 2160 0 89
4 2160 0 89
5 2160 0 88
6 2160 0 87
7 2160 0 87
8 2160 0 87
9 2160 0 87
10 2160 0 87
11 2160 0 86
12 2160 0 86
13 2160 0 85
14 2160 0 85
15 2160 0 85
16 2160 0 85
17 2160 0 85
18 2160 0 84
19 2160 0 84
20 2160 0 84
21 2160 0 85
22 2160 0 85
23 2160 0 84
24 2160 0 84
25 2160 0 84
26 2160 0 84
27 2160 0 85
28 2160 0 84
29 2160 0 83
30 2160 0 84
31 2160 0 84
32 2160 0 85
33 2160 0 86
34 2160 0 86
35 2160 0 87
36 2160 0 86
37 2160 0 87
38 2160 0 86
39 2160 0 85
40 2160 0 82
41 2160 0 81
42 2160 0 81
43 2160 0 81
44 2160 0 80
45 2160 0 80
46 2160 0 80
47 2160 0 79
48 2160 0 79
49 2160 0 78
50 2160 0 77
51 2160 0 77
52 2160 0 77
53 2160 0 77
54 2160 0 76
55 2160 0 75
56 2160 0 76
57 2160 0 77
58 2160 0 77
59 2160 0 76
60 2160 0 76
61 2160 0 77
62 2160 0 77
63 2160 0 77
64 2160 0 77
65 2160 0 78
66 2160 0 77
67 2160 0 77
68 2160 0 76
69 2160 0 76
70 2160 0 76
71 2160 0 75
72 2160 0 76
73 2160 0 76
74 2160 0 76
75 2160 0 76
76 2160 0 76
77 2160 0 76
78 2160 0 75
79 2160 0 76
80 2160 0 75
81 2160 0 75
82 2160 0 74
83 2160 0 74
84 2160 0 73
85 2160 0 72
86 2160 0 72
87 2160 0 71
88 2160 0 72
89 2160 0 71
90 2160 0 71
91 2160 0 71
92 2160 0 72
93 2160 0 72
94 2160 0 73
95 2160 0 74
96 2160 0 75
97 2160 0 76
98 2160 0 77
99 2160 0 76
100 2160 0 75
101 2160 0 75
102 2160 0 76
103 2160 0 76
104 2160 0 77
105 2160 0 76
106 2160 0 77
107 2160 0 76
108 2160 0 76
109 2160 0 77
110 2160 0 78
111 2160 0 78
112 2160 0 79
113 2160 0 79
114 2160 0 79
115 2160 0 79
116 2160 0 79
117 2160 0 79
118 2160 0 79
119 2160 0 79
120 2160 0 78
121 2160 0 78
122 2160 0 77
123 2160 0 77
124 2160 0 76
125 2160 0 76
126 2160 0 76
127 2160 0 76
128 2160 0 77
129 2160 0 77
130 2160 0 77
131 2160 0 78
132 2160 0 79
133 2160 0 79
134 2160 0 79
135 2160 0 79
136 2160 0 79
137 2160 0 78
138 2160 0 78
139 2160 0 78
140 2160 0 77
141 2160 0 78
142 2160 0 78
143 2160 0 78
144 2160 0 79
145 2160 0 78
146 2160 0 77
147 2160 0 76
148 2160 0 76
149 2160 0 77
150 2160 0 76
151 2160 0 77
152 2160 0 77
153 2160 0 78
154 2160 0 79
155 2160 0 78
156 2160 0 78
157 2160 0 77
158 2160 0 76
159 2160 0 75
160 2160 0 75
161 2160 0 76
162 2160 0 76
163 2160 0 76
164 2160 0 76
165 2160 0 76
166 2160 0 76
167 2160 0 76
168 2160 0 76
169 2160 0 76
170 2160 0 77
171 2160 0 77
172 2160 0 77
173 2160 0 77
174 2160 0 78
175 2160 0 79
176 2160 0 80
177 2160 0 80
178 2160 0 81
179 2160 0 81
180 2160 0 81
181 2160 0 81
182 2160 0 81
183 2160 0 82
184 2160 0 82
185 2160 0 83
186 2160 0 83
187 2160 0 83
188 2160 0 82
189 2160 0 82
190 2160 0 82
191 2160 0 81
192 2160 0 81
193 2160 0 82
194 2160 0 82
195 2160 0 83
196 2160 0 82
197 2160 0 82
198 2160 0 81
199 2160 0 81
200 2160 0 81
201 2160 0 82
202 2160 0 82
203 2160 0 82
204 2160 0 83
205 2160 0 84
206 2160 0 84
207 2160 0 84
208 2160 0 85
209 2160 0 86
210 2160 0 85
211 2160 0 86
212 2160 0 87
213 2160 0 88
214 2160 0 88
215 2160 0 88
216 2160 0 89
217 2160 0 87
218 2160 0 86
219 2160 0 87
220 2160 0 87
221 2160 0 86
222 2160 0 85
223 2160 0 86
224 2160 0 87
225 2160 0 86
226 2160 0 87
227 2160 0 88
228 2160 0 88
229 2160 0 87
230 2160 0 87
231 2160 0 87
232 2160 0 87
233 2160 0 87
234 2160 0 88
235 2160 0 88
236 2160 0 88
237 2160 0 88
238 2160 0 87
239 2160 0 87
240 2160 0 86
241 2160 0 87
242 2160 0 87
243 2160 0 88
244 2160 0 87
245 2160 0 87
246 2160 0 86
247 2160 0 86
248 2160 0 86
249 2160 0 86
250 2160 0 86
251 2160 0 87
252 2160 0 86
253 2160 0 86
254 2160 0 86
255 2160 0 85
256 2160 0 84
257 2160 0 84
258 2160 0 84
259 2160 0 84
260 2160 0 84
261 2160 0 84
262 2160 0 83
263 2160 0 83
264 2160 0 83
265 2160 0 84
266 2160 0 84
267 2160 0 85
268 2160 0 85
269 2160 0 86
270 2160 0 86
271 2160 0 85
272 2160 0 85
273 2160 0 85
274 2160 0 85
275 2160 0 85
276 2160 0 86
277 2160 0 86
278 2160 0 85
279 2160 0 85
280 2160 0 84
281 2160 0 84
282 2160 0 85
283 2160 0 85
284 2160 0 86
285 2160 0 87
286 2160 0 87
287 2160 0 88
288 2160 0 88
289 2160 0 88
290 2160 0 89
291 2160 0 86
292 2160 0 86
293 2160 0 87
294 2160 0 86
295 2160 0 86
296 2160 0 87
297 2160 0 87
298 2160 0 87
299 2160 0 86
300 2160 0 85
301 2160 0 85
302 2160 0 85
303 2160 0 85
304 2160 0 85
305 2160 0 86
306 2160 0 86
307 2160 0 86
308 2160 0 85
309 2160 0 86
310 2160 0 86
311 2160 0 86
312 2160 0 86
313 2160 0 86
314 2160 0 87
315 2160 0 87
316 2160 0 87
317 2160 0 86
318 2160 0 87
319 2160 0 87
320 2160 0 87
321 2160 0 87
322 2160 0 87
323 2160 0 86
324 2160 0 86
325 2160 0 86
326 2160 0 85
327 2160 0 85
328 2160 0 86
329 2160 0 87
330 2160 0 87
331 2160 0 87
332 2160 0 88
333 2160 0 87
334 2160 0 87
335 2160 0 87
336 2160 0 86
337 2160 0 86
338 2160 0 86
339 2160 0 86
340 2160 0 85
341 2160 0 85
342 2160 0 84
343 2160 0 83
344 2160 0 83
345 2160 0 83
346 2160 0 83
347 2160 0 82
348 2160 0 82
349 2160 0 82
350 2160 0 82
351 2160 0 82
352 2160 0 81
353 2160 0 80
354 2160 0 81
355 2160 0 81
356 2160 0 81
357 2160 0 82
358 2160 0 82
359 2160 0 82
360 2160 0 83
361 2160 0 83
362 2160 0 84
363 2160 0 84
364 2160 0 84
365 2160 0 83
366 2160 0 83
367 2160 0 83
368 2160 0 83
369 2160 0 82
370 2160 0 82
371 2160 0 82
372 2160 0 83
373 2160 0 84
374 2160 0 84
375 2160 0 85
376 2160 0 84
377 2160 0 84
378 2160 0 83
379 2160 0 84
380 2160 0 84
381 2160 0 83
382 2160 0 84
383 2160 0 84
384 2160 0 84
385 2160 0 84
386 2160 0 83
387 2160 0 83
388 2160 0 83
389 2160 0 83
390 2160 0 83
391 2160 0 83
392 2160 0 82
393 2160 0 81
394 2160 0 80
395 2160 0 79
396 2160 0 80
397 2160 0 80
398 2160 0 80
399 2160 0 80
400 2160 0 81
401 2160 0 81
402 2160 0 81
403 2160 0 80
404 2160 0 81
405 2160 0 82
406 2160 0 81
407 2160 0 80
408 2160 0 79
409 2160 0 80
410 2160 0 80
411 2160 0 80
412 2160 0 79
413 2160 0 79
414 2160 0 79
415 2160 0 78
416 2160 0 78
417 2160 0 79
418 2160 0 78
419 2160 0 79
420 2160 0 78
421 2160 0 78
422 2160 0 79
423 2160 0 79
424 2160 0 78
425 2160 0 77
426 2160 0 76
427 2160 0 76
428 2160 0 77
429 2160 0 77
430 2160 0 78
431 2160 0 79
432 2160 0 78
433 2160 0 78
434 2160 0 78
435 2160 0 78
436 2160 0 79
437 2160 0 79
438 2160 0 78
439 2160 0 77
440 2160 0 78
441 2160 0 78
442 2160 0 78
443 2160 0 79
444 2160 0 78
445 2160 0 79
446 2160 0 79
447 2160 0 80
448 2160 0 81
449 2160 0 80
450 2160 0 81
451 2160 0 81
452 2160 0 82
453 2160 0 81
454 2160 0 80
455 2160 0 80
456 2160 0 81
457 2160 0 79
458 2160 0 78
459 2160 0 79
460 2160 0 79
461 2160 0 79
462 2160 0 79
463 2160 0 80
464 2160 0 81
465 2160 0 81
466 2160 0 82
467 2160 0 81
468 2160 0 81
469 2160 0 82
470 2160 0 82
471 2160 0 81
472 2160 0 81
473 2160 0 81
474 2160 0 80
475 2160 0 81
476 2160 0 80
477 2160 0 80
478 2160 0 80
479 2160 0 80
480 2160 0 79
481 2160 0 80
482 2160 0 81
483 2160 0 81
484 2160 0 81
485 2160 0 82
486 2160 0 81
487 2160 0 80
488 2160 0 80
489 2160 0 80
490 2160 0 80
491 2160 0 79
492 2160 0 79
493 2160 0 79
494 2160 0 79
495 2160 0 78
496 2160 0 78
497 2160 0 78
498 2160 0 79
499 2160 0 79
500 2160 0 79
501 2160 0 80
502 2160 0 80
503 2160 0 80
504 2160 0 81
505 2160 0 81
506 2160 0 81
507 2160 0 80
508 2160 0 81
509 2160 0 82
510 2160 0 81
511 2160 0 81
512 2160 0 82
513 2160 0 82
514 2160 0 82
515 2160 0 83
516 2160 0 84
517 2160 0 83
518 2160 0 83
519 2160 0 83
520 2160 0 84
521 2160 0 83
522 2160 0 84
523 2160 0 84
524 2160 0 84
525 2160 0 83
526 2160 0 84
527 2160 0 84
528 2160 0 85
529 2160 0 86
530 2160 0 86
531 2160 0 86
532 2160 0 86
533 2160 0 87
534 2160 0 87
535 2160 0 87
536 2160 0 87
537 2160 0 87
538 2160 0 87
539 2160 0 86
540 2160 0 87
541 2160 0 87
542 2160 0 87
543 2160 0 87
544 2160 0 86
545 2160 0 86
546 2160 0 86
547 2160 0 86
548 2160 0 86
549 2160 0 87
550 2160 0 87
551 2160 0 87
552 2160 0 87
553 2160 0 87
554 2160 0 87
555 2160 0 87
556 2160 0 87
557 2160 0 87
558 2160 0 87
559 2160 0 87
560 2160 0 87
561 2160 0 87
562 2160 0 87
563 2160 0 87
564 2160 0 87
565 2160 0 87
566 2160 0 86
567 2160 0 86
568 2160 0 86
569 2160 0 87
570 2160 0 86
571 2160 0 85
572 2160 0 85
573 2160 0 85
574 2160 0 85
575 2160 0 86
576 2160 0 86
577 2160 0 85
578 2160 0 85
579 2160 0 85
580 2160 0 85
581 2160 0 85
582 2160 0 84
583 2160 0 83
584 2160 0 83
585 2160 0 83
586 2160 0 83
587 2160 0 83
588 2160 0 84
589 2160 0 85
590 2160 0 84
591 2160 0 83
592 2160 0 83
593 2160 0 83
594 2160 0 84
595 2160 0 85
596 2160 0 84
597 2160 0 84
598 2160 0 84
599 2160 0 84
600 2160 0 83
601 2160 0 83
602 2160 0 83
603 2160 0 84
604 2160 0 84
605 2160 0 85
606 2160 0 85
607 2160 0 85
608 2160 0 84
609 2160 0 85
610 2160 0 85
611 2160 0 84
612 2160 0 85
613 2160 0 85
614 2160 0 86
615 2160 0 85
616 2160 0 85
617 2160 0 85
618 2160 0 85
619 2160 0 84
620 2160 0 83
621 2160 0 83
622 2160 0 82
623 2160 0 82
624 2160 0 82
625 2160 0 81
626 2160 0 82
627 2160 0 83
628 2160 0 84
629 2160 0 84
630 2160 0 84
631 2160 0 84
632 2160 0 83
633 2160 0 82
634 2160 0 82
635 2160 0 83
636 2160 0 82
637 2160 0 83
638 2160 0 84
639 2160 0 85
640 2160 0 84
641 2160 0 83
642 2160 0 83
643 2160 0 84
644 2160 0 84
645 2160 0 84
646 2160 0 83
647 2160 0 84
648 2160 0 84
649 2160 0 85
650 2160 0 85
651 2160 0 85
652 2160 0 85
653 2160 0 85
654 2160 0 85
655 2160 0 84
656 2160 0 84
657 2160 0 83
658 2160 0 83
659 2160 0 82
660 2160 0 82
661 2160 0 82
662 2160 0 83
663 2160 0 83
664 2160 0 83
665 2160 0 82
666 2160 0 81
667 2160 0 81
668 2160 0 81
669 2160 0 82
670 2160 0 82
671 2160 0 82
672 2160 0 82
673 2160 0 82
674 2160 0 82
675 2160 0 82
676 2160 0 82
677 2160 0 82
678 2160 0 83
679 2160 0 82
680 2160 0 82
681 2160 0 82
682 2160 0 83
683 2160 0 83
684 2160 0 84
685 2160 0 85
686 2160 0 85
687 2160 0 84
688 2160 0 85
689 2160 0 86
690 2160 0 85
691 2160 0 85
692 2160 0 85
693 2160 0 84
694 2160 0 85
695 2160 0 85
696 2160 0 86
697 2160 0 86
698 2160 0 86
699 2160 0 85
700 2160 0 85
701 2160 0 85
702 2160 0 84
703 2160 0 84
704 2160 0 84
705 2160 0 84
706 2160 0 83
707 2160 0 84
708 2160 0 84
709 2160 0 85
710 2160 0 86
711 2160 0 86
712 2160 0 85
