0 0 1216 0 0
1 1216 0 0
2 1216 0 0
3 1216 0 0
4 1216 0 0
5 1216 0 0
6 1216 0 0
7 1216 0 0
8 1216 0 0
9 1216 0 0
10 1216 0 0
11 1216 0 0
12 1216 0 0
13 1216 0 0
14 1216 0 0
15 1216 0 0
16 1216 0 0
17 1216 0 0
18 1216 0 0
19 1216 0 0
20 1216 0 0
21 1216 0 0
22 1216 0 0
23 1216 0 0
24 1216 0 0
25 1216 0 0
26 1216 0 0
27 1216 0 0
28 1216 0 0
29 1216 0 0
30 1216 0 0
31 1216 0 0
32 1216 0 0
33 1216 0 0
34 1216 0 0
35 1216 0 0
36 1216 0 0
37 1216 0 0
38 1216 0 0
39 1216 0 0
40 1216 0 0
41 1216 0 0
42 1216 0 0
43 1216 0 0
44 1216 0 0
45 1216 0 0
46 1216 0 0
47 1216 0 0
48 1216 0 0
49 1216 0 0
50 1216 0 0
51 1216 0 0
52 1216 0 0
53 1216 0 0
54 1216 0 0
55 1216 0 0
56 1216 0 0
57 1216 0 0
58 1216 0 0
59 1216 0 0
60 1216 0 0
61 1216 0 0
62 1216 0 0
63 1216 0 0
64 1216 0 0
65 1216 0 0
66 1216 0 0
67 1216 0 0
68 1216 0 0
69 1216 0 0
70 1216 0 0
71 1216 0 0
72 1216 0 0
73 1216 0 0
74 1216 0 0
75 1216 0 0
76 1216 0 0
77 1216 0 0
78 1216 0 0
79 1216 0 0
80 1216 0 0
81 1216 0 0
82 1216 0 0
83 1216 0 0
84 1216 0 0
85 1216 0 0
86 1216 0 0
87 1216 0 0
88 1216 0 0
89 1216 0 0
90 1216 0 0
91 1216 0 0
92 1216 0 0
93 1216 0 0
94 1216 0 0
95 1216 0 0
96 1216 0 0
97 1216 0 0
98 1216 0 0
99 1216 0 0
100 1216 0 0
101 1216 0 0
102 1216 0 0
103 1216 0 0
104 1216 0 0
105 1216 0 0
106 1216 0 0
107 1216 0 0
108 1216 0 0
109 1216 0 0
110 1216 0 0
111 1216 0 0
112 1216 0 0
113 1216 0 0
114 1216 0 0
115 1216 0 0
116 1216 0 0
117 1216 0 0
118 1216 0 0
119 1216 0 0
120 1216 0 0
121 1216 0 0
122 1216 0 0
123 1216 0 0
124 1216 0 0
125 1216 0 0
126 1216 0 0
127 1216 0 0
128 1216 0 0
129 1216 0 0
130 1216 0 0
131 1216 0 0
132 1216 0 0
133 1216 0 0
134 1216 0 0
135 1216 0 0
136 1216 0 0
137 1216 0 0
138 1216 0 0
139 1216 0 0
140 1216 0 0
141 1216 0 0
142 1216 0 0
143 1216 0 0
144 1216 0 0
145 1216 0 0
146 1216 0 0
147 1216 0 0
148 1216 0 0
149 1216 0 0
150 1216 0 0
151 1216 0 0
152 1216 0 0
153 1216 0 0
154 1216 0 0
155 1216 0 0
156 1216 0 0
157 1216 0 0
158 1216 0 0
159 1216 0 0
160 1216 0 0
161 1216 0 0
162 1216 0 0
163 1216 0 0
164 1216 0 0
165 1216 0 0
166 1216 0 0
167 1216 0 0
168 1216 0 0
169 1216 0 0
170 1216 0 0
171 1216 0 0
172 1216 0 0
173 1216 0 0
174 1216 0 0
175 1216 0 0
176 1216 0 0
177 1216 0 0
178 1216 0 0
179 1216 0 0
180 1216 0 0
181 1216 0 0
182 1216 0 0
183 1216 0 0
184 1216 0 0
185 1216 0 0
186 1216 0 0
187 1216 0 0
188 1216 0 0
189 1216 0 0
190 1216 0 0
191 1216 0 0
192 1216 0 0
193 1216 0 0
194 1216 0 0
195 1216 0 0
196 1216 0 0
197 1216 0 0
198 1216 0 0
199 1216 0 0
200 1216 0 0
201 1216 0 0
202 1216 0 0
203 1216 0 0
204 1216 0 0
205 1216 0 0
206 1216 0 0
207 1216 0 0
208 1216 0 0
209 1216 0 0
210 1216 0 0
211 1216 0 0
212 1216 0 0
213 1216 0 0
214 1216 0 0
215 1216 0 0
216 1216 0 0
217 1216 0 0
218 1216 0 0
219 1216 0 0
220 1216 0 0
221 1216 0 0
222 1216 0 0
223 1216 0 0
224 1216 0 0
225 1216 0 0
226 1216 0 0
227 1216 0 0
228 1216 0 0
229 1216 0 0
230 1216 0 0
231 1216 0 0
232 1216 0 0
233 1216 0 0
234 1216 0 0
235 1216 0 0
236 1216 0 0
237 1216 0 0
238 1216 0 0
239 1216 0 0
240 1216 0 0
241 1216 0 0
242 1216 0 0
243 1216 0 0
244 1216 0 0
245 1216 0 0
246 1216 0 0
247 1216 0 0
248 1216 0 0
249 1216 0 0
250 1216 0 0
251 1216 0 0
252 1216 0 0
253 1216 0 0
254 1216 0 0
255 1216 0 0
256 1216 0 0
257 1216 0 0
258 1216 0 0
259 1216 0 0
260 1216 0 0
261 1216 0 0
262 1216 0 0
263 1216 0 0
264 1216 0 0
265 1216 0 0
266 1216 0 0
267 1216 0 0
268 1216 0 0
269 1216 0 0
270 1216 0 0
271 1216 0 0
272 0 1214 0 0
272 1342 0 0
273 1342 0 0
274 1342 0 0
275 1342 0 0
276 1342 0 0
277 1342 0 0
278 1342 0 0
279 1342 0 0
280 1342 0 0
281 1342 0 0
282 1342 0 0
283 1342 0 0
284 1342 0 0
285 1342 0 0
286 1342 0 0
287 1342 0 0
288 1342 0 0
289 1342 0 0
290 1342 0 0
291 1342 0 0
292 1342 0 0
293 1342 0 0
294 1342 0 0
295 1342 0 0
296 1342 0 0
297 1342 0 0
298 1342 0 0
299 1342 0 0
300 1342 0 0
301 1342 0 0
302 1342 0 0
303 1342 0 0
304 1342 0 0
305 1342 0 0
306 1342 0 0
307 1342 0 0
308 1342 0 0
309 1342 0 0
310 1342 0 0
311 1342 0 0
312 1342 0 0
313 1342 0 0
314 1342 0 0
315 1342 0 0
316 1342 0 0
317 1342 0 0
318 1342 0 0
319 1342 0 0
320 1342 0 0
321 1342 0 0
322 1342 0 0
323 1342 0 0
324 1342 0 0
325 1342 0 0
326 1342 0 0
327 1342 0 0
328 1342 0 0
329 1342 0 0
330 1342 0 0
331 1342 0 0
332 1342 0 0
333 1342 0 0
334 1342 0 0
335 1342 0 0
336 1342 0 0
337 1342 0 0
338 1342 0 0
339 1342 0 0
340 1342 0 0
341 1342 0 0
342 1342 0 0
343 1342 0 0
344 1342 0 0
345 1342 0 0
346 1342 0 0
347 1342 0 0
348 1342 0 0
349 1342 0 0
350 1342 0 0
351 1342 0 0
352 1342 0 0
353 1342 0 0
354 1342 0 0
355 1342 0 0
356 1342 0 0
357 1342 0 0
358 1342 0 0
359 1342 0 0
360 1342 0 0
361 1342 0 0
362 1342 0 0
363 1342 0 0
364 1342 0 0
365 1342 0 0
366 1342 0 0
367 1342 0 0
368 1342 0 0
369 1342 0 0
370 1342 0 0
371 1342 0 0
372 1342 0 0
373 1342 0 0
374 1342 0 0
375 1342 0 0
376 1342 0 0
377 1342 0 0
378 1342 0 0
379 1342 0 0
380 1342 0 0
381 1342 0 0
382 1342 0 0
383 1342 0 0
384 1342 0 0
385 1342 0 0
386 1342 0 0
387 1342 0 0
388 1342 0 0
389 1342 0 0
390 1342 0 0
391 1342 0 0
392 1342 0 0
393 1342 0 0
394 1342 0 0
395 1342 0 0
396 1342 0 0
397 1342 0 0
398 1342 0 0
399 1342 0 0
400 1342 0 0
401 1342 0 0
402 1342 0 0
403 1342 0 0
404 1342 0 0
405 1342 0 0
406 1342 0 0
407 1342 0 0
408 1342 0 0
409 1342 0 0
410 1342 0 0
411 1342 0 0
412 1342 0 0
413 1342 0 0
414 1342 0 0
415 1342 0 0
416 1342 0 0
417 1342 0 0
418 1342 0 0
419 1342 0 0
420 1342 0 0
421 1342 0 0
422 1342 0 0
423 1342 0 0
424 1342 0 0
425 1342 0 0
426 1342 0 0
427 1342 0 0
428 1342 0 0
429 1342 0 0
430 1342 0 0
431 1342 0 0
432 1342 0 0
433 1342 0 0
434 1342 0 0
435 1342 0 0
436 1342 0 0
437 1342 0 0
438 1342 0 0
439 1342 0 0
440 1342 0 0
441 1342 0 0
442 1342 0 0
443 1342 0 0
444 1342 0 0
445 1342 0 0
446 1342 0 0
447 1342 0 0
448 1342 0 0
449 1342 0 0
450 1342 0 0
451 1342 0 0
452 1342 0 0
453 1342 0 0
454 1342 0 0
455 1342 0 0
456 1342 0 0
457 1342 0 0
458 1342 0 0
459 1342 0 0
460 1342 0 0
461 1342 0 0
462 1342 0 0
463 1342 0 0
464 1342 0 0
465 1342 0 0
466 1342 0 0
467 1342 0 0
468 1342 0 0
469 1342 0 0
470 1342 0 0
471 1342 0 0
472 1342 0 0
473 1342 0 0
474 1342 0 0
475 1342 0 0
476 1342 0 0
477 1342 0 0
478 1342 0 0
479 1342 0 0
480 1342 0 0
481 1342 0 0
482 1342 0 0
483 1342 0 0
484 1342 0 0
485 1342 0 0
486 1342 0 0
487 1342 0 0
488 1342 0 0
489 1342 0 0
490 1342 0 0
491 1342 0 0
492 1342 0 0
493 1339 0 0
494 1339 0 0
495 1339 0 0
496 1339 0 0
497 1339 0 0
498 1339 0 0
499 1339 0 0
500 1339 0 0
501 1339 0 0
502 1339 0 0
503 1339 0 0
504 1339 0 0
505 1339 0 0
506 1339 0 0
507 1339 0 0
508 1339 0 0
509 1339 0 0
510 1339 0 0
511 1339 0 0
512 1339 0 0
513 1339 0 0
514 1339 0 0
515 1339 0 0
516 1339 0 0
517 1339 0 0
518 1339 0 0
519 1339 0 0
520 1339 0 0
521 1339 0 0
522 1339 0 0
523 1339 0 0
524 1339 0 0
525 1339 0 0
526 1339 0 0
527 1339 0 0
528 1339 0 0
529 1339 0 0
530 1339 0 0
531 1339 0 0
532 1339 0 0
533 1339 0 0
534 1339 0 0
535 1339 0 0
536 1339 0 0
537 1339 0 0
538 1339 0 0
539 1339 0 0
540 1339 0 0
541 1339 0 0
542 1339 0 0
543 1339 0 0
544 1339 0 0
545 1339 0 0
546 1339 0 0
547 1339 0 0
548 1339 0 0
549 1339 0 0
550 1339 0 0
551 1339 0 0
552 1339 0 0
553 1339 0 0
554 1339 0 0
555 1339 0 0
556 1339 0 0
557 1339 0 0
558 1339 0 0
559 1339 0 0
560 1339 0 0
561 1339 0 0
562 1339 0 0
563 1339 0 0
564 1339 0 0
565 1339 0 0
566 1339 0 0
567 1339 0 0
568 1339 0 0
569 1339 0 0
570 1339 0 0
571 1339 0 0
572 1339 0 0
573 1339 0 0
574 1339 0 0
575 1339 0 0
576 1339 0 0
577 1339 0 0
578 1339 0 0
579 1339 0 0
580 1339 0 0
581 1339 0 0
582 1339 0 0
583 1339 0 0
584 1339 0 0
585 1339 0 0
586 1339 0 0
587 1339 0 0
588 1339 0 0
589 1339 0 0
590 1339 0 0
591 1339 0 0
592 1339 0 0
593 1339 0 0
594 1339 0 0
595 1339 0 0
596 1339 0 0
597 1339 0 0
598 1339 0 0
599 1339 0 0
600 1339 0 0
601 1339 0 0
602 1339 0 0
603 1339 0 0
604 1339 0 0
605 1339 0 0
606 1339 0 0
607 1339 0 0
608 1339 0 0
609 1339 0 0
610 1339 0 0
611 1339 0 0
612 1339 0 0
613 1339 0 0
614 1339 0 0
615 1339 0 0
616 1339 0 0
617 1339 0 0
618 1339 0 0
619 1339 0 0
620 1339 0 0
621 1339 0 0
622 1339 0 0
623 1339 0 0
624 1339 0 0
625 1339 0 0
626 1339 0 0
627 1339 0 0
628 1339 0 0
629 1339 0 0
630 1339 0 0
631 1339 0 0
632 1339 0 0
633 1339 0 0
634 1339 0 0
635 1339 0 0
636 1339 0 0
637 1339 0 0
638 1339 0 0
639 1339 0 0
640 1339 0 0
641 1339 0 0
642 1339 0 0
643 1339 0 0
644 1339 0 0
645 1339 0 0
646 1339 0 0
647 1339 0 0
648 1339 0 0
649 1339 0 0
650 1339 0 0
651 1339 0 0
652 1339 0 0
653 1339 0 0
654 1339 0 0
655 1339 0 0
656 1339 0 0
657 1339 0 0
658 1339 0 0
659 1339 0 0
660 1339 0 0
661 1339 0 0
662 1339 0 0
663 1339 0 0
664 1339 0 0
665 1339 0 0
666 1339 0 0
667 1339 0 0
668 1339 0 0
669 1339 0 0
670 1339 0 0
671 1339 0 0
672 1339 0 0
673 1339 0 0
674 1339 0 0
675 1339 0 0
676 1339 0 0
677 1339 0 0
678 1339 0 0
679 1339 0 0
680 1339 0 0
681 1339 0 0
682 1339 0 0
683 1339 0 0
684 1339 0 0
685 1339 0 0
686 1339 0 0
687 1339 0 0
688 1339 0 0
689 1339 0 0
690 1339 0 0
691 1339 0 0
692 1339 0 0
693 1339 0 0
694 1339 0 0
695 1339 0 0
696 1339 0 0
697 1339 0 0
698 1339 0 0
699 1339 0 0
700 1339 0 0
701 1339 0 0
702 1339 0 0
703 1339 0 0
704 1339 0 0
705 1339 0 0
706 1339 0 0
707 1339 0 0
708 1339 0 0
709 1339 0 0
710 1339 0 0
711 1339 0 0
712 1339 0 0
713 1339 0 0
714 1339 0 0
715 1339 0 0
716 1339 0 0
717 1339 0 0
718 1339 0 0
719 1339 0 0
720 1339 0 0
721 1339 0 0
722 1339 0 0
723 1339 0 0
724 1339 0 0
725 1339 0 0
726 1339 0 0
727 1339 0 0
728 1339 0 0
729 1339 0 0
730 1339 0 0
731 1339 0 0
732 1339 0 0
733 1339 0 0
734 1339 0 0
735 1339 0 0
736 1339 0 0
737 1339 0 0
738 1339 0 0
739 1339 0 0
740 1339 0 0
741 1339 0 0
742 1339 0 0
743 1339 0 0
744 1339 0 0
745 1339 0 0
746 1339 0 0
747 1339 0 0
748 1339 0 0
749 1339 0 0
750 1339 0 0
751 1339 0 0
752 1339 0 0
753 1339 0 0
754 1339 0 0
755 1339 0 0
756 1339 0 0
757 1339 0 0
758 1339 0 0
759 1339 0 0
760 1339 0 0
761 1339 0 0
762 1339 0 0
763 1339 0 0
764 1339 0 0
765 1339 0 0
766 1339 0 0
767 1339 0 0
768 1339 0 0
769 1339 0 0
770 1339 0 0
771 1339 0 0
772 1339 0 0
773 1339 0 0
774 1339 0 0
775 1339 0 0
776 1339 0 0
777 1339 0 0
778 1339 0 0
779 1339 0 0
780 1339 0 0
781 1339 0 0
782 1339 0 0
783 1339 0 0
784 1339 0 0
785 1339 0 0
786 1339 0 0
787 1339 0 0
788 1339 0 0
789 1339 0 0
790 1339 0 0
791 1339 0 0
792 1339 0 0
793 1339 0 0
794 1339 0 0
795 1339 0 0
796 1339 0 0
797 1339 0 0
798 1339 0 0
799 1339 0 0
800 1339 0 0
801 1339 0 0
802 1339 0 0
803 1339 0 0
804 1339 0 0
805 1339 0 0
806 1339 0 0
807 1339 0 0
808 1339 0 0
809 1339 0 0
810 1339 0 0
811 1339 0 0
812 1339 0 0
813 1339 0 0
814 1339 0 0
815 1339 0 0
816 1339 0 0
817 1339 0 0
818 1339 0 0
819 1339 0 0
820 1339 0 0
821 1339 0 0
822 1339 0 0
823 1339 0 0
824 1339 0 0
825 1339 0 0
826 1339 0 0
827 1339 0 0
828 1339 0 0
829 1339 0 0
830 1339 0 0
831 1339 0 0
832 1339 0 0
833 1339 0 0
834 1339 0 0
835 1339 0 0
836 1339 0 0
837 1339 0 0
838 1339 0 0
839 1339 0 0
840 1339 0 0
841 1339 0 0
842 1339 0 0
843 1339 0 0
844 1339 0 0
845 1339 0 0
846 1339 0 0
847 1339 0 0
848 1339 0 0
849 1339 0 0
850 1339 0 0
851 1339 0 0
852 1339 0 0
853 1339 0 0
854 1339 0 0
855 1339 0 0
856 1339 0 0
857 1339 0 0
858 1339 0 0
859 1339 0 0
860 1339 0 0
861 1339 0 0
862 1339 0 0
863 1339 0 0
864 1339 0 0
865 1339 0 0
866 1339 0 0
867 1339 0 0
868 1339 0 0
869 1339 0 0
870 1339 0 0
871 1339 0 0
872 1339 0 0
873 1339 0 0
874 1339 0 0
875 1339 0 0
876 1339 0 0
877 1339 0 0
878 1339 0 0
879 1339 0 0
880 1339 0 0
881 1339 0 0
882 1339 0 0
883 1339 0 0
884 1339 0 0
885 1339 0 0
886 1339 0 0
887 1339 0 0
888 1339 0 0
889 1339 0 0
890 1339 0 0
891 1339 0 0
892 1339 0 0
893 1339 0 0
894 1339 0 0
895 1339 0 0
896 1339 0 0
897 1339 0 0
898 1339 0 0
899 1339 0 0
900 1339 0 0
901 1339 0 0
902 1339 0 0
903 1339 0 0
904 1339 0 0
905 1339 0 0
906 1339 0 0
907 1339 0 0
908 1339 0 0
909 1339 0 0
910 1339 0 0
911 1339 0 0
912 1339 0 0
913 1339 0 0
914 1339 0 0
915 1339 0 0
916 1339 0 0
917 1339 0 0
918 1339 0 0
919 1339 0 0
920 1339 0 0
921 1339 0 0
922 1339 0 0
923 1339 0 0
924 1339 0 0
925 1339 0 0
926 1339 0 0
927 1339 0 0
928 1339 0 0
929 1339 0 0
930 1339 0 0
931 1339 0 0
932 1339 0 0
933 1339 0 0
934 1339 0 0
935 1339 0 0
936 1339 0 0
937 1339 0 0
938 1339 0 0
939 1339 0 0
940 1339 0 0
941 1339 0 0
942 1339 0 0
943 1339 0 0
944 1339 0 0
945 1339 0 0
946 1339 0 0
947 1339 0 0
948 1339 0 0
949 1339 0 0
950 1339 0 0
951 1339 0 0
952 1339 0 0
953 1339 0 0
954 1339 0 0
955 1339 0 0
956 1339 0 0
957 1339 0 0
958 1339 0 0
959 1339 0 0
960 1339 0 0
961 1339 0 0
962 1339 0 0
963 1339 0 0
964 1339 0 0
965 1339 0 0
966 1339 0 0
967 1339 0 0
968 1339 0 0
969 1339 0 0
970 1339 0 0
971 1339 0 0
972 1339 0 0
973 1339 0 0
974 1339 0 0
975 1339 0 0
976 1339 0 0
977 1339 0 0
978 1339 0 0
979 1339 0 0
980 1339 0 0
981 1339 0 0
982 1339 0 0
983 1339 0 0
984 1339 0 0
985 1339 0 0
986 1339 0 0
987 1339 0 0
988 1339 0 0
989 1339 0 0
990 1339 0 0
991 1339 0 0
992 1339 0 0
993 1339 0 0
994 1339 0 0
995 1339 0 0
996 1339 0 0
997 1339 0 0
998 1339 0 0
999 1339 0 0
1000 1339 0 0
1001 1339 0 0
1002 1339 0 0
1003 1339 0 0
1004 1339 0 0
1005 1339 0 0
1006 1339 0 0
1007 1339 0 0
1008 1339 0 0
1009 1339 0 0
1010 1339 0 0
1011 1339 0 0
1012 1339 0 0
1013 1339 0 0
1014 1339 0 0
1015 1339 0 0
1016 1339 0 0
1017 1339 0 0
1018 1339 0 0
1019 1339 0 0
1020 1339 0 0
1021 1339 0 0
1022 1339 0 0
1023 1339 0 0
1024 1339 0 0
1025 1339 0 0
1026 1339 0 0
1027 1339 0 0
1028 1339 0 0
1029 1339 0 0
1030 1339 0 0
1031 1339 0 0
1032 1339 0 0
1033 1339 0 0
1034 1339 0 0
1035 1339 0 0
1036 1339 0 0
1037 1339 0 0
1038 1339 0 0
1039 1339 0 0
1040 1339 0 0
1041 1339 0 0
1042 1339 0 0
1043 1339 0 0
1044 1339 0 0
1045 1339 0 0
1046 1339 0 0
1047 1339 0 0
1048 1339 0 0
1049 1339 0 0
1050 1339 0 0
1051 1339 0 0
1052 1339 0 0
1053 1339 0 0
1054 1339 0 0
1055 1339 0 0
1056 1339 0 0
1057 1339 0 0
1058 1339 0 0
1059 1339 0 0
1060 1339 0 0
1061 1339 0 0
1062 1339 0 0
1063 1339 0 0
1064 1339 0 0
1065 1339 0 0
1066 1339 0 0
1067 1339 0 0
1068 1339 0 0
1069 1339 0 0
1070 1339 0 0
1071 1339 0 0
1072 1339 0 0
1073 1339 0 0
1074 1339 0 0
1075 1339 0 0
1076 1339 0 0
1077 1339 0 0
1078 1339 0 0
1079 1339 0 0
1080 1339 0 0
1081 1339 0 0
1082 1339 0 0
1083 1339 0 0
1084 1339 0 0
1085 1339 0 0
1086 1339 0 0
1087 1339 0 0
1088 1339 0 0
1089 1339 0 0
1090 1339 0 0
1091 1339 0 0
1092 1339 0 0
1093 1339 0 0
1094 1339 0 0
1095 1339 0 0
1096 1339 0 0
1097 1339 0 0
1098 1339 0 0
1099 1339 0 0
1100 1339 0 0
1101 1339 0 0
1102 1339 0 0
1103 1339 0 0
1104 1339 0 0
1105 1339 0 0
1106 1339 0 0
1107 1339 0 0
1108 1339 0 0
1109 1339 0 0
1110 1339 0 0
1111 1339 0 0
1112 1339 0 0
1113 1339 0 0
1114 1339 0 0
1115 1339 0 0
1116 1339 0 0
1117 1339 0 0
1118 1339 0 0
1119 1339 0 0
1120 1339 0 0
1121 1339 0 0
1122 1339 0 0
1123 1339 0 0
1124 1339 0 0
1125 1339 0 0
1126 1339 0 0
1127 1339 0 0
1128 1339 0 0
1129 1339 0 0
1130 1339 0 0
1131 1339 0 0
1132 1339 0 0
1133 1339 0 0
1134 1339 0 0
1135 1339 0 0
1136 1339 0 0
1137 1339 0 0
1138 1339 0 0
1139 1339 0 0
1140 1339 0 0
1141 1339 0 0
1142 1339 0 0
1143 1339 0 0
1144 1339 0 0
1145 1339 0 0
1146 1339 0 0
1147 1339 0 0
1148 1339 0 0
1149 1339 0 0
1150 1339 0 0
1151 1339 0 0
1152 1339 0 0
1153 1339 0 0
1154 1339 0 0
1155 1339 0 0
1156 1339 0 0
1157 1339 0 0
1158 1339 0 0
1159 1339 0 0
1160 1339 0 0
1161 1339 0 0
1162 1339 0 0
1163 1339 0 0
1164 1339 0 0
1165 1339 0 0
1166 1339 0 0
1167 1339 0 0
1168 1339 0 0
1169 1339 0 0
1170 1339 0 0
1171 1339 0 0
1172 1339 0 0
1173 1339 0 0
1174 1339 0 0
1175 1339 0 0
1176 1339 0 0
1177 1339 0 0
1178 1339 0 0
1179 1339 0 0
1180 1339 0 0
1181 1339 0 0
1182 1339 0 0
1183 1339 0 0
1184 1339 0 0
1185 1339 0 0
1186 1339 0 0
1187 1339 0 0
1188 1339 0 0
1189 1339 0 0
1190 1339 0 0
1191 1339 0 0
1192 1339 0 0
1193 1339 0 0
1194 1339 0 0
1195 1339 0 0
1196 1339 0 0
1197 1339 0 0
1198 1339 0 0
1199 1339 0 0
1200 1339 0 0
1201 1339 0 0
1202 1339 0 0
1203 1339 0 0
1204 1339 0 0
1205 1339 0 0
1206 1339 0 0
1207 1339 0 0
1208 1339 0 0
1209 1339 0 0
1210 1339 0 0
1211 1339 0 0
1212 1339 0 0
1213 1339 0 0
1214 1339 0 0
1215 1339 0 0
1216 1339 0 0
1217 1339 0 0
1218 1339 0 0
1219 1339 0 0
1220 1339 0 0
1221 1339 0 0
1222 1339 0 0
1223 1339 0 0
1224 1339 0 0
1225 1339 0 0
1226 1339 0 0
1227 1339 0 0
1228 1339 0 0
1229 1339 0 0
1230 1339 0 0
1231 1339 0 0
1232 1339 0 0
1233 1339 0 0
1234 1339 0 0
1235 1339 0 0
1236 1339 0 0
1237 1339 0 0
1238 1339 0 0
1239 1339 0 0
1240 1339 0 0
1241 1339 0 0
1242 1339 0 0
1243 1339 0 0
1244 1339 0 0
1245 1339 0 0
1246 1339 0 0
1247 1339 0 0
1248 1339 0 0
1249 1339 0 0
1250 1339 0 0
1251 1339 0 0
1252 1339 0 0
1253 1339 0 0
1254 1339 0 0
1255 1339 0 0
1256 1339 0 0
1257 1339 0 0
1258 1339 0 0
1259 1339 0 0
1260 1339 0 0
1261 1339 0 0
1262 1339 0 0
1263 1339 0 0
1264 1339 0 0
1265 1339 0 0
1266 1339 0 0
1267 1339 0 0
1268 1339 0 0
1269 1339 0 0
1270 1339 0 0
1271 1339 0 0
1272 1339 0 0
1273 1339 0 0
1274 1339 0 0
1275 1339 0 0
1276 1339 0 0
1277 1339 0 0
1278 1339 0 0
1279 1339 0 0
1280 1339 0 0
