1 1 0 2 0
6 1 0 2 0
7 0 0 2 0
8 1 0 2 0
11 1 0 2 0
13 0 0 1 0
13 0 0 1 0
15 1 0 2 0
15 0 0 1 0
15 1 0 2 0
16 1 0 2 0
19 0 0 1 0
24 1 0 2 0
26 1 0 2 0
28 1 0 2 0
28 1 0 2 0
31 1 0 2 0
33 1 0 2 0
33 1 0 2 0
36 1 0 2 0
38 0 0 1 0
39 0 0 2 0
40 1 0 2 0
42 2 0 2 0
45 0 0 1 0
46 1 0 2 0
48 1 0 2 0
52 1 0 2 0
57 1 0 2 0
62 1 0 2 0
67 0 0 1 0
68 1 0 2 0
69 1 0 2 0
69 1 0 2 0
69 1 0 2 0
70 1 0 2 0
72 2 0 2 0
74 0 0 1 0
74 1 0 2 0
75 1 0 2 0
77 1 0 2 0
78 1 0 3 0
81 1 0 1 0
82 1 0 2 0
86 0 0 1 0
86 0 0 1 0
91 1 0 2 0
93 1 0 2 0
97 1 0 2 0
100 1 0 2 0
102 1 0 2 0
102 1 0 2 0
104 1 0 2 0
104 1 0 2 0
106 1 0 2 0
109 1 0 2 0
115 6 0 4 0
116 0 0 1 0
120 2 0 3 0
123 2 0 2 0
128 1 0 2 0
134 0 0 1 0
134 1 0 2 0
134 1 0 2 0
134 1 0 2 0
135 3 0 2 0
139 1 0 2 0
142 3 0 2 0
145 1 0 2 0
146 1 0 2 0
147 1 0 2 0
155 1 0 2 0
155 1 0 2 0
159 1 0 2 0
160 3 0 2 0
160 1 0 2 0
163 1 0 2 0
164 3 0 3 0
164 1 0 2 0
168 1 0 2 0
168 1 0 2 0
169 1 0 2 0
170 0 0 1 0
170 2 0 1 0
171 1 0 2 0
171 3 0 2 0
172 1 0 2 0
176 1 0 2 0
179 1 0 2 0
180 0 0 2 0
183 1 0 2 0
184 1 0 2 0
185 1 0 2 0
188 1 0 2 0
191 2 0 2 0
193 1 0 2 0
195 1 0 2 0
197 1 0 2 0
199 1 0 2 0
200 1 0 2 0
202 1 0 2 0
202 1 0 2 0
209 1 0 2 0
212 1 0 2 0
213 1 0 2 0
215 1 0 2 0
216 7 0 3 0
219 1 0 2 0
220 1 0 2 0
221 1 0 2 0
224 1 0 2 0
229 1 0 2 0
230 1 0 2 0
234 1 0 2 0
236 1 0 1 0
237 1 0 2 0
241 1 0 2 0
241 2 0 3 0
244 4 0 3 0
245 7 0 4 0
246 1 0 2 0
248 1 0 2 0
249 0 0 1 0
251 1 0 2 0
253 1 0 2 0
257 0 0 2 0
259 1 0 2 0
259 1 0 2 0
262 0 0 1 0
263 1 0 2 0
264 1 0 2 0
264 1 0 2 0
265 1 0 2 0
269 1 0 2 0
270 2 0 2 0
271 1 0 2 0
272 1 0 2 0
273 0 0 1 0
275 1 0 2 0
278 1 0 2 0
281 1 0 2 0
285 1 0 2 0
286 1 0 2 0
286 1 0 2 0
287 1 0 2 0
289 1 0 2 0
291 1 0 2 0
293 1 0 2 0
296 1 0 2 0
300 1 0 2 0
303 1 0 2 0
309 1 0 2 0
309 1 0 2 0
310 3 0 2 0
313 1 0 3 0
315 1 0 2 0
315 1 0 2 0
315 1 0 2 0
319 1 0 2 0
320 1 0 2 0
323 0 0 2 0
327 0 0 1 0
329 1 0 2 0
329 1 0 2 0
331 1 0 2 0
332 1 0 2 0
334 1 0 2 0
337 1 0 2 0
337 1 0 2 0
337 1 0 2 0
341 1 0 2 0
342 2 0 2 0
345 1 0 2 0
350 2 0 2 0
353 1 0 2 0
355 1 0 2 0
358 1 0 2 0
359 1 0 2 0
360 1 0 2 0
362 1 0 2 0
363 2 0 2 0
365 1 0 2 0
365 1 0 2 0
368 2 0 2 0
370 1 0 2 0
371 10 0 6 0
374 1 0 2 0
376 1 0 2 0
380 1 0 2 0
384 2 0 2 0
397 1 0 2 0
398 3 0 3 0
399 1 0 2 0
401 1 0 2 0
404 1 0 2 0
409 4 0 3 0
410 1 0 2 0
410 21 0 9 0
411 1 0 1 0
414 1 0 2 0
414 0 0 1 0
416 2 0 2 0
417 1 0 2 0
417 1 0 2 0
418 1 0 2 0
419 1 0 2 0
422 0 0 1 0
425 1 0 2 0
426 0 0 1 0
426 5 0 3 0
430 1 0 2 0
431 0 0 1 0
432 1 0 2 0
435 1 0 2 0
435 2 0 2 0
436 1 0 2 0
437 1 0 2 0
438 1 0 2 0
440 1 0 2 0
443 1 0 2 0
447 1 0 2 0
450 1 0 2 0
454 1 0 2 0
455 3 0 2 0
455 1 0 2 0
455 1 0 2 0
457 1 0 2 0
458 0 0 1 0
458 1 0 2 0
463 1 0 2 0
465 1 0 1 0
469 2 0 2 0
471 0 0 2 0
473 2 0 2 0
477 1 0 2 0
477 1 0 2 0
478 1 0 2 0
479 0 0 1 0
481 1 0 2 0
485 1 0 2 0
488 1 0 2 0
491 1 0 2 0
497 1 0 3 0
497 1 0 2 0
501 1 0 2 0
502 1 0 1 0
503 1 0 2 0
507 1 0 2 0
507 1 0 2 0
509 1 0 2 0
511 1 0 2 0
513 2 0 5 0
516 1 0 2 0
519 1 0 2 0
521 1 0 2 0
522 1 0 2 0
524 1 0 2 0
525 1 0 2 0
529 1 0 2 0
529 1 0 2 0
530 1 0 2 0
531 2 0 2 0
531 2 0 2 0
531 2 0 2 0
532 1 0 2 0
534 0 0 1 0
536 1 0 2 0
541 1 0 2 0
542 1 0 1 0
545 1 0 2 0
551 1 0 2 0
552 1 0 2 0
553 1 0 2 0
554 1 0 2 0
555 1 0 2 0
557 1 0 2 0
559 1 0 2 0
559 1 0 2 0
564 1 0 2 0
565 1 0 2 0
567 4 0 3 0
568 1 0 2 0
576 2 0 2 0
576 1 0 2 0
578 1 0 2 0
583 1 0 2 0
589 1 0 1 0
590 1 0 2 0
590 1 0 2 0
591 1 0 2 0
599 1 0 2 0
601 1 0 2 0
602 1 0 2 0
606 1 0 2 0
611 1 0 2 0
613 1 0 2 0
617 2 0 2 0
617 25 0 12 0
618 2 0 2 0
619 1 0 2 0
622 1 0 2 0
624 1 0 2 0
625 1 0 2 0
625 1 0 2 0
625 1 0 2 0
626 1 0 3 0
629 0 0 1 0
629 1 0 2 0
636 2 0 2 0
637 2 0 2 0
640 0 0 2 0
641 1 0 2 0
643 3 0 2 0
643 1 0 2 0
649 1 0 2 0
650 1 0 2 0
650 1 0 2 0
656 1 0 2 0
656 1 0 2 0
657 1 0 2 0
658 2 0 2 0
661 0 0 1 0
662 1 0 2 0
663 1 0 2 0
663 1 0 2 0
664 2 0 2 0
667 2 0 3 0
668 1 0 2 0
668 1 0 2 0
674 0 0 1 0
675 1 0 2 0
676 0 0 1 0
680 1 0 2 0
682 1 0 1 0
683 1 0 2 0
684 1 0 2 0
690 0 0 1 0
691 0 0 1 0
694 1 0 2 0
698 1 0 2 0
699 1 0 3 0
700 1 0 2 0
701 1 0 2 0
705 0 0 1 0
709 1 0 2 0
709 1 0 2 0
711 1 0 2 0
712 1 0 2 0
714 1 0 2 0
715 1 0 2 0
716 3 0 2 0
720 1 0 2 0
721 1 0 2 0
724 1 0 2 0
726 1 0 2 0
726 1 0 2 0
726 2 0 1 0
729 1 0 2 0
729 2 0 2 0
732 1 0 2 0
734 1 0 2 0
734 1 0 2 0
742 1 0 2 0
744 1 0 2 0
747 1 0 2 0
751 1 0 2 0
752 1 0 2 0
755 1 0 2 0
755 1 0 2 0
755 1 0 2 0
756 1 0 2 0
762 1 0 2 0
766 1 0 2 0
769 1 0 2 0
771 1 0 2 0
772 1 0 2 0
776 1 0 2 0
776 1 0 1 0
780 1 0 2 0
783 1 0 2 0
784 2 0 2 0
787 6 0 3 0
789 1 0 2 0
790 0 0 1 0
792 1 0 2 0
796 1 0 2 0
800 1 0 3 0
803 1 0 2 0
806 1 0 2 0
807 1 0 2 0
808 1 0 2 0
811 4 0 2 0
812 1 0 2 0
812 1 0 2 0
813 1 0 2 0
814 1 0 2 0
814 1 0 1 0
818 1 0 2 0
825 0 1 0 2 0
825 0 1 0 2 0
827 0 1 0 2 0
828 0 1 0 2 0
829 0 0 0 2 0
829 0 1 0 2 0
830 0 1 0 2 0
831 0 1 0 2 0
831 0 1 0 3 0
839 0 1 0 2 0
840 0 1 0 2 0
842 0 1 0 2 0
845 0 1 0 2 0
847 0 1 0 2 0
848 0 1 0 2 0
848 0 1 0 2 0
848 0 1 0 2 0
849 0 1 0 2 0
856 0 1 0 2 0
859 0 22 0 10 0
863 0 1 0 2 0
864 0 1 0 2 0
870 0 1 0 2 0
881 0 1 0 2 0
881 0 1 0 2 0
881 0 1 0 2 0
883 0 1 0 2 0
885 0 1 0 2 0
885 0 1 0 2 0
886 0 0 0 1 0
886 0 1 0 2 0
886 0 2 0 2 0
889 0 1 0 2 0
894 0 1 0 2 0
894 0 1 0 2 0
896 0 8 0 4 0
897 0 1 0 2 0
900 0 1 0 2 0
901 0 2 0 2 0
902 0 1 0 2 0
902 0 2 0 1 0
903 0 1 0 2 0
905 0 3 0 2 0
907 0 1 0 2 0
909 0 2 0 2 0
919 0 1 0 2 0
920 0 1 0 2 0
924 0 0 0 2 0
925 0 2 0 2 0
926 0 1 0 2 0
926 0 1 0 2 0
927 0 3 0 2 0
927 0 17 0 7 0
928 0 1 0 2 0
937 0 1 0 2 0
938 0 1 0 2 0
939 0 1 0 2 0
939 0 1 0 2 0
941 0 2 0 2 0
942 0 1 0 2 0
947 0 2 0 2 0
947 0 1 0 2 0
949 0 2 0 2 0
949 0 1 0 1 0
955 0 1 0 2 0
958 0 1 0 2 0
961 0 1 0 2 0
962 0 1 0 2 0
963 0 1 0 2 0
964 0 1 0 2 0
965 0 1 0 2 0
967 0 1 0 2 0
968 0 1 0 2 0
969 0 3 0 2 0
970 0 1 0 1 0
976 0 1 0 1 0
978 0 1 0 2 0
980 0 1 0 2 0
981 0 1 0 2 0
981 0 1 0 2 0
985 0 1 0 2 0
989 0 1 0 2 0
990 0 0 0 1 0
995 0 1 0 3 0
995 0 2 0 2 0
996 0 1 0 2 0
1000 0 3 0 0 0
1000 0 1 0 3 0
1001 0 1 0 2 0
1004 0 1 0 2 0
1006 0 1 0 2 0
1008 0 1 0 2 0
1008 0 1 0 2 0
1009 0 1 0 2 0
1011 0 1 0 2 0
1012 0 1 0 2 0
1015 0 1 0 2 0
1017 0 1 0 2 0
1018 0 1 0 2 0
1019 0 1 0 2 0
1020 0 2 0 2 0
1022 0 2 0 2 0
1022 0 1 0 2 0
1023 0 5 0 2 0
1031 0 1 0 2 0
1031 0 2 0 1 0
1033 0 1 0 2 0
1036 0 4 0 3 0
1037 0 1 0 2 0
1038 0 1 0 2 0
1040 0 1 0 2 0
1040 0 1 0 2 0
1042 0 4 0 2 0
1045 0 1 0 2 0
1049 0 1 0 2 0
1054 0 1 0 2 0
1056 0 2 0 2 0
1058 0 1 0 2 0
1059 0 0 0 2 0
1060 0 1 0 2 0
1063 0 1 0 2 0
1066 0 1 0 2 0
1075 0 2 0 2 0
1078 0 1 0 2 0
1078 0 1 0 2 0
1079 0 1 0 2 0
1081 0 1 0 2 0
1084 0 2 0 2 0
1084 0 2 0 2 0
1086 0 1 0 2 0
1089 0 1 0 2 0
1091 0 1 0 2 0
1093 0 1 0 2 0
1095 0 1 0 2 0
1095 0 1 0 2 0
1096 0 16 0 7 0
1097 0 0 0 2 0
1099 0 1 0 2 0
1099 0 1 0 2 0
1101 0 1 0 2 0
1102 0 1 0 2 0
1103 0 2 0 2 0
1104 0 2 0 3 0
1106 0 1 0 2 0
1107 0 1 0 2 0
1112 0 2 0 2 0
1113 0 1 0 2 0
1113 0 4 0 2 0
1114 0 3 0 1 0
1114 0 2 0 2 0
1116 0 1 0 2 0
1118 0 1 0 2 0
1119 0 1 0 2 0
1122 0 0 0 2 0
1129 0 1 0 2 0
1130 0 0 0 1 0
1132 0 1 0 2 0
1134 0 0 0 1 0
1137 0 2 0 2 0
1139 0 1 0 2 0
1139 0 1 0 2 0
1139 0 1 0 2 0
1144 0 1 0 2 0
1145 0 2 0 2 0
1147 0 1 0 1 0
1148 0 1 0 2 0
1149 0 6 0 4 0
1152 0 1 0 2 0
1153 0 1 0 2 0
1156 0 1 0 2 0
1158 0 1 0 2 0
1160 0 1 0 2 0
1160 0 1 0 2 0
1162 0 1 0 2 0
1164 0 1 0 2 0
1165 0 2 0 2 0
1170 0 1 0 2 0
1171 0 1 0 1 0
1172 0 1 0 2 0
1174 0 2 0 2 0
1186 0 1 0 2 0
1186 0 1 0 2 0
1187 0 1 0 2 0
1188 0 1 0 2 0
1190 0 1 0 2 0
1194 0 1 0 2 0
1194 0 1 0 2 0
1197 0 2 0 2 0
1199 0 1 0 2 0
1202 0 1 0 1 0
1203 0 1 0 2 0
1204 0 1 0 2 0
1206 0 1 0 2 0
1206 0 1 0 1 0
1209 0 1 0 2 0
1209 0 2 0 2 0
1211 0 1 0 2 0
1221 0 1 0 2 0
1223 0 1 0 2 0
1223 0 1 0 2 0
1227 0 1 0 2 0
1230 0 1 0 2 0
1230 0 1 0 2 0
1233 0 1 0 2 0
1234 0 1 0 2 0
1235 0 1 0 2 0
1237 0 4 0 2 0
1237 0 1 0 2 0
1240 0 1 0 2 0
1242 0 1 0 2 0
1243 0 1 0 2 0
1246 0 2 0 2 0
1246 0 1 0 2 0
1246 0 1 0 2 0
1250 0 1 0 2 0
1251 0 1 0 2 0
1254 0 3 0 2 0
1255 0 1 0 2 0
1255 0 3 0 2 0
1258 0 1 0 2 0
1258 0 1 0 2 0
1259 0 1 0 2 0
1263 0 1 0 2 0
1266 0 1 0 2 0
1267 0 1 0 2 0
1269 0 1 0 2 0
1270 0 1 0 2 0
1272 0 1 0 2 0
1272 0 1 0 2 0
1273 0 2 0 2 0
1273 0 1 0 2 0
1282 0 1 0 2 0
1286 0 10 0 3 0
1288 0 1 0 2 0
1288 0 1 0 2 0
1290 0 1 0 2 0
1292 0 1 0 2 0
1294 0 2 0 2 0
1298 0 2 0 2 0
1302 0 2 0 2 0
1302 0 1 0 2 0
1303 0 1 0 2 0
1307 0 1 0 2 0
1308 0 1 0 2 0
1310 0 1 0 2 0
1315 0 1 0 2 0
1315 0 1 0 2 0
1319 0 1 0 2 0
1321 0 1 0 2 0
1321 0 1 0 2 0
1322 0 1 0 2 0
1323 0 2 0 2 0
1325 0 1 0 2 0
1325 0 1 0 2 0
1326 0 1 0 2 0
1326 0 1 0 2 0
1327 0 0 0 2 0
1333 0 1 0 2 0
1336 0 1 0 2 0
1337 0 0 0 2 0
1338 0 1 0 2 0
1342 0 1 0 2 0
1345 0 1 0 2 0
1348 0 1 0 2 0
1352 0 1 0 2 0
1352 0 1 0 2 0
1356 0 2 0 1 0
1357 0 1 0 2 0
1362 0 1 0 2 0
1366 0 1 0 2 0
1367 0 3 0 2 0
1367 0 2 0 2 0
1368 0 0 0 2 0
1370 0 1 0 2 0
1371 0 1 0 2 0
1371 0 1 0 2 0
1374 0 1 0 2 0
1376 0 1 0 2 0
1379 0 1 0 2 0
1386 0 1 0 2 0
1387 0 1 0 2 0
1389 0 1 0 2 0
1393 0 1 0 2 0
1395 0 1 0 2 0
1397 0 2 0 4 0
1399 0 1 0 2 0
1406 0 0 0 2 0
1407 0 1 0 2 0
1408 0 1 0 2 0
1408 0 1 0 2 0
1408 0 2 0 2 0
1409 0 3 0 2 0
1412 0 1 0 1 0
1412 0 1 0 2 0
1413 0 1 0 2 0
1415 0 1 0 2 0
1417 0 1 0 2 0
1418 0 0 0 2 0
1420 0 4 0 3 0
1422 0 0 0 2 0
1423 0 2 0 2 0
1425 0 1 0 2 0
1426 0 2 0 2 0
1427 0 1 0 1 0
1428 0 1 0 2 0
1431 0 1 0 2 0
1438 0 0 0 1 0
1439 0 1 0 2 0
1439 0 1 0 2 0
1441 0 1 0 2 0
1445 0 0 0 1 0
1447 0 1 0 2 0
1449 0 1 0 2 0
1450 0 1 0 2 0
1451 0 1 0 2 0
1452 0 1 0 2 0
1459 0 1 0 2 0
1460 0 1 0 2 0
1462 0 1 0 2 0
1462 0 1 0 2 0
1465 0 1 0 2 0
1465 0 4 0 3 0
1466 0 1 0 1 0
1467 0 1 0 2 0
1470 0 1 0 3 0
1479 0 1 0 2 0
1482 0 1 0 2 0
1482 0 2 0 2 0
1484 0 1 0 2 0
1486 0 0 0 2 0
1487 0 1 0 2 0
1487 0 1 0 2 0
1490 0 1 0 3 0
1491 0 1 0 2 0
1494 0 1 0 2 0
1496 0 2 0 2 0
1499 0 3 0 1 0
1508 0 1 0 2 0
1509 0 1 0 2 0
1509 0 1 0 2 0
1512 0 1 0 2 0
1512 0 1 0 2 0
1512 0 1 0 2 0
1514 0 3 0 2 0
1514 0 1 0 2 0
1516 0 1 0 2 0
1518 0 1 0 2 0
1519 0 0 0 1 0
1524 0 1 0 2 0
1525 0 1 0 2 0
1528 0 1 0 2 0
1528 0 1 0 2 0
1529 0 1 0 2 0
1529 0 1 0 2 0
1530 0 1 0 2 0
1533 0 1 0 2 0
1535 0 1 0 2 0
1536 0 1 0 2 0
1538 0 1 0 2 0
1541 0 2 0 1 0
1541 0 1 0 2 0
1541 0 1 0 1 0
1542 0 1 0 2 0
1544 0 1 0 2 0
1545 0 1 0 2 0
1546 0 1 0 2 0
1549 0 1 0 2 0
1551 0 1 0 2 0
1555 0 4 0 2 0
1558 0 1 0 2 0
1558 0 1 0 2 0
1560 0 1 0 2 0
1562 0 1 0 2 0
1565 0 2 0 2 0
1567 0 4 0 2 0
1567 0 1 0 2 0
1572 0 1 0 2 0
1576 0 1 0 2 0
1577 0 1 0 2 0
1578 0 0 0 2 0
1579 0 1 0 1 0
1580 0 1 0 2 0
1581 0 1 0 2 0
1582 0 1 0 2 0
1582 0 3 0 2 0
1596 0 1 0 2 0
1598 0 0 0 1 0
1598 0 1 0 2 0
1601 0 1 0 2 0
1605 0 1 0 2 0
1608 0 1 0 2 0
1609 0 2 0 2 0
1609 0 1 0 2 0
1611 0 1 0 2 0
1614 0 1 0 2 0
1615 0 1 0 2 0
1617 0 1 0 2 0
1619 0 2 0 2 0
1620 0 1 0 2 0
1620 0 3 0 2 0
1622 0 1 0 2 0
1623 0 1 0 2 0
1624 0 1 0 2 0
1625 0 4 0 3 0
1626 0 1 0 2 0
1632 0 1 0 2 0
1632 0 1 0 2 0
1634 0 1 0 2 0
1635 0 1 0 2 0
1636 0 1 0 2 0
1639 0 1 0 3 0
1641 0 1 0 1 0
1644 0 1 0 2 0
1645 0 1 0 2 0
1646 0 1 0 2 0
1648 0 1 0 2 0
1648 0 1 0 2 0
1656 0 1 0 2 0
1656 0 1 0 2 0
1657 0 1 0 2 0
1657 0 1 0 1 0
1660 0 1 0 2 0
1665 0 1 0 2 0
1666 0 1 0 2 0
1667 0 3 0 2 0
1667 0 2 0 3 0
1671 0 1 0 2 0
1677 0 1 0 2 0
1677 0 1 0 2 0
1679 0 1 0 2 0
1679 0 3 0 2 0
1682 0 1 0 2 0
1688 0 1 0 2 0
1688 0 1 0 2 0
1690 0 1 0 2 0
1698 0 1 0 2 0
1700 0 1 0 2 0
1700 0 1 0 2 0
1706 0 1 0 2 0
1706 0 6 0 3 0
1707 0 3 0 2 0
1709 0 1 0 2 0
1712 0 1 0 3 0
1714 0 2 0 1 0
1720 0 1 0 2 0
1721 0 2 0 2 0
1725 0 1 0 2 0
1726 0 1 0 2 0
1729 0 1 0 2 0
1730 0 2 0 2 0
1732 0 1 0 2 0
1734 0 5 0 3 0
1735 0 1 0 2 0
1736 0 0 0 2 0
1738 0 1 0 2 0
1739 0 1 0 2 0
1742 0 1 0 2 0
1742 0 2 0 2 0
1743 0 1 0 2 0
1744 0 1 0 2 0
1745 0 1 0 2 0
1748 0 1 0 2 0
1752 0 1 0 2 0
1755 0 1 0 2 0
1756 0 1 0 2 0
1757 0 1 0 3 0
1758 0 1 0 2 0
1762 0 1 0 2 0
1764 0 2 0 2 0
1768 0 1 0 2 0
1768 0 1 0 2 0
1769 0 1 0 2 0
1772 0 1 0 2 0
1773 0 0 0 1 0
1774 0 1 0 2 0
1778 0 1 0 2 0
1779 0 1 0 2 0
1780 0 1 0 2 0
1782 0 1 0 1 0
1784 0 1 0 2 0
1786 0 1 0 2 0
1787 0 3 0 2 0
1788 0 1 0 2 0
1788 0 1 0 2 0
1789 0 1 0 2 0
1795 0 1 0 3 0
1795 0 1 0 2 0
1796 0 1 0 2 0
1797 0 1 0 2 0
1800 0 1 0 2 0
