0 0 684 0 0
1 0 683 0 35
1 755 0 35
2 755 0 36
3 755 0 37
4 755 0 38
5 755 0 39
6 754 0 38
7 754 0 37
8 753 0 36
9 753 0 37
10 753 0 38
11 752 0 37
12 752 0 38
13 752 0 37
14 752 0 38
15 750 0 34
16 749 0 33
17 749 0 34
18 749 0 35
19 749 0 35
20 749 0 36
21 749 0 37
22 749 0 38
23 749 0 39
24 748 0 38
25 748 0 39
26 747 0 38
27 747 0 39
28 745 0 36
29 745 0 37
30 745 0 38
31 744 0 37
32 744 0 38
33 742 0 35
34 742 0 36
35 742 0 37
36 741 0 36
37 741 0 37
38 741 0 37
39 741 0 36
40 740 0 35
41 740 0 36
42 738 0 35
43 738 0 36
44 738 0 37
45 738 0 37
46 737 0 36
47 737 0 37
48 736 0 36
49 736 0 37
50 736 0 38
51 736 0 39
52 735 0 38
53 735 0 39
54 735 0 40
55 735 0 41
56 735 0 42
57 734 0 41
58 734 0 42
59 734 0 43
60 734 0 44
61 734 0 45
62 733 0 44
63 733 0 45
64 733 0 46
65 733 0 47
66 733 0 48
67 733 0 48
68 732 0 47
69 729 0 42
70 728 0 41
71 728 0 42
72 726 0 41
73 726 0 42
74 725 0 40
75 724 0 39
76 724 0 40
77 723 0 39
78 722 0 37
79 722 0 38
80 722 0 39
81 721 0 39
82 720 0 38
83 720 0 39
84 720 0 40
85 720 0 41
86 720 0 40
87 720 0 41
88 720 0 42
89 720 0 43
90 720 0 44
91 0 719 0 43
91 791 0 43
92 791 0 44
93 790 0 43
94 790 0 44
95 790 0 45
96 790 0 46
97 789 0 45
98 789 0 46
99 789 0 47
100 788 0 46
101 788 0 47
102 786 0 44
103 786 0 45
104 784 0 42
105 784 0 43
106 783 0 42
107 783 0 43
108 783 0 44
109 782 0 43
110 782 0 44
111 782 0 45
112 782 0 46
113 782 0 47
114 782 0 48
115 776 0 45
116 776 0 45
117 776 0 46
118 776 0 47
119 776 0 48
120 774 0 46
121 774 0 47
122 774 0 48
123 772 0 47
124 772 0 48
125 772 0 49
126 772 0 50
127 772 0 51
128 771 0 50
129 771 0 51
130 771 0 52
131 771 0 53
132 771 0 54
133 771 0 55
134 768 0 49
135 765 0 48
136 765 0 49
137 765 0 50
138 765 0 51
139 764 0 50
140 764 0 51
141 764 0 52
142 761 0 51
143 761 0 52
144 761 0 53
145 760 0 52
146 759 0 51
147 758 0 50
148 758 0 51
149 758 0 52
150 758 0 53
151 758 0 54
152 758 0 55
153 758 0 56
154 758 0 57
155 756 0 54
156 756 0 55
157 756 0 56
158 756 0 57
159 755 0 56
160 751 0 53
161 751 0 54
162 751 0 55
163 750 0 54
164 746 0 50
165 746 0 51
166 746 0 52
167 746 0 53
168 744 0 50
169 743 0 49
170 741 0 48
171 737 0 45
172 736 0 44
173 736 0 45
174 736 0 46
175 736 0 47
176 735 0 46
177 735 0 47
178 735 0 48
179 734 0 47
180 734 0 46
181 734 0 47
182 734 0 48
183 733 0 47
184 732 0 46
185 731 0 45
186 731 0 46
187 731 0 47
188 730 0 46
189 730 0 47
190 730 0 48
191 728 0 47
192 728 0 48
193 727 0 47
194 727 0 48
195 726 0 47
196 726 0 48
197 725 0 47
198 725 0 48
199 724 0 47
200 723 0 46
201 723 0 47
202 721 0 44
203 721 0 45
204 721 0 46
205 721 0 47
206 721 0 48
207 721 0 49
208 721 0 50
209 720 0 49
210 720 0 50
211 720 0 51
212 0 719 0 50
212 791 0 50
213 790 0 49
214 790 0 50
215 789 0 49
216 782 0 47
217 782 0 48
218 782 0 49
219 781 0 48
220 780 0 47
221 779 0 46
222 779 0 47
223 779 0 48
224 778 0 47
225 778 0 48
226 778 0 49
227 778 0 50
228 778 0 51
229 777 0 50
230 776 0 49
231 776 0 50
232 776 0 51
233 776 0 52
234 775 0 51
235 775 0 52
236 774 0 52
237 773 0 51
238 773 0 52
239 773 0 53
240 773 0 54
241 770 0 50
242 770 0 51
243 770 0 52
244 766 0 50
245 759 0 47
246 758 0 46
247 758 0 47
248 757 0 46
249 757 0 46
250 757 0 47
251 756 0 46
252 756 0 47
253 755 0 46
254 755 0 47
255 755 0 48
256 755 0 49
257 755 0 48
258 755 0 49
259 753 0 46
260 753 0 47
261 753 0 48
262 753 0 48
263 752 0 47
264 750 0 44
265 749 0 43
266 749 0 44
267 749 0 45
268 749 0 46
269 748 0 45
270 746 0 44
271 745 0 43
272 744 0 42
273 744 0 42
274 744 0 43
275 743 0 42
276 743 0 43
277 743 0 44
278 742 0 43
279 742 0 44
280 742 0 45
281 741 0 44
282 741 0 45
283 741 0 46
284 741 0 47
285 740 0 46
286 738 0 43
287 737 0 42
288 737 0 43
289 736 0 42
290 736 0 43
291 735 0 42
292 735 0 43
293 734 0 42
294 734 0 43
295 734 0 44
296 733 0 43
297 733 0 44
298 733 0 45
299 733 0 46
300 732 0 45
301 732 0 46
302 732 0 47
303 731 0 46
304 731 0 47
305 731 0 48
306 731 0 49
307 731 0 50
308 731 0 51
309 729 0 48
310 726 0 47
311 726 0 48
312 726 0 49
313 725 0 47
314 725 0 48
315 722 0 43
316 722 0 44
317 722 0 45
318 722 0 46
319 721 0 45
320 720 0 44
321 720 0 45
322 720 0 46
323 720 0 45
324 720 0 46
325 720 0 47
326 720 0 48
327 720 0 48
328 720 0 49
329 0 718 0 46
329 790 0 46
330 790 0 47
331 789 0 46
332 788 0 45
333 788 0 46
334 787 0 45
335 787 0 46
336 787 0 47
337 784 0 42
338 784 0 43
339 784 0 44
340 784 0 45
341 783 0 44
342 781 0 43
343 781 0 44
344 781 0 45
345 780 0 44
346 780 0 45
347 780 0 46
348 780 0 47
349 780 0 48
350 778 0 47
351 778 0 48
352 778 0 49
353 777 0 48
354 777 0 49
355 776 0 48
356 776 0 49
357 776 0 50
358 775 0 49
359 774 0 48
360 773 0 47
361 773 0 48
362 772 0 47
363 770 0 46
364 770 0 47
365 768 0 44
366 768 0 45
367 768 0 46
368 766 0 45
369 766 0 46
370 765 0 45
371 755 0 40
372 755 0 41
373 755 0 42
374 754 0 41
375 754 0 42
376 753 0 41
377 753 0 42
378 753 0 43
379 753 0 44
380 752 0 43
381 752 0 44
382 752 0 45
383 752 0 46
384 750 0 45
385 750 0 46
386 750 0 47
387 750 0 48
388 750 0 49
389 750 0 50
390 750 0 51
391 750 0 52
392 750 0 53
393 750 0 54
394 750 0 55
395 750 0 56
396 750 0 57
397 749 0 56
398 746 0 54
399 745 0 53
400 745 0 54
401 744 0 53
402 744 0 54
403 744 0 55
404 743 0 54
405 743 0 55
406 743 0 56
407 743 0 57
408 743 0 58
409 739 0 56
410 0 717 0 46
410 789 0 46
411 788 0 46
412 788 0 47
413 788 0 48
414 787 0 46
415 787 0 47
416 785 0 46
417 783 0 43
418 782 0 42
419 781 0 41
420 781 0 42
421 781 0 43
422 781 0 43
423 781 0 44
424 781 0 45
425 780 0 44
426 775 0 41
427 775 0 42
428 775 0 43
429 775 0 44
430 774 0 43
431 774 0 43
432 773 0 42
433 773 0 43
434 773 0 44
435 770 0 41
436 769 0 40
437 768 0 39
438 767 0 38
439 767 0 39
440 766 0 38
441 766 0 39
442 766 0 40
443 765 0 39
444 765 0 40
445 765 0 41
446 765 0 42
447 764 0 41
448 764 0 42
449 764 0 43
450 763 0 42
451 763 0 43
452 763 0 44
453 763 0 45
454 762 0 44
455 757 0 39
456 757 0 40
457 756 0 39
458 755 0 37
459 755 0 38
460 755 0 39
461 755 0 40
462 755 0 41
463 754 0 40
464 754 0 41
465 753 0 41
466 753 0 42
467 753 0 43
468 753 0 44
469 751 0 43
470 751 0 44
471 751 0 43
472 751 0 44
473 749 0 43
474 749 0 44
475 749 0 45
476 749 0 46
477 747 0 43
478 746 0 42
479 746 0 42
480 746 0 43
481 745 0 42
482 745 0 43
483 745 0 44
484 745 0 45
485 744 0 44
486 744 0 45
487 744 0 46
488 743 0 45
489 743 0 46
490 743 0 47
491 742 0 46
492 742 0 47
493 742 0 48
494 742 0 49
495 742 0 50
496 742 0 51
497 740 0 47
498 740 0 48
499 740 0 49
500 740 0 50
501 739 0 49
502 738 0 49
503 737 0 48
504 737 0 49
505 737 0 50
506 737 0 51
507 735 0 48
508 735 0 49
509 734 0 48
510 734 0 49
511 733 0 48
512 733 0 49
513 731 0 45
514 731 0 46
515 731 0 47
516 730 0 46
517 730 0 47
518 730 0 48
519 729 0 47
520 729 0 48
521 728 0 47
522 727 0 46
523 727 0 47
524 726 0 46
525 725 0 45
526 725 0 46
527 725 0 47
528 725 0 48
529 723 0 45
530 722 0 44
531 0 716 0 39
531 788 0 39
532 787 0 38
533 787 0 39
534 787 0 39
535 787 0 40
536 786 0 39
537 786 0 40
538 786 0 41
539 786 0 42
540 786 0 43
541 785 0 42
542 784 0 42
543 784 0 43
544 784 0 44
545 783 0 43
546 783 0 44
547 783 0 45
548 783 0 46
549 783 0 47
550 783 0 48
551 782 0 47
552 781 0 46
553 780 0 45
554 779 0 44
555 778 0 43
556 778 0 44
557 777 0 43
558 777 0 44
559 775 0 41
560 775 0 42
561 775 0 43
562 775 0 44
563 775 0 45
564 774 0 44
565 773 0 43
566 773 0 44
567 769 0 42
568 768 0 41
569 768 0 42
570 768 0 43
571 768 0 44
572 768 0 45
573 768 0 46
574 768 0 47
575 768 0 48
576 765 0 45
577 765 0 46
578 764 0 45
579 764 0 46
580 764 0 47
581 764 0 48
582 764 0 49
583 763 0 48
584 763 0 49
585 763 0 50
586 763 0 51
587 763 0 52
588 763 0 53
589 762 0 53
590 760 0 50
591 759 0 49
592 759 0 50
593 759 0 51
594 759 0 52
595 759 0 53
596 759 0 54
597 759 0 55
598 759 0 56
599 758 0 55
600 758 0 56
601 757 0 55
602 756 0 54
603 756 0 55
604 756 0 56
605 756 0 57
606 755 0 56
607 755 0 57
608 755 0 58
609 755 0 59
610 755 0 60
611 754 0 59
612 754 0 60
613 753 0 59
614 753 0 60
615 753 0 61
616 753 0 62
617 726 0 49
618 724 0 48
619 723 0 47
620 723 0 48
621 723 0 49
622 722 0 48
623 722 0 49
624 721 0 48
625 0 718 0 43
625 790 0 43
626 789 0 41
627 789 0 42
628 789 0 43
629 788 0 41
630 788 0 42
631 788 0 43
632 788 0 44
633 788 0 45
634 788 0 46
635 788 0 47
636 786 0 46
637 784 0 45
638 784 0 46
639 784 0 47
640 784 0 46
641 783 0 45
642 783 0 46
643 779 0 43
644 779 0 44
645 779 0 45
646 779 0 46
647 779 0 47
648 779 0 48
649 778 0 47
650 776 0 44
651 776 0 45
652 776 0 46
653 776 0 47
654 776 0 48
655 776 0 49
656 774 0 46
657 773 0 45
658 771 0 44
659 771 0 45
660 771 0 46
661 771 0 46
662 770 0 45
663 768 0 42
664 766 0 41
665 766 0 42
666 766 0 43
667 764 0 41
668 762 0 38
669 762 0 39
670 762 0 40
671 762 0 41
672 762 0 42
673 762 0 43
674 762 0 43
675 761 0 42
676 761 0 42
677 761 0 43
678 761 0 44
679 761 0 45
680 760 0 44
681 760 0 45
682 759 0 45
683 758 0 44
684 757 0 43
685 757 0 44
686 757 0 45
687 757 0 46
688 757 0 47
689 757 0 48
690 757 0 48
691 757 0 48
692 757 0 49
693 757 0 50
694 756 0 49
695 756 0 50
696 756 0 51
697 756 0 52
698 755 0 51
699 754 0 49
700 753 0 48
701 752 0 47
702 752 0 48
703 752 0 49
704 752 0 50
705 752 0 50
706 752 0 51
707 752 0 52
708 752 0 53
709 750 0 50
710 750 0 51
711 749 0 50
712 748 0 49
713 748 0 50
714 747 0 49
715 746 0 48
716 743 0 47
717 743 0 48
718 743 0 49
719 743 0 50
720 742 0 49
721 741 0 48
722 741 0 49
723 741 0 50
724 740 0 49
725 740 0 50
726 736 0 46
727 736 0 47
728 736 0 48
729 733 0 45
730 733 0 46
731 733 0 47
732 732 0 46
733 732 0 47
734 730 0 44
735 730 0 45
736 730 0 46
737 730 0 47
738 730 0 48
739 730 0 49
740 730 0 50
741 730 0 51
742 729 0 50
743 729 0 51
744 728 0 50
745 728 0 51
746 728 0 52
747 727 0 51
748 727 0 52
749 727 0 53
750 727 0 54
751 726 0 53
752 725 0 52
753 725 0 53
754 725 0 54
755 722 0 49
756 721 0 48
757 721 0 49
758 721 0 50
759 721 0 51
760 721 0 52
761 721 0 53
762 720 0 52
763 720 0 53
764 720 0 54
765 720 0 55
766 0 719 0 54
766 791 0 54
767 791 0 55
768 791 0 56
769 790 0 55
770 790 0 56
771 789 0 55
772 788 0 54
773 788 0 55
774 788 0 56
775 788 0 57
776 786 0 55
777 786 0 56
778 786 0 57
779 786 0 58
780 785 0 57
781 785 0 58
782 785 0 59
783 784 0 58
784 782 0 57
785 782 0 58
786 782 0 59
787 776 0 57
788 776 0 58
789 775 0 57
790 775 0 57
791 775 0 58
792 774 0 57
793 774 0 58
794 774 0 59
795 774 0 60
796 773 0 59
797 773 0 60
798 773 0 61
799 773 0 62
800 772 0 60
801 772 0 61
802 772 0 62
803 771 0 61
804 771 0 62
805 771 0 63
806 770 0 62
807 769 0 61
808 768 0 60
809 768 0 61
810 768 0 62
811 764 0 61
812 762 0 58
813 761 0 57
814 759 0 55
815 759 0 56
816 759 0 57
817 759 0 58
818 758 0 57
819 758 0 58
820 758 0 59
