1 0 0 1 0
1 0 0 1 0
1 1 0 3 0
1 0 0 2 0
2 1 0 2 0
2 1 0 2 0
3 0 0 0 1
3 0 0 1 0
4 0 0 2 0
4 1 0 2 0
4 1 0 2 0
5 0 0 1 0
6 0 0 2 0
6 0 0 1 0
7 0 0 0 1
7 1 0 2 0
8 1 0 2 0
8 1 0 2 0
8 1 0 2 0
8 1 0 2 0
9 6 0 3 0
9 1 0 2 0
9 0 0 2 0
10 1 0 2 0
10 1 0 2 0
11 1 0 2 0
12 0 0 1 0
12 1 0 2 0
13 1 0 2 0
14 1 0 2 0
14 1 0 2 0
14 1 0 2 0
14 0 0 2 0
15 0 0 2 0
16 0 0 0 1
16 1 0 3 0
17 0 0 0 1
17 1 0 2 0
18 1 0 1 0
19 2 0 2 0
19 1 0 2 0
20 1 0 2 0
20 1 0 2 0
20 1 0 2 0
21 0 0 0 1
21 1 0 1 0
22 0 0 1 0
22 0 0 1 0
23 1 0 2 0
23 1 0 2 0
23 0 0 1 0
23 0 0 2 0
24 1 0 2 0
25 2 0 4 0
25 1 0 2 0
26 0 0 0 1
27 0 0 0 1
27 1 0 2 0
27 1 0 2 0
28 0 0 0 1
29 1 0 3 0
29 1 0 2 0
29 1 0 2 0
30 0 0 0 1
31 0 0 2 0
31 1 0 2 0
32 1 0 2 0
33 0 0 1 0
34 0 0 2 0
34 0 0 2 0
35 1 0 2 0
35 1 0 2 0
36 0 0 0 1
36 1 0 2 0
38 0 0 1 0
38 1 0 2 0
38 2 0 5 0
39 0 0 1 0
39 1 0 2 0
40 1 0 2 0
41 1 0 2 0
42 0 0 0 1
42 0 0 2 0
42 0 0 2 0
42 0 0 2 0
43 0 0 1 0
43 1 0 2 0
44 0 0 0 1
44 1 0 2 0
45 0 0 0 1
45 1 0 3 0
46 0 0 2 0
46 1 0 2 0
47 1 0 2 0
47 1 0 2 0
48 1 0 3 0
48 1 0 2 0
49 0 0 2 0
50 1 0 2 0
50 1 0 2 0
51 0 0 1 0
52 1 0 2 0
52 1 0 2 0
52 1 0 1 0
52 1 0 2 0
52 1 0 2 0
52 1 0 2 0
52 1 0 2 0
53 1 0 2 0
54 1 0 2 0
55 1 0 2 0
55 1 0 3 0
55 1 0 2 0
56 1 0 2 0
56 1 0 2 0
58 2 0 2 0
58 1 0 3 0
59 0 0 1 0
59 0 0 2 0
59 1 0 2 0
59 1 0 2 0
60 0 0 0 1
60 1 0 2 0
60 1 0 2 0
62 1 0 2 0
63 0 0 0 1
64 1 0 2 0
64 0 0 2 0
64 0 0 2 0
65 1 0 2 0
65 1 0 2 0
65 1 0 3 0
66 1 0 2 0
67 0 0 0 1
68 0 0 0 1
69 1 0 2 0
69 1 0 2 0
70 1 0 2 0
70 1 0 3 0
71 1 0 2 0
72 2 0 2 0
72 1 0 3 0
72 1 0 2 0
72 1 0 2 0
72 1 0 2 0
72 1 0 2 0
73 1 0 2 0
74 1 0 3 0
76 1 0 2 0
76 1 0 2 0
76 1 0 5 0
77 1 0 2 0
77 1 0 2 0
77 1 0 2 0
79 1 0 2 0
79 1 0 2 0
79 1 0 2 0
80 1 0 2 0
81 1 0 2 0
81 1 0 2 0
82 0 0 0 1
83 1 0 2 0
83 1 0 2 0
84 0 0 0 1
84 1 0 2 0
84 1 0 3 0
85 1 0 2 0
85 1 0 2 0
86 0 0 0 1
86 1 0 2 0
87 0 0 0 1
87 1 0 2 0
87 1 0 2 0
88 0 0 0 1
88 1 0 2 0
88 1 0 2 0
89 1 0 3 0
90 0 0 0 1
91 1 0 2 0
91 1 0 2 0
91 0 0 2 0
92 1 0 2 0
94 0 0 0 1
94 2 0 4 0
95 1 0 2 0
95 1 0 2 0
95 1 0 2 0
96 0 0 2 0
96 1 0 2 0
97 0 0 0 1
97 1 0 2 0
98 0 0 0 1
98 1 0 2 0
99 0 0 0 1
99 1 0 2 0
99 2 0 2 0
100 1 0 2 0
100 2 0 4 0
102 1 0 2 0
102 1 0 2 0
102 1 0 2 0
103 0 0 1 0
103 1 0 2 0
103 1 0 2 0
104 0 0 0 1
104 1 0 2 0
104 1 0 2 0
105 1 0 2 0
106 0 0 0 1
106 1 0 2 0
107 0 0 0 1
108 0 0 0 1
108 1 0 2 0
108 1 0 3 0
108 1 0 2 0
108 0 0 2 0
109 1 0 2 0
110 1 0 2 0
111 1 0 2 0
112 1 0 2 0
113 0 0 0 1
114 0 0 0 1
114 1 0 2 0
115 1 0 2 0
115 2 0 4 0
116 0 0 0 1
116 1 0 2 0
116 1 0 2 0
117 1 0 2 0
117 1 0 2 0
118 1 0 2 0
118 1 0 2 0
118 1 0 2 0
119 0 0 2 0
119 1 0 2 0
119 1 0 2 0
120 1 0 2 0
122 1 0 3 0
122 0 0 1 0
123 2 0 3 0
123 1 0 2 0
123 1 0 2 0
124 0 0 2 0
124 0 0 2 0
125 1 0 2 0
126 1 0 2 0
126 1 0 2 0
127 0 0 0 1
128 1 0 2 0
128 1 0 2 0
128 1 0 2 0
129 1 0 2 0
130 2 0 2 0
130 1 0 2 0
130 1 0 2 0
131 0 0 0 1
131 1 0 2 0
131 1 0 2 0
131 1 0 2 0
132 1 0 2 0
133 1 0 2 0
134 1 0 2 0
135 0 0 0 1
135 0 0 2 0
135 1 0 2 0
135 0 0 2 0
136 2 0 2 0
136 1 0 2 0
136 1 0 2 0
136 1 0 2 0
137 0 0 0 1
137 1 0 2 0
138 1 0 2 0
139 0 0 0 1
140 0 0 0 1
140 1 0 2 0
141 1 0 3 0
142 0 0 2 0
142 1 0 2 0
143 0 0 0 1
143 1 0 3 0
143 1 0 2 0
144 1 0 4 0
144 1 0 1 0
144 1 0 2 0
145 0 0 2 0
147 0 0 0 1
148 1 0 2 0
149 0 0 0 1
149 1 0 2 0
150 1 0 2 0
150 0 0 0 1
150 1 0 2 0
150 1 0 2 0
151 0 0 0 1
151 1 0 2 0
152 0 0 0 1
152 1 0 2 0
153 1 0 2 0
153 1 0 2 0
154 0 0 1 0
154 1 0 2 0
154 1 0 2 0
155 0 0 0 1
155 1 0 2 0
155 1 0 2 0
156 0 0 0 1
156 1 0 1 0
157 1 0 2 0
157 0 0 2 0
158 0 0 2 0
159 1 0 2 0
159 1 0 3 0
160 1 0 2 0
160 0 0 2 0
161 1 0 2 0
161 2 0 2 0
162 1 0 2 0
162 1 0 2 0
162 0 0 1 0
163 0 0 0 1
163 1 0 2 0
163 0 0 2 0
163 1 0 2 0
165 1 0 1 0
165 1 0 2 0
165 0 0 2 0
167 1 0 2 0
167 1 0 2 0
167 1 0 3 0
168 1 0 2 0
169 0 0 0 1
169 1 0 2 0
170 0 0 0 1
170 1 0 2 0
170 1 0 2 0
171 1 0 2 0
172 0 0 0 1
174 1 0 3 0
174 0 0 1 0
174 0 0 1 0
174 1 0 2 0
174 1 0 2 0
176 1 0 2 0
176 1 0 2 0
177 2 0 2 0
177 0 0 1 0
179 1 0 2 0
179 1 0 2 0
180 0 0 2 0
180 1 0 2 0
181 1 0 2 0
181 0 0 2 0
182 0 0 2 0
183 0 0 1 0
183 1 0 2 0
183 1 0 2 0
184 1 0 2 0
184 1 0 2 0
185 0 0 0 1
185 1 0 3 0
186 1 0 2 0
186 0 0 2 0
187 0 0 0 1
187 1 0 2 0
187 1 0 2 0
187 1 0 2 0
188 0 0 0 1
188 1 0 2 0
189 0 0 0 1
189 3 0 2 0
189 1 0 2 0
190 0 0 1 0
190 2 0 2 0
191 1 0 1 0
191 1 0 1 0
192 0 0 1 0
192 1 0 2 0
192 1 0 2 0
193 0 0 0 1
194 0 0 0 1
194 1 0 2 0
196 1 0 2 0
196 1 0 3 0
197 0 0 0 1
197 1 0 2 0
197 1 0 2 0
197 1 0 3 0
198 0 0 0 1
199 1 0 2 0
199 1 0 1 0
199 2 0 3 0
199 1 0 2 0
199 1 0 2 0
200 1 0 2 0
200 1 0 3 0
202 1 0 2 0
202 1 0 2 0
202 1 0 2 0
202 1 0 2 0
202 1 0 2 0
203 1 0 2 0
203 1 0 2 0
205 0 0 0 1
206 0 0 2 0
208 1 0 2 0
208 1 0 2 0
208 1 0 2 0
208 1 0 2 0
208 1 0 2 0
209 1 0 2 0
209 1 0 2 0
210 0 0 0 1
210 2 0 2 0
210 1 0 2 0
211 2 0 2 0
211 1 0 2 0
212 1 0 1 0
212 1 0 2 0
212 1 0 2 0
212 1 0 2 0
213 1 0 2 0
214 1 0 2 0
215 2 0 2 0
216 0 0 0 1
216 1 0 2 0
217 0 0 2 0
218 0 0 0 1
218 1 0 2 0
218 1 0 2 0
219 1 0 2 0
220 1 0 2 0
220 1 0 3 0
220 1 0 2 0
221 0 0 0 1
221 1 0 2 0
222 1 0 2 0
223 1 0 2 0
223 0 0 2 0
224 0 0 1 0
224 2 0 2 0
224 1 0 2 0
225 1 0 3 0
226 1 0 2 0
226 1 0 2 0
228 0 0 0 1
228 1 0 2 0
228 1 0 2 0
229 0 0 0 1
230 1 0 3 0
230 0 0 2 0
230 1 0 2 0
230 0 0 2 0
231 0 0 0 1
231 2 0 2 0
231 1 0 2 0
232 0 0 0 1
232 1 0 3 0
233 0 0 2 0
233 1 0 2 0
233 2 0 2 0
234 0 0 0 1
234 1 0 2 0
234 1 0 2 0
235 0 0 0 1
237 1 0 2 0
237 1 0 3 0
238 1 0 2 0
239 1 0 1 0
239 1 0 2 0
239 1 0 2 0
239 1 0 2 0
240 0 0 0 1
240 1 0 2 0
241 3 0 3 0
242 2 0 2 0
243 0 0 0 1
243 1 0 2 0
243 1 0 2 0
245 0 0 0 1
245 1 0 2 0
246 1 0 2 0
247 0 0 0 1
247 1 0 1 0
247 1 0 2 0
249 1 0 2 0
249 1 0 2 0
249 1 0 2 0
250 1 0 4 0
250 1 0 2 0
251 0 0 1 0
252 0 0 0 1
252 0 0 1 0
252 0 0 1 0
253 0 0 1 0
253 1 0 2 0
253 1 0 2 0
253 1 0 2 0
254 1 0 2 0
254 1 0 2 0
255 1 0 2 0
255 1 0 2 0
256 1 0 2 0
256 0 0 0 1
256 1 0 1 0
256 1 0 2 0
256 1 0 2 0
257 3 0 5 0
259 1 0 2 0
259 0 0 2 0
259 1 0 2 0
259 1 0 2 0
260 1 0 2 0
261 0 0 0 1
261 4 0 4 0
262 1 0 1 0
262 0 0 0 1
262 1 0 2 0
263 1 0 2 0
264 0 0 0 1
264 1 0 3 0
266 5 0 5 0
267 1 0 1 0
269 1 0 3 0
269 1 0 3 0
270 1 0 3 0
270 1 0 2 0
270 1 0 2 0
270 1 0 2 0
271 1 0 2 0
271 1 0 2 0
272 0 0 0 1
272 1 0 2 0
272 1 0 2 0
272 1 0 2 0
274 0 0 0 1
274 1 0 2 0
274 1 0 2 0
275 1 0 2 0
276 0 0 0 1
276 0 0 2 0
277 1 0 2 0
277 1 0 2 0
277 1 0 2 0
278 2 0 2 0
278 1 0 2 0
280 1 0 2 0
280 1 0 2 0
280 1 0 2 0
281 0 0 0 1
281 1 0 2 0
281 1 0 2 0
281 1 0 3 0
282 0 0 0 1
282 0 0 2 0
283 0 0 2 0
283 1 0 2 0
284 1 0 2 0
284 1 0 2 0
285 1 0 2 0
288 0 0 1 0
288 1 0 2 0
288 1 0 2 0
288 1 0 2 0
288 1 0 3 0
290 0 0 0 1
290 0 0 1 0
291 1 0 2 0
292 0 0 2 0
292 1 0 2 0
292 1 0 2 0
292 1 0 2 0
293 0 0 0 1
293 1 0 2 0
293 1 0 2 0
294 0 0 0 1
294 1 0 2 0
294 1 0 2 0
295 1 0 2 0
295 1 0 2 0
296 1 0 2 0
296 1 0 2 0
296 1 0 2 0
296 1 0 2 0
297 1 0 2 0
298 0 0 0 1
298 1 0 2 0
299 0 0 0 1
299 1 0 2 0
299 1 0 3 0
300 2 0 2 0
300 0 0 2 0
300 0 0 1 0
301 1 0 1 0
303 0 0 1 0
303 1 0 3 0
303 1 0 2 0
304 1 0 2 0
304 2 0 2 0
305 0 0 2 0
306 1 0 2 0
306 1 0 2 0
307 0 0 0 1
307 1 0 2 0
308 1 0 3 0
308 1 0 2 0
309 0 0 1 0
309 1 0 2 0
309 0 0 2 0
309 1 0 2 0
309 3 0 2 0
310 2 0 2 0
311 1 0 2 0
311 1 0 2 0
312 0 0 1 0
312 1 0 2 0
312 1 0 2 0
313 1 0 2 0
314 1 0 1 0
314 1 0 2 0
314 0 0 2 0
315 2 0 2 0
315 1 0 2 0
316 1 0 2 0
317 1 0 1 0
317 1 0 2 0
317 1 0 2 0
318 0 0 1 0
318 0 0 0 1
319 2 0 2 0
319 1 0 2 0
319 1 0 3 0
319 0 0 2 0
320 1 0 2 0
321 2 0 4 0
321 1 0 2 0
322 0 0 0 1
322 1 0 2 0
324 0 0 0 1
324 1 0 2 0
324 1 0 2 0
324 1 0 2 0
324 2 0 2 0
324 0 0 2 0
325 1 0 2 0
326 0 0 1 0
326 0 0 2 0
327 1 0 2 0
328 0 0 0 1
328 1 0 2 0
328 1 0 2 0
329 1 0 2 0
330 0 0 0 1
330 1 0 2 0
331 0 0 1 0
332 0 0 0 1
332 0 0 2 0
333 0 0 1 0
333 1 0 2 0
333 1 0 2 0
334 2 0 2 0
335 0 0 0 1
335 1 0 3 0
335 1 0 2 0
335 0 0 2 0
335 0 0 2 0
337 1 0 2 0
338 2 0 1 0
339 0 0 0 1
340 1 0 3 0
340 1 0 2 0
340 1 0 2 0
341 1 0 2 0
342 0 0 0 1
342 1 0 1 0
342 1 0 2 0
342 1 0 2 0
343 1 0 2 0
343 1 0 2 0
343 1 0 2 0
344 0 0 0 1
344 2 0 2 0
345 1 0 2 0
345 1 0 2 0
346 0 0 0 1
346 1 0 2 0
347 0 0 2 0
347 0 0 2 0
348 0 0 0 1
348 1 0 3 0
349 1 0 2 0
349 2 0 1 0
350 0 0 0 1
350 1 0 2 0
351 1 0 2 0
351 1 0 2 0
352 0 0 0 1
352 1 0 2 0
353 0 0 1 0
353 0 0 1 0
353 2 0 2 0
354 0 0 0 1
356 0 0 1 0
356 1 0 2 0
357 0 0 2 0
358 1 0 3 0
358 0 0 2 0
359 1 0 2 0
359 0 0 2 0
359 1 0 2 0
360 1 0 2 0
360 1 0 2 0
361 0 0 0 1
361 0 0 1 0
361 1 0 2 0
362 0 0 0 0 1
362 0 4 0 5 0
363 0 1 0 2 0
363 2 1 0 3 0
364 0 0 0 0 1
364 0 1 0 2 0
364 0 1 0 2 0
364 0 1 0 2 0
365 0 1 0 2 0
365 0 2 0 2 0
365 1 1 0 3 0
366 0 0 0 1 0
366 0 1 0 2 0
368 0 0 0 1 0
368 0 1 0 2 0
370 0 0 0 0 1
370 1 1 0 2 0
371 0 1 0 3 0
371 0 1 0 2 0
371 2 0 0 2 0
372 1 0 0 2 0
373 0 1 0 2 0
374 0 1 0 2 0
374 0 1 0 2 0
374 0 0 0 2 0
374 2 0 0 1 0
375 0 0 0 0 1
375 0 1 0 2 0
376 0 0 0 0 1
376 0 1 0 2 0
376 0 4 0 2 0
376 0 0 0 2 0
377 0 0 0 0 1
377 0 1 0 2 0
378 0 0 0 0 1
378 2 1 0 2 0
379 0 1 0 2 0
380 0 0 0 0 1
380 1 1 0 2 0
380 2 1 0 2 0
381 0 0 0 0 1
382 0 1 0 2 0
383 0 1 0 2 0
383 0 1 0 2 0
384 0 0 0 0 1
385 0 1 0 2 0
385 1 0 0 1 0
386 2 1 0 2 0
387 0 0 0 2 0
387 2 1 0 2 0
387 2 1 0 2 0
388 0 0 0 1 0
388 0 0 0 1 0
389 0 1 0 2 0
390 0 0 0 0 1
390 0 0 0 1 0
390 0 0 0 2 0
391 0 0 0 2 0
391 0 1 0 2 0
392 0 1 0 3 0
