0 0 828 0 0
0 1 828 0 37
0 2 828 0 38
1 0 827 0 35
1 0 899 0 35
1 1 899 0 36
1 2 899 0 35
2 0 897 0 33
2 1 897 0 34
2 2 897 0 35
3 0 897 0 34
3 1 897 0 35
3 2 897 0 36
4 0 895 0 32
4 1 895 0 33
4 2 895 0 34
5 0 895 0 36
5 1 895 0 37
5 2 895 0 37
6 0 895 0 39
6 1 895 0 38
6 2 895 0 38
7 0 895 0 38
7 1 895 0 39
7 2 894 0 38
8 0 890 0 32
8 1 890 0 33
8 2 890 0 34
9 0 883 0 31
9 1 883 0 30
9 2 883 0 31
10 0 881 0 29
10 1 881 0 30
10 2 881 0 31
11 0 880 0 31
11 1 880 0 32
11 2 880 0 33
12 0 879 0 32
12 1 879 0 33
12 2 879 0 34
13 0 878 0 34
13 1 878 0 35
13 2 878 0 36
14 0 875 0 30
14 1 875 0 31
14 2 875 0 32
15 0 875 0 34
15 1 875 0 33
15 2 875 0 34
16 0 875 0 34
16 1 875 0 35
16 2 874 0 33
17 0 873 0 31
17 1 873 0 32
17 2 873 0 33
18 0 872 0 34
18 1 872 0 35
18 2 872 0 36
19 0 869 0 34
19 1 869 0 35
19 2 869 0 36
20 0 867 0 34
20 1 867 0 35
20 2 866 0 34
21 0 865 0 33
21 1 865 0 34
21 2 865 0 35
22 0 865 0 35
22 1 865 0 36
22 2 865 0 37
23 0 863 0 34
23 0 935 0 34
23 1 935 0 35
23 2 935 0 34
24 0 935 0 36
24 1 935 0 37
24 2 934 0 36
25 0 931 0 32
25 1 931 0 33
25 2 931 0 34
26 0 931 0 34
26 1 931 0 35
26 2 931 0 36
27 0 929 0 32
27 1 929 0 33
27 2 929 0 34
28 0 929 0 34
28 1 929 0 35
28 2 929 0 36
29 0 927 0 33
29 1 926 0 32
29 2 926 0 33
30 0 926 0 33
30 1 926 0 34
30 2 926 0 35
31 0 926 0 35
31 1 925 0 34
31 2 925 0 35
32 0 924 0 35
32 1 924 0 36
32 2 924 0 37
33 0 924 0 38
33 1 924 0 39
33 2 924 0 40
34 0 924 0 40
34 1 924 0 41
34 2 924 0 40
35 0 922 0 38
35 1 922 0 39
35 2 922 0 40
36 0 921 0 38
36 1 921 0 39
36 2 921 0 40
37 0 921 0 42
37 1 921 0 43
37 2 921 0 44
38 0 918 0 38
38 1 918 0 39
38 2 918 0 40
39 0 917 0 39
39 1 917 0 40
39 2 917 0 41
40 0 916 0 41
40 1 916 0 42
40 2 916 0 43
41 0 915 0 43
41 1 915 0 44
41 2 915 0 45
42 0 915 0 41
42 1 915 0 40
42 2 915 0 41
43 0 914 0 40
43 1 914 0 41
43 2 914 0 42
44 0 914 0 42
44 1 913 0 41
44 2 913 0 42
45 0 913 0 42
45 1 912 0 40
45 2 912 0 41
46 0 911 0 39
46 1 911 0 40
46 2 911 0 41
47 0 910 0 41
47 1 910 0 42
47 2 909 0 41
48 0 908 0 40
48 1 908 0 41
48 2 907 0 40
49 0 907 0 40
49 1 907 0 41
49 2 907 0 42
50 0 905 0 40
50 1 905 0 41
50 2 905 0 42
51 0 905 0 43
51 1 905 0 44
51 2 905 0 45
52 0 899 0 36
52 1 898 0 35
52 2 898 0 36
53 0 897 0 36
53 1 897 0 37
53 2 897 0 38
54 0 896 0 38
54 1 896 0 39
54 2 896 0 40
55 0 893 0 35
55 1 893 0 36
55 2 893 0 37
56 0 891 0 35
56 1 891 0 36
56 2 891 0 37
57 0 891 0 39
57 1 891 0 40
57 2 891 0 41
58 0 888 0 38
58 1 888 0 39
58 2 888 0 40
59 0 887 0 37
59 1 886 0 36
59 2 886 0 37
60 0 885 0 35
60 1 885 0 36
60 2 884 0 35
61 0 884 0 37
61 1 884 0 38
61 2 884 0 39
62 0 883 0 39
62 1 883 0 40
62 2 883 0 41
63 0 883 0 41
63 1 883 0 42
63 2 883 0 43
64 0 882 0 41
64 1 882 0 42
64 2 882 0 41
65 0 879 0 36
65 1 879 0 37
65 2 879 0 38
66 0 878 0 38
66 1 878 0 39
66 2 878 0 40
67 0 878 0 40
67 1 878 0 41
67 2 878 0 42
68 0 878 0 42
68 1 878 0 43
68 2 878 0 44
69 0 876 0 42
69 1 876 0 43
69 2 876 0 44
70 0 874 0 41
70 1 874 0 42
70 2 874 0 43
71 0 873 0 43
71 1 873 0 44
71 2 873 0 45
72 0 868 0 38
72 1 868 0 39
72 2 866 0 36
73 0 865 0 36
73 1 865 0 37
73 2 865 0 38
74 0 865 0 40
74 1 865 0 41
74 2 864 0 39
75 0 864 0 41
75 1 864 0 42
75 2 864 0 43
76 0 861 0 36
76 0 933 0 36
76 1 933 0 37
76 2 933 0 38
77 0 931 0 36
77 1 931 0 37
77 2 930 0 36
78 0 930 0 38
78 1 930 0 39
78 2 930 0 40
79 0 927 0 36
79 1 927 0 37
79 2 927 0 38
80 0 926 0 38
80 1 926 0 39
80 2 926 0 40
81 0 924 0 38
81 1 924 0 39
81 2 924 0 40
82 0 924 0 40
82 1 924 0 41
82 2 924 0 42
83 0 923 0 42
83 1 922 0 41
83 2 922 0 42
84 0 920 0 37
84 1 920 0 38
84 2 920 0 39
85 0 919 0 39
85 1 918 0 38
85 2 918 0 39
86 0 918 0 39
86 1 917 0 38
86 2 917 0 39
87 0 915 0 35
87 1 915 0 36
87 2 915 0 37
88 0 914 0 35
88 1 913 0 34
88 2 913 0 35
89 0 912 0 34
89 1 912 0 35
89 2 912 0 36
90 0 912 0 36
90 1 912 0 37
90 2 912 0 38
91 0 911 0 38
91 1 910 0 35
91 2 910 0 36
92 0 910 0 38
92 1 909 0 37
92 2 909 0 38
93 0 909 0 40
93 1 909 0 41
93 2 909 0 42
94 0 907 0 38
94 1 907 0 39
94 2 907 0 40
95 0 904 0 36
95 1 904 0 37
95 2 904 0 38
96 0 903 0 36
96 1 903 0 37
96 2 903 0 38
97 0 903 0 38
97 1 903 0 39
97 2 902 0 38
98 0 901 0 36
98 1 901 0 37
98 2 901 0 38
99 0 900 0 36
99 1 898 0 35
99 2 898 0 36
100 0 895 0 32
100 1 895 0 33
100 2 895 0 34
101 0 895 0 36
101 1 895 0 37
101 2 895 0 38
102 0 893 0 36
102 1 892 0 35
102 2 892 0 36
103 0 890 0 33
103 1 890 0 34
103 2 890 0 35
104 0 888 0 31
104 1 888 0 32
104 2 888 0 33
105 0 887 0 33
105 1 887 0 34
105 2 887 0 35
106 0 886 0 33
106 1 886 0 34
106 2 886 0 35
107 0 886 0 35
107 1 886 0 36
107 2 886 0 37
108 0 883 0 30
108 1 883 0 31
108 2 883 0 30
109 0 882 0 30
109 1 882 0 31
109 2 882 0 32
110 0 881 0 32
110 1 881 0 33
110 2 881 0 34
111 0 880 0 34
111 1 880 0 35
111 2 880 0 36
112 0 879 0 36
112 1 879 0 37
112 2 879 0 38
113 0 879 0 38
113 1 879 0 39
113 2 879 0 40
114 0 879 0 40
114 1 879 0 41
114 2 878 0 40
115 0 875 0 36
115 1 875 0 37
115 2 875 0 38
116 0 873 0 34
116 1 873 0 35
116 2 873 0 36
117 0 871 0 34
117 1 871 0 35
117 2 871 0 36
118 0 868 0 32
118 1 868 0 33
118 2 868 0 34
119 0 867 0 32
119 1 866 0 31
119 2 866 0 32
120 0 865 0 32
120 1 865 0 33
120 2 865 0 34
121 0 865 0 36
121 1 865 0 37
121 2 865 0 38
122 0 864 0 36
122 1 864 0 37
122 2 864 0 38
123 0 860 0 33
123 0 932 0 33
123 1 932 0 34
123 2 932 0 35
124 0 932 0 35
124 1 932 0 36
124 2 932 0 35
125 0 931 0 35
125 1 931 0 36
125 2 931 0 37
126 0 929 0 35
126 1 929 0 36
126 2 929 0 37
127 0 929 0 37
127 1 929 0 38
127 2 929 0 39
128 0 926 0 35
128 1 926 0 36
128 2 926 0 37
129 0 925 0 37
129 1 925 0 38
129 2 925 0 39
130 0 922 0 37
130 1 921 0 36
130 2 921 0 37
131 0 918 0 31
131 1 918 0 32
131 2 918 0 33
132 0 917 0 33
132 1 917 0 34
132 2 917 0 35
133 0 916 0 35
133 1 916 0 36
133 2 916 0 37
134 0 916 0 39
134 1 916 0 40
134 2 915 0 39
135 0 915 0 37
135 1 914 0 36
135 2 914 0 35
136 0 911 0 33
136 1 910 0 32
136 2 909 0 31
137 0 909 0 31
137 1 909 0 32
137 2 908 0 31
138 0 908 0 33
138 1 908 0 34
138 2 907 0 33
139 0 907 0 33
139 1 907 0 34
139 2 907 0 35
140 0 907 0 35
140 1 906 0 34
140 2 906 0 35
141 0 905 0 34
141 1 905 0 35
141 2 905 0 36
142 0 904 0 34
142 1 904 0 35
142 2 904 0 36
143 0 902 0 31
143 1 902 0 32
143 2 902 0 33
144 0 900 0 30
144 1 899 0 29
144 2 899 0 30
145 0 899 0 30
145 1 899 0 31
145 2 899 0 32
146 0 899 0 34
146 1 899 0 35
146 2 899 0 36
147 0 899 0 36
147 1 899 0 37
147 2 899 0 38
148 0 898 0 38
148 1 898 0 39
148 2 898 0 40
149 0 897 0 38
149 1 897 0 39
149 2 897 0 40
150 0 894 0 34
150 1 894 0 35
150 2 894 0 36
151 0 893 0 34
151 1 893 0 35
151 2 893 0 36
152 0 892 0 34
152 1 892 0 35
152 2 892 0 36
153 0 890 0 34
153 1 890 0 35
153 2 890 0 36
154 0 888 0 33
154 1 888 0 34
154 2 888 0 35
155 0 886 0 31
155 1 886 0 32
155 2 886 0 33
156 0 885 0 32
156 1 885 0 33
156 2 885 0 34
157 0 884 0 32
157 1 884 0 33
157 2 884 0 34
158 0 884 0 34
158 1 884 0 35
158 2 884 0 36
159 0 882 0 33
159 1 882 0 34
159 2 882 0 35
160 0 881 0 33
160 1 881 0 34
160 2 881 0 35
161 0 878 0 33
161 1 878 0 34
161 2 878 0 35
162 0 876 0 32
162 1 876 0 33
162 2 876 0 34
163 0 874 0 28
163 1 874 0 29
163 2 874 0 30
164 0 874 0 32
164 1 874 0 33
164 2 874 0 34
165 0 872 0 31
165 1 872 0 32
165 2 872 0 33
166 0 872 0 35
166 1 872 0 36
166 2 872 0 37
167 0 871 0 37
167 1 870 0 36
167 2 869 0 34
168 0 868 0 34
168 1 868 0 35
168 2 868 0 36
169 0 867 0 34
169 1 867 0 35
169 2 867 0 36
170 0 865 0 32
170 1 865 0 33
170 2 865 0 34
171 0 864 0 34
171 1 864 0 35
171 2 864 0 36
172 0 864 0 36
172 1 864 0 37
172 2 864 0 38
173 0 864 0 40
173 1 864 0 41
173 2 864 0 42
174 0 862 0 37
174 0 934 0 37
174 1 934 0 38
174 2 933 0 37
175 0 933 0 39
175 1 933 0 40
175 2 933 0 41
176 0 932 0 41
176 1 931 0 40
176 2 931 0 41
177 0 929 0 41
177 1 929 0 42
177 2 929 0 42
178 0 929 0 44
178 1 929 0 45
178 2 929 0 46
179 0 927 0 44
179 1 927 0 45
179 2 927 0 46
180 0 926 0 44
180 1 926 0 45
180 2 926 0 46
181 0 925 0 46
181 1 925 0 45
181 2 925 0 46
182 0 925 0 46
182 1 925 0 47
182 2 925 0 48
183 0 924 0 47
183 1 923 0 46
183 2 923 0 47
184 0 921 0 45
184 1 921 0 46
184 2 921 0 47
185 0 920 0 44
185 1 920 0 45
185 2 920 0 46
186 0 919 0 46
186 1 919 0 47
186 2 919 0 46
187 0 917 0 42
187 1 917 0 43
187 2 916 0 42
188 0 915 0 40
188 1 915 0 41
188 2 915 0 42
189 0 912 0 40
189 1 911 0 39
189 2 911 0 40
190 0 909 0 39
190 1 909 0 40
190 2 909 0 41
191 0 907 0 41
191 1 907 0 42
191 2 907 0 43
192 0 906 0 42
192 1 906 0 43
192 2 905 0 42
193 0 905 0 42
193 1 905 0 43
193 2 905 0 44
194 0 904 0 42
194 1 904 0 43
194 2 904 0 44
195 0 904 0 46
195 1 904 0 47
195 2 904 0 48
196 0 902 0 45
196 1 902 0 46
196 2 902 0 47
197 0 900 0 43
197 1 899 0 41
197 2 899 0 42
198 0 899 0 42
198 1 899 0 43
198 2 899 0 44
199 0 893 0 36
199 1 893 0 37
199 2 893 0 38
200 0 892 0 38
200 1 891 0 36
200 2 891 0 37
201 0 891 0 39
201 1 891 0 40
201 2 891 0 41
202 0 886 0 33
202 1 886 0 34
202 2 886 0 35
203 0 885 0 35
203 1 884 0 34
203 2 884 0 35
204 0 884 0 37
204 1 884 0 38
204 2 884 0 39
205 0 884 0 39
205 1 884 0 40
205 2 884 0 41
206 0 884 0 43
206 1 884 0 44
206 2 884 0 43
207 0 884 0 45
207 1 884 0 46
207 2 884 0 47
208 0 881 0 43
208 1 880 0 42
208 2 879 0 41
209 0 878 0 41
209 1 877 0 40
209 2 877 0 41
210 0 874 0 37
210 1 874 0 38
210 2 874 0 39
211 0 872 0 39
211 1 872 0 40
211 2 871 0 39
212 0 867 0 34
212 1 867 0 35
212 2 867 0 36
213 0 867 0 38
213 1 867 0 39
213 2 866 0 38
214 0 866 0 40
214 1 866 0 41
214 2 865 0 40
215 0 863 0 40
215 0 935 0 40
215 1 935 0 41
215 2 935 0 42
216 0 934 0 40
216 1 934 0 41
216 2 934 0 42
217 0 934 0 44
217 1 934 0 45
217 2 934 0 44
218 0 932 0 40
218 1 932 0 41
218 2 932 0 42
219 0 931 0 42
219 1 931 0 43
219 2 931 0 44
220 0 928 0 39
220 1 928 0 40
220 2 928 0 41
221 0 928 0 41
221 1 928 0 42
221 2 927 0 41
222 0 926 0 41
222 1 926 0 42
222 2 926 0 43
223 0 925 0 43
223 1 925 0 42
223 2 925 0 43
224 0 922 0 40
224 1 922 0 41
224 2 922 0 42
225 0 922 0 44
225 1 922 0 45
225 2 921 0 43
226 0 919 0 41
226 1 919 0 42
226 2 919 0 43
227 0 919 0 45
227 1 919 0 46
227 2 919 0 47
228 0 919 0 47
228 1 917 0 44
228 2 917 0 45
229 0 917 0 45
229 1 917 0 46
229 2 917 0 47
230 0 915 0 42
230 1 915 0 41
230 2 915 0 42
231 0 913 0 40
231 1 913 0 41
231 2 912 0 40
232 0 911 0 37
232 1 911 0 38
232 2 911 0 39
233 0 908 0 35
233 1 908 0 36
233 2 908 0 37
234 0 907 0 35
234 1 906 0 34
234 2 906 0 35
235 0 906 0 35
235 1 906 0 36
235 2 906 0 37
236 0 906 0 39
236 1 906 0 40
236 2 906 0 41
237 0 905 0 41
237 1 904 0 39
237 2 904 0 40
238 0 903 0 40
238 1 903 0 41
238 2 903 0 42
239 0 901 0 41
239 1 900 0 40
239 2 899 0 39
240 0 898 0 37
240 1 898 0 38
240 2 898 0 39
241 0 895 0 38
241 1 895 0 39
241 2 895 0 40
242 0 893 0 40
242 1 893 0 41
242 2 893 0 42
243 0 891 0 38
243 1 891 0 39
243 2 891 0 40
244 0 891 0 42
244 1 891 0 43
244 2 891 0 44
245 0 890 0 42
245 1 890 0 43
245 2 890 0 44
246 0 889 0 44
246 1 889 0 45
246 2 889 0 46
247 0 888 0 45
247 1 888 0 46
247 2 887 0 45
248 0 887 0 47
248 1 887 0 48
248 2 887 0 49
249 0 885 0 47
249 1 884 0 46
249 2 884 0 47
250 0 882 0 43
250 1 882 0 44
250 2 882 0 45
251 0 882 0 46
251 1 882 0 47
251 2 882 0 48
252 0 882 0 46
252 1 882 0 47
252 2 882 0 48
253 0 879 0 43
253 1 879 0 44
253 2 879 0 45
254 0 877 0 43
254 1 877 0 44
254 2 877 0 45
255 0 876 0 45
255 1 876 0 46
255 2 875 0 45
256 0 871 0 38
256 1 871 0 39
256 2 871 0 40
257 0 868 0 37
257 1 868 0 38
257 2 868 0 39
258 0 868 0 41
258 1 868 0 42
258 2 868 0 43
259 0 866 0 39
259 1 865 0 38
259 2 865 0 39
260 0 864 0 39
260 1 864 0 40
260 2 864 0 41
261 0 860 0 37
261 0 932 0 37
261 1 932 0 38
261 2 932 0 39
262 0 930 0 36
262 1 930 0 37
262 2 930 0 38
263 0 929 0 38
263 1 929 0 39
263 2 929 0 40
264 0 928 0 37
264 1 928 0 38
264 2 928 0 39
265 0 928 0 41
265 1 928 0 42
265 2 928 0 43
266 0 923 0 40
266 1 923 0 41
266 2 923 0 42
267 0 922 0 43
267 1 922 0 44
267 2 922 0 45
268 0 922 0 47
268 1 922 0 48
268 2 922 0 49
269 0 921 0 48
269 1 921 0 49
269 2 920 0 47
270 0 916 0 40
270 1 916 0 41
270 2 916 0 42
271 0 914 0 40
271 1 914 0 41
271 2 914 0 42
272 0 911 0 36
272 1 911 0 37
272 2 911 0 38
273 0 911 0 40
273 1 911 0 41
273 2 911 0 42
274 0 909 0 38
274 1 909 0 39
274 2 909 0 40
275 0 908 0 40
275 1 908 0 41
275 2 908 0 42
276 0 908 0 42
276 1 908 0 41
276 2 908 0 42
277 0 905 0 38
277 1 905 0 39
277 2 905 0 40
278 0 902 0 38
278 1 902 0 39
278 2 902 0 40
279 0 902 0 42
279 1 902 0 43
279 2 902 0 44
280 0 899 0 40
280 1 899 0 41
280 2 899 0 42
281 0 896 0 35
281 1 896 0 36
281 2 896 0 37
282 0 896 0 35
282 1 896 0 36
282 2 896 0 37
283 0 895 0 35
283 1 895 0 36
283 2 895 0 37
284 0 893 0 35
284 1 893 0 36
284 2 893 0 37
285 0 892 0 37
285 1 892 0 38
285 2 892 0 39
286 0 892 0 41
286 1 892 0 42
286 2 892 0 43
287 0 892 0 45
287 1 892 0 46
287 2 892 0 47
288 0 889 0 42
288 1 888 0 40
288 2 888 0 41
289 0 888 0 43
289 1 888 0 44
289 2 888 0 45
290 0 888 0 44
290 1 888 0 45
290 2 888 0 46
291 0 887 0 46
291 1 887 0 47
291 2 887 0 48
292 0 886 0 46
292 1 885 0 45
292 2 884 0 44
293 0 883 0 42
293 1 883 0 43
293 2 882 0 42
294 0 880 0 38
294 1 880 0 39
294 2 880 0 40
295 0 878 0 38
295 1 878 0 39
295 2 878 0 40
296 0 875 0 36
296 1 875 0 37
296 2 874 0 36
297 0 874 0 38
297 1 873 0 37
297 2 873 0 38
298 0 873 0 38
298 1 873 0 39
298 2 872 0 38
299 0 872 0 38
299 1 872 0 39
299 2 870 0 35
300 0 868 0 32
300 1 868 0 33
300 2 868 0 34
301 0 867 0 35
301 1 867 0 36
301 2 867 0 37
302 0 867 0 39
302 1 867 0 40
302 2 867 0 41
303 0 865 0 37
303 1 865 0 38
303 2 865 0 39
304 0 862 0 37
304 0 934 0 37
304 1 934 0 38
304 2 934 0 39
305 0 934 0 39
305 1 934 0 40
305 2 934 0 41
306 0 933 0 41
306 1 933 0 42
306 2 932 0 41
307 0 932 0 41
307 1 932 0 42
307 2 931 0 41
308 0 929 0 38
308 1 929 0 39
308 2 929 0 40
309 0 924 0 33
309 1 924 0 34
309 2 924 0 35
310 0 922 0 35
310 1 922 0 36
310 2 922 0 37
311 0 920 0 35
311 1 920 0 36
311 2 920 0 37
312 0 918 0 34
312 1 918 0 35
312 2 918 0 36
313 0 917 0 36
313 1 917 0 37
313 2 917 0 38
314 0 915 0 37
314 1 915 0 36
314 2 915 0 37
315 0 913 0 37
315 1 913 0 38
315 2 912 0 37
316 0 911 0 37
316 1 911 0 38
316 2 911 0 39
317 0 909 0 38
317 1 909 0 39
317 2 908 0 38
318 0 908 0 37
318 1 908 0 38
318 2 908 0 39
319 0 905 0 37
319 1 905 0 38
319 2 904 0 34
320 0 903 0 34
320 1 903 0 35
320 2 903 0 36
321 0 901 0 34
321 1 901 0 35
321 2 900 0 34
322 0 899 0 32
322 1 899 0 33
322 2 899 0 34
323 0 899 0 36
323 1 899 0 37
323 2 899 0 38
324 0 894 0 30
324 1 894 0 31
324 2 894 0 30
325 0 893 0 30
325 1 893 0 31
325 2 893 0 32
326 0 893 0 31
326 1 893 0 32
326 2 893 0 33
327 0 892 0 33
327 1 892 0 34
327 2 892 0 35
328 0 890 0 31
328 1 890 0 32
328 2 890 0 33
329 0 889 0 33
329 1 889 0 34
329 2 889 0 35
330 0 888 0 33
330 1 888 0 34
330 2 888 0 35
331 0 888 0 36
331 1 888 0 37
331 2 888 0 38
332 0 888 0 38
332 1 888 0 39
332 2 888 0 38
333 0 886 0 35
333 1 886 0 36
333 2 886 0 37
334 0 884 0 37
334 1 884 0 38
334 2 884 0 39
335 0 882 0 34
335 1 882 0 33
335 2 882 0 32
336 0 882 0 34
336 1 882 0 35
336 2 882 0 36
337 0 881 0 36
337 1 881 0 37
337 2 881 0 38
338 0 879 0 39
338 1 879 0 40
338 2 879 0 41
339 0 879 0 41
339 1 879 0 42
339 2 879 0 43
340 0 876 0 38
340 1 876 0 39
340 2 876 0 40
341 0 875 0 40
341 1 875 0 41
341 2 875 0 42
342 0 872 0 37
342 1 872 0 38
342 2 872 0 39
343 0 870 0 37
343 1 870 0 38
343 2 869 0 37
344 0 867 0 35
344 1 867 0 36
344 2 867 0 37
345 0 865 0 35
345 1 865 0 36
345 2 865 0 37
346 0 864 0 35
346 1 864 0 36
346 2 864 0 37
347 0 864 0 37
347 1 864 0 38
347 2 864 0 37
348 0 863 0 34
348 0 935 0 34
348 1 935 0 35
348 2 935 0 36
349 0 932 0 35
349 1 932 0 36
349 2 932 0 37
350 0 931 0 35
350 1 931 0 36
350 2 931 0 37
351 0 929 0 35
351 1 929 0 36
351 2 929 0 37
352 0 928 0 35
352 1 928 0 36
352 2 928 0 37
353 0 926 0 35
353 1 926 0 36
353 2 926 0 37
354 0 926 0 37
354 1 926 0 38
354 2 926 0 39
355 0 926 0 41
355 1 926 0 42
355 2 926 0 43
356 0 925 0 42
356 1 925 0 43
356 2 925 0 44
357 0 925 0 46
357 1 925 0 45
357 2 925 0 46
358 0 924 0 43
358 1 924 0 44
358 2 924 0 45
359 0 922 0 41
359 1 922 0 42
359 2 922 0 43
360 0 921 0 43
360 1 920 0 42
360 2 920 0 43
361 0 919 0 40
361 1 919 0 41
361 2 919 0 42
362 0 915 0 37
362 1 915 0 38
362 2 915 0 39
363 0 914 0 39
363 1 914 0 40
363 2 913 0 38
364 0 910 0 32
364 1 910 0 33
364 2 910 0 34
365 0 907 0 32
365 1 906 0 30
365 2 906 0 31
366 0 905 0 30
366 1 905 0 31
366 2 905 0 32
367 0 905 0 34
367 1 905 0 35
367 2 905 0 36
368 0 904 0 35
368 1 904 0 36
368 2 904 0 37
369 0 904 0 39
369 1 904 0 40
369 2 904 0 41
370 0 904 0 41
370 1 903 0 40
370 2 903 0 41
371 0 901 0 38
371 1 901 0 39
371 2 901 0 38
372 0 901 0 40
372 1 901 0 39
372 2 901 0 40
373 0 900 0 40
373 1 900 0 41
373 2 900 0 42
374 0 898 0 38
374 1 898 0 39
374 2 898 0 39
375 0 897 0 37
375 1 897 0 38
375 2 897 0 39
376 0 892 0 33
376 1 892 0 34
376 2 892 0 35
377 0 891 0 33
377 1 891 0 34
377 2 891 0 35
378 0 891 0 35
378 1 891 0 36
378 2 890 0 35
379 0 889 0 35
379 1 889 0 36
379 2 889 0 37
380 0 889 0 37
380 1 888 0 36
380 2 887 0 35
381 0 887 0 35
381 1 887 0 36
381 2 887 0 37
382 0 886 0 37
382 1 886 0 38
382 2 886 0 39
383 0 884 0 37
383 1 884 0 38
383 2 884 0 39
384 0 884 0 39
384 1 884 0 40
384 2 884 0 41
385 0 883 0 41
385 1 883 0 41
385 2 883 0 42
386 0 883 0 44
386 1 883 0 45
386 2 882 0 44
387 0 882 0 44
387 1 882 0 45
387 2 880 0 42
388 0 880 0 42
388 1 880 0 43
388 2 880 0 44
389 0 879 0 44
389 1 879 0 45
389 2 879 0 46
390 0 879 0 43
390 1 879 0 44
390 2 879 0 45
391 0 878 0 43
391 1 878 0 44
391 2 878 0 45
392 0 877 0 44
392 1 877 0 45
392 2 877 0 46
393 0 877 0 48
393 1 877 0 49
393 2 876 0 48
394 0 874 0 46
394 1 873 0 44
394 2 873 0 45
395 0 873 0 47
395 1 873 0 48
395 2 873 0 49
396 0 870 0 38
396 1 870 0 39
396 2 870 0 40
397 0 868 0 37
397 1 868 0 38
397 2 868 0 39
398 0 868 0 39
398 1 868 0 40
398 2 868 0 41
399 0 867 0 41
399 1 867 0 42
399 2 867 0 43
400 0 866 0 40
400 1 866 0 41
400 2 866 0 42
401 0 865 0 42
401 1 865 0 43
401 2 865 0 44
402 0 863 0 42
402 0 935 0 42
402 1 935 0 43
402 2 935 0 44
403 0 932 0 39
403 1 932 0 40
403 2 932 0 41
404 0 930 0 39
404 1 929 0 38
404 2 929 0 39
405 0 927 0 37
405 1 926 0 36
405 2 926 0 37
406 0 924 0 35
406 1 924 0 34
406 2 924 0 35
407 0 924 0 37
407 1 923 0 35
407 2 923 0 36
408 0 922 0 34
408 1 922 0 35
408 2 922 0 36
409 0 921 0 35
409 1 921 0 36
409 2 919 0 33
410 0 918 0 34
410 1 918 0 35
410 2 918 0 36
411 0 918 0 38
411 1 918 0 39
411 2 917 0 38
412 0 916 0 36
412 1 916 0 37
412 2 916 0 38
413 0 915 0 38
413 1 915 0 39
413 2 914 0 38
414 0 914 0 40
414 1 914 0 41
414 2 914 0 42
415 0 913 0 42
415 1 913 0 43
415 2 913 0 44
416 0 909 0 41
416 1 909 0 42
416 2 909 0 43
417 0 907 0 41
417 1 907 0 42
417 2 907 0 43
418 0 905 0 41
418 1 905 0 42
418 2 905 0 43
419 0 904 0 43
419 1 904 0 44
419 2 904 0 45
420 0 903 0 45
420 1 903 0 46
420 2 902 0 45
421 0 898 0 37
421 1 897 0 36
421 2 895 0 35
422 0 893 0 31
422 1 893 0 32
422 2 893 0 33
423 0 893 0 35
423 1 893 0 36
423 2 893 0 37
424 0 889 0 35
424 1 889 0 36
424 2 889 0 37
425 0 888 0 37
425 1 887 0 36
425 2 887 0 37
426 0 887 0 37
426 1 887 0 38
426 2 887 0 39
427 0 885 0 37
427 1 885 0 38
427 2 885 0 39
428 0 879 0 34
428 1 879 0 35
428 2 878 0 33
429 0 878 0 35
429 1 878 0 36
429 2 878 0 37
430 0 877 0 37
430 1 877 0 38
430 2 877 0 39
431 0 875 0 35
431 1 875 0 36
431 2 875 0 35
432 0 875 0 35
432 1 875 0 36
432 2 875 0 37
433 0 874 0 35
433 1 874 0 36
433 2 874 0 37
434 0 873 0 37
434 1 872 0 34
434 2 872 0 35
435 0 872 0 35
435 1 872 0 36
435 2 872 0 37
436 0 871 0 37
436 1 871 0 38
436 2 871 0 39
437 0 870 0 38
437 1 870 0 39
437 2 870 0 40
438 0 866 0 38
438 1 866 0 39
438 2 866 0 40
439 0 866 0 42
439 1 866 0 43
439 2 866 0 44
440 0 864 0 40
440 1 864 0 41
440 2 864 0 42
441 0 864 0 42
441 1 864 0 41
441 2 864 0 42
442 0 861 0 36
442 0 933 0 36
442 1 933 0 37
442 2 933 0 38
443 0 933 0 39
443 1 932 0 38
443 2 932 0 39
444 0 932 0 41
444 1 931 0 40
444 2 931 0 41
445 0 930 0 40
445 1 930 0 41
445 2 930 0 42
446 0 929 0 42
446 1 929 0 43
446 2 929 0 44
447 0 928 0 42
447 1 928 0 43
447 2 928 0 44
448 0 925 0 40
448 1 925 0 39
448 2 924 0 38
449 0 923 0 35
449 1 923 0 36
449 2 923 0 37
450 0 920 0 31
450 1 919 0 30
450 2 919 0 31
451 0 919 0 33
451 1 919 0 34
451 2 918 0 32
452 0 918 0 34
452 1 917 0 33
452 2 917 0 34
453 0 914 0 33
453 1 914 0 34
453 2 914 0 35
454 0 912 0 34
454 1 912 0 35
454 2 912 0 36
455 0 912 0 38
455 1 912 0 39
455 2 912 0 40
456 0 910 0 37
456 1 910 0 38
456 2 910 0 39
457 0 910 0 41
457 1 910 0 42
457 2 910 0 43
458 0 908 0 41
458 1 907 0 40
458 2 907 0 41
459 0 905 0 41
459 1 904 0 40
459 2 904 0 39
460 0 903 0 39
460 1 903 0 40
460 2 903 0 41
461 0 903 0 40
461 1 903 0 41
461 2 903 0 42
462 0 900 0 36
462 1 900 0 37
462 2 900 0 38
463 0 900 0 40
463 1 900 0 41
463 2 900 0 42
464 0 898 0 40
464 1 898 0 41
464 2 898 0 40
465 0 897 0 38
465 1 897 0 39
465 2 897 0 40
466 0 896 0 39
466 1 896 0 40
466 2 896 0 41
467 0 895 0 41
467 1 895 0 42
467 2 895 0 43
468 0 895 0 43
468 1 895 0 44
468 2 895 0 45
469 0 894 0 45
469 1 894 0 46
469 2 894 0 47
470 0 892 0 44
470 1 892 0 45
470 2 892 0 46
471 0 887 0 43
471 1 887 0 44
471 2 886 0 43
472 0 885 0 40
472 1 885 0 41
472 2 885 0 42
473 0 884 0 40
473 1 883 0 39
473 2 883 0 40
474 0 881 0 38
474 1 880 0 37
474 2 879 0 36
475 0 877 0 34
475 1 877 0 35
475 2 877 0 36
476 0 876 0 36
476 1 876 0 37
476 2 876 0 38
477 0 874 0 36
477 1 874 0 37
477 2 874 0 38
478 0 873 0 38
478 1 873 0 39
478 2 873 0 40
479 0 872 0 39
479 1 872 0 40
479 2 872 0 41
480 0 872 0 43
480 1 872 0 44
480 2 872 0 45
481 0 868 0 40
481 1 868 0 41
481 2 868 0 42
482 0 867 0 41
482 1 867 0 42
482 2 866 0 40
483 0 865 0 40
483 1 865 0 41
483 2 865 0 42
484 0 863 0 40
484 0 935 0 40
484 1 935 0 41
484 2 935 0 42
485 0 932 0 40
485 1 932 0 41
485 2 932 0 42
486 0 932 0 44
486 1 932 0 45
486 2 932 0 46
487 0 930 0 42
487 1 930 0 43
487 2 930 0 42
488 0 927 0 38
488 1 927 0 39
488 2 927 0 40
489 0 927 0 40
489 1 927 0 41
489 2 927 0 40
490 0 924 0 38
490 1 924 0 39
490 2 924 0 40
491 0 923 0 38
491 1 923 0 39
491 2 922 0 37
492 0 922 0 37
492 1 922 0 38
492 2 922 0 39
493 0 922 0 39
493 1 922 0 40
493 2 922 0 41
494 0 921 0 41
494 1 921 0 42
494 2 921 0 43
495 0 920 0 41
495 1 920 0 42
495 2 920 0 43
496 0 918 0 42
496 1 918 0 43
496 2 918 0 44
497 0 916 0 42
497 1 916 0 43
497 2 915 0 42
498 0 914 0 40
498 1 914 0 39
498 2 914 0 40
499 0 912 0 36
499 1 911 0 35
499 2 911 0 36
500 0 911 0 38
500 1 911 0 39
500 2 911 0 40
501 0 911 0 41
501 1 911 0 42
501 2 911 0 43
502 0 910 0 41
502 1 910 0 42
502 2 910 0 43
503 0 907 0 36
503 1 907 0 37
503 2 907 0 38
504 0 905 0 34
504 1 905 0 35
504 2 905 0 36
505 0 904 0 36
505 1 904 0 37
505 2 904 0 36
506 0 901 0 32
506 1 901 0 33
506 2 901 0 34
507 0 900 0 34
507 1 899 0 33
507 2 899 0 34
508 0 898 0 34
508 1 898 0 35
508 2 898 0 36
509 0 897 0 34
509 1 897 0 35
509 2 897 0 36
510 0 895 0 34
510 1 895 0 35
510 2 895 0 36
511 0 894 0 34
511 1 894 0 35
511 2 893 0 34
512 0 893 0 34
512 1 893 0 35
512 2 893 0 36
513 0 893 0 36
513 1 893 0 37
513 2 893 0 36
514 0 892 0 36
514 1 892 0 37
514 2 892 0 38
515 0 892 0 40
515 1 892 0 41
515 2 892 0 42
516 0 889 0 42
516 1 889 0 43
516 2 889 0 44
517 0 885 0 36
517 1 885 0 37
517 2 885 0 38
518 0 885 0 38
518 1 885 0 39
518 2 884 0 38
519 0 884 0 38
519 1 884 0 39
519 2 884 0 40
520 0 882 0 38
520 1 882 0 39
520 2 881 0 38
521 0 881 0 38
521 1 881 0 39
521 2 880 0 37
522 0 879 0 36
522 1 879 0 37
522 2 879 0 38
523 0 877 0 36
523 1 877 0 37
523 2 877 0 38
524 0 873 0 35
524 1 873 0 36
524 2 873 0 37
525 0 872 0 37
525 1 872 0 38
525 2 872 0 39
526 0 872 0 39
526 1 871 0 38
526 2 871 0 39
527 0 870 0 35
527 1 870 0 36
527 2 870 0 37
528 0 868 0 35
528 1 868 0 36
528 2 868 0 37
529 0 867 0 37
529 1 867 0 38
529 2 867 0 39
530 0 867 0 41
530 1 867 0 42
530 2 867 0 43
531 0 866 0 42
531 1 866 0 43
531 2 866 0 44
532 0 865 0 42
532 1 865 0 41
532 2 865 0 42
533 0 862 0 40
533 0 934 0 40
533 1 933 0 38
533 2 933 0 39
534 0 932 0 39
534 1 932 0 40
534 2 932 0 41
535 0 928 0 35
535 1 928 0 36
535 2 927 0 35
536 0 927 0 35
536 1 926 0 34
536 2 926 0 35
537 0 924 0 33
537 1 924 0 34
537 2 924 0 35
538 0 923 0 35
538 1 923 0 36
538 2 923 0 37
539 0 923 0 39
539 1 923 0 40
539 2 923 0 41
540 0 922 0 39
540 1 922 0 40
540 2 922 0 41
541 0 916 0 35
541 1 916 0 36
541 2 916 0 37
542 0 915 0 35
542 1 915 0 36
542 2 915 0 37
543 0 915 0 35
543 1 915 0 36
543 2 915 0 35
544 0 915 0 35
544 1 915 0 36
544 2 915 0 37
545 0 914 0 35
545 1 914 0 36
545 2 914 0 37
546 0 913 0 38
546 1 912 0 37
546 2 912 0 38
547 0 912 0 40
547 1 912 0 41
547 2 911 0 40
548 0 911 0 40
548 1 911 0 41
548 2 911 0 40
549 0 910 0 40
549 1 910 0 39
549 2 910 0 40
550 0 907 0 36
550 1 907 0 37
550 2 907 0 38
551 0 904 0 36
551 1 904 0 37
551 2 904 0 38
552 0 904 0 38
552 1 904 0 37
552 2 904 0 38
553 0 903 0 39
553 1 903 0 40
553 2 902 0 39
554 0 902 0 38
554 1 902 0 39
554 2 902 0 40
555 0 902 0 40
555 1 902 0 41
555 2 902 0 42
556 0 902 0 42
556 1 902 0 41
556 2 902 0 40
557 0 902 0 40
557 1 902 0 41
557 2 902 0 42
558 0 898 0 36
558 1 898 0 37
558 2 898 0 36
559 0 896 0 34
559 1 895 0 33
559 2 895 0 34
560 0 894 0 32
560 1 894 0 31
560 2 894 0 32
561 0 893 0 30
561 1 893 0 31
561 2 893 0 32
562 0 891 0 29
562 1 891 0 30
562 2 891 0 31
563 0 891 0 33
563 1 891 0 34
563 2 891 0 35
564 0 890 0 35
564 1 890 0 36
564 2 890 0 37
565 0 887 0 33
565 1 887 0 34
565 2 887 0 35
566 0 887 0 36
566 1 887 0 37
566 2 887 0 38
567 0 885 0 36
567 1 885 0 37
567 2 885 0 38
568 0 884 0 35
568 1 883 0 34
568 2 883 0 35
569 0 882 0 35
569 1 882 0 36
569 2 882 0 37
570 0 882 0 39
570 1 882 0 40
570 2 882 0 41
571 0 878 0 36
571 1 878 0 37
571 2 878 0 38
572 0 877 0 37
572 1 877 0 38
572 2 876 0 36
573 0 874 0 36
573 1 874 0 37
573 2 874 0 38
574 0 872 0 34
574 1 872 0 35
574 2 872 0 34
575 0 871 0 32
575 1 871 0 33
575 2 871 0 34
576 0 869 0 32
576 1 869 0 33
576 2 868 0 32
577 0 867 0 30
577 1 867 0 31
577 2 867 0 32
578 0 865 0 30
578 1 865 0 31
578 2 865 0 32
579 0 865 0 34
579 1 865 0 35
579 2 865 0 36
580 0 865 0 38
580 1 865 0 39
580 2 865 0 40
581 0 865 0 42
581 1 865 0 43
581 2 865 0 44
582 0 864 0 43
582 1 864 0 44
582 2 864 0 45
583 0 862 0 43
583 0 934 0 43
583 1 934 0 44
583 2 934 0 45
584 0 933 0 45
584 1 933 0 46
584 2 933 0 47
585 0 930 0 43
585 1 930 0 44
585 2 930 0 45
586 0 930 0 47
586 1 929 0 44
586 2 929 0 45
587 0 929 0 47
587 1 928 0 44
587 2 928 0 45
588 0 926 0 41
588 1 926 0 42
588 2 924 0 41
589 0 923 0 40
589 1 923 0 41
589 2 923 0 42
590 0 923 0 42
590 1 923 0 43
590 2 923 0 44
591 0 921 0 41
591 1 921 0 42
591 2 921 0 43
592 0 921 0 43
592 1 921 0 44
592 2 921 0 45
593 0 918 0 39
593 1 918 0 40
593 2 918 0 41
594 0 916 0 36
594 1 916 0 37
594 2 916 0 38
595 0 915 0 39
595 1 915 0 40
595 2 915 0 41
596 0 915 0 43
596 1 915 0 42
596 2 915 0 43
597 0 914 0 43
597 1 914 0 44
597 2 914 0 43
598 0 913 0 41
598 1 913 0 42
598 2 913 0 43
599 0 912 0 41
599 1 912 0 42
599 2 912 0 43
600 0 912 0 44
600 1 911 0 42
600 2 911 0 43
601 0 908 0 39
601 1 908 0 40
601 2 908 0 41
602 0 905 0 36
602 1 905 0 37
602 2 905 0 38
603 0 904 0 36
603 1 904 0 37
603 2 904 0 38
604 0 903 0 36
604 1 902 0 35
604 2 902 0 36
605 0 902 0 38
605 1 902 0 39
605 2 902 0 40
606 0 900 0 37
606 1 900 0 38
606 2 900 0 39
607 0 900 0 41
607 1 900 0 42
607 2 900 0 43
608 0 898 0 40
608 1 898 0 41
608 2 898 0 42
609 0 896 0 36
609 1 896 0 37
609 2 896 0 38
610 0 896 0 38
610 1 896 0 39
610 2 896 0 40
611 0 896 0 42
611 1 896 0 43
611 2 896 0 44
612 0 894 0 42
612 1 894 0 43
612 2 894 0 44
613 0 893 0 44
613 1 893 0 45
613 2 893 0 46
614 0 888 0 40
614 1 888 0 41
614 2 888 0 42
615 0 886 0 38
615 1 886 0 39
615 2 886 0 40
616 0 883 0 36
616 1 882 0 35
616 2 882 0 36
617 0 882 0 38
617 1 880 0 35
617 2 879 0 34
618 0 878 0 34
618 1 878 0 35
618 2 878 0 36
619 0 878 0 38
619 1 878 0 39
619 2 878 0 40
620 0 877 0 39
620 1 877 0 40
620 2 877 0 41
621 0 876 0 39
621 1 876 0 40
621 2 876 0 41
622 0 874 0 39
622 1 874 0 40
622 2 874 0 41
623 0 873 0 39
623 1 873 0 40
623 2 873 0 41
624 0 871 0 39
624 1 870 0 38
624 2 870 0 39
625 0 869 0 39
625 1 869 0 40
625 2 868 0 39
626 0 867 0 37
626 1 867 0 38
626 2 867 0 39
627 0 867 0 41
627 1 867 0 40
627 2 867 0 41
628 0 866 0 41
628 1 866 0 42
628 2 866 0 43
629 0 865 0 42
629 1 865 0 43
629 2 865 0 42
630 0 864 0 42
630 1 864 0 43
630 2 864 0 44
631 0 861 0 43
631 0 933 0 43
631 1 933 0 44
631 2 933 0 45
632 0 933 0 47
632 1 932 0 46
632 2 932 0 47
633 0 928 0 39
633 1 928 0 40
633 2 928 0 41
634 0 927 0 39
634 1 927 0 40
634 2 927 0 41
635 0 926 0 40
635 1 926 0 41
635 2 926 0 40
636 0 926 0 40
636 1 926 0 41
636 2 922 0 39
637 0 922 0 39
637 1 922 0 40
637 2 922 0 41
638 0 922 0 43
638 1 922 0 44
638 2 921 0 43
639 0 920 0 41
639 1 920 0 42
639 2 920 0 43
640 0 918 0 39
640 1 918 0 40
640 2 918 0 41
641 0 915 0 41
641 1 915 0 42
641 2 915 0 43
642 0 913 0 42
642 1 912 0 41
642 2 911 0 40
643 0 909 0 38
643 1 909 0 39
643 2 909 0 40
644 0 906 0 35
644 1 906 0 36
644 2 905 0 35
645 0 904 0 33
645 1 904 0 34
645 2 904 0 35
646 0 904 0 37
646 1 904 0 38
646 2 904 0 39
647 0 902 0 37
647 1 900 0 34
647 2 900 0 35
648 0 900 0 35
648 1 900 0 36
648 2 900 0 37
649 0 900 0 39
649 1 900 0 40
649 2 900 0 41
650 0 900 0 41
650 1 900 0 42
650 2 900 0 41
651 0 899 0 41
651 1 899 0 42
651 2 899 0 43
652 0 899 0 43
652 1 899 0 44
652 2 899 0 45
653 0 899 0 47
653 1 899 0 48
653 2 899 0 49
654 0 899 0 50
654 1 899 0 51
654 2 899 0 50
655 0 898 0 49
655 1 895 0 46
655 2 895 0 47
656 0 892 0 43
656 1 892 0 44
656 2 892 0 45
657 0 890 0 40
657 1 890 0 41
657 2 890 0 42
658 0 887 0 38
658 1 887 0 39
658 2 887 0 40
659 0 885 0 38
659 1 885 0 39
659 2 884 0 38
660 0 884 0 40
660 1 884 0 41
660 2 884 0 42
661 0 883 0 40
661 1 883 0 41
661 2 883 0 42
662 0 878 0 39
662 1 878 0 40
662 2 877 0 39
663 0 876 0 40
663 1 876 0 41
663 2 876 0 42
664 0 876 0 44
664 1 876 0 45
664 2 876 0 46
665 0 875 0 45
665 1 875 0 46
665 2 874 0 45
666 0 870 0 36
666 1 870 0 37
666 2 870 0 36
667 0 870 0 36
667 1 870 0 37
667 2 870 0 38
668 0 867 0 36
668 1 867 0 37
668 2 867 0 38
669 0 867 0 38
669 1 867 0 39
669 2 866 0 37
670 0 866 0 39
670 1 866 0 40
670 2 866 0 41
671 0 864 0 39
671 1 864 0 40
671 2 864 0 41
672 0 858 0 36
672 0 930 0 36
672 1 930 0 37
672 2 930 0 37
673 0 928 0 35
673 1 928 0 36
673 2 928 0 37
674 0 927 0 37
674 1 927 0 38
674 2 927 0 39
675 0 926 0 39
675 1 926 0 40
675 2 926 0 41
676 0 926 0 43
676 1 926 0 44
676 2 926 0 45
677 0 923 0 41
677 1 923 0 42
677 2 923 0 41
678 0 919 0 39
678 1 919 0 40
678 2 919 0 41
679 0 919 0 41
679 1 919 0 42
679 2 919 0 43
680 0 913 0 35
680 1 913 0 36
680 2 913 0 37
681 0 911 0 33
681 1 911 0 32
681 2 911 0 33
682 0 911 0 35
682 1 911 0 36
682 2 911 0 37
683 0 909 0 37
683 1 909 0 38
683 2 909 0 39
684 0 905 0 36
684 1 905 0 37
684 2 905 0 38
685 0 902 0 33
685 1 902 0 34
685 2 902 0 35
686 0 902 0 35
686 1 902 0 36
686 2 902 0 37
687 0 902 0 37
687 1 902 0 38
687 2 902 0 39
688 0 901 0 38
688 1 901 0 39
688 2 901 0 38
689 0 900 0 38
689 1 900 0 39
689 2 900 0 40
690 0 898 0 38
690 1 898 0 39
690 2 898 0 40
691 0 897 0 40
691 1 897 0 41
691 2 897 0 42
692 0 894 0 38
692 1 894 0 39
692 2 894 0 40
693 0 889 0 34
693 1 889 0 35
693 2 889 0 36
694 0 887 0 34
694 1 887 0 35
694 2 887 0 36
695 0 886 0 34
695 1 886 0 35
695 2 886 0 36
696 0 885 0 36
696 1 885 0 37
696 2 885 0 36
697 0 885 0 38
697 1 885 0 39
697 2 884 0 37
698 0 882 0 35
698 1 882 0 35
698 2 882 0 36
699 0 881 0 34
699 1 881 0 35
699 2 881 0 36
700 0 880 0 36
700 1 880 0 37
700 2 880 0 38
701 0 879 0 36
701 1 878 0 35
701 2 878 0 36
702 0 877 0 36
702 1 877 0 37
702 2 877 0 38
703 0 877 0 38
703 1 877 0 39
703 2 876 0 38
704 0 876 0 38
704 1 876 0 39
704 2 876 0 40
705 0 875 0 40
705 1 875 0 41
705 2 875 0 40
706 0 874 0 40
706 1 874 0 41
706 2 874 0 42
707 0 872 0 40
707 1 872 0 41
707 2 871 0 40
708 0 869 0 39
708 1 869 0 40
708 2 869 0 41
709 0 869 0 43
709 1 869 0 44
709 2 869 0 45
710 0 867 0 43
710 1 867 0 42
710 2 867 0 43
711 0 867 0 45
711 1 867 0 46
711 2 867 0 47
712 0 864 0 41
712 1 863 0 40
712 2 863 0 41
713 0 862 0 41
713 0 934 0 41
713 1 934 0 41
713 2 934 0 42
714 0 933 0 42
714 1 932 0 41
714 2 932 0 42
715 0 931 0 42
715 1 930 0 41
715 2 930 0 42
716 0 929 0 42
716 1 929 0 43
716 2 929 0 44
717 0 927 0 40
717 1 927 0 41
717 2 927 0 42
718 0 926 0 42
718 1 926 0 43
718 2 926 0 44
719 0 925 0 44
719 1 925 0 45
719 2 925 0 46
720 0 924 0 46
720 1 924 0 47
720 2 924 0 46
721 0 922 0 44
721 1 921 0 42
721 2 921 0 43
722 0 917 0 40
722 1 917 0 39
722 2 917 0 40
723 0 916 0 38
723 1 916 0 39
723 2 916 0 40
724 0 915 0 39
724 1 915 0 40
724 2 915 0 41
725 0 913 0 41
725 1 913 0 42
725 2 913 0 43
726 0 913 0 43
726 1 913 0 44
726 2 913 0 45
727 0 912 0 42
727 1 912 0 43
727 2 912 0 44
728 0 911 0 43
728 1 911 0 44
728 2 910 0 43
729 0 906 0 36
729 1 906 0 37
729 2 906 0 38
730 0 905 0 35
730 1 905 0 36
730 2 905 0 35
731 0 905 0 37
731 1 905 0 38
731 2 905 0 39
732 0 904 0 39
732 1 904 0 40
732 2 904 0 41
733 0 902 0 37
733 1 902 0 38
733 2 902 0 39
734 0 901 0 39
734 1 901 0 40
734 2 901 0 41
735 0 900 0 39
735 1 900 0 40
735 2 899 0 39
736 0 898 0 39
736 1 898 0 40
736 2 898 0 41
737 0 897 0 39
737 1 896 0 38
737 2 896 0 39
738 0 895 0 39
738 1 895 0 40
738 2 895 0 41
739 0 892 0 37
739 1 892 0 36
739 2 892 0 37
740 0 892 0 37
740 1 892 0 38
740 2 892 0 39
741 0 889 0 35
741 1 889 0 36
741 2 889 0 37
742 0 888 0 37
742 1 888 0 38
742 2 888 0 37
743 0 888 0 39
743 1 888 0 40
743 2 888 0 41
744 0 885 0 36
744 1 883 0 33
744 2 883 0 34
745 0 883 0 34
745 1 883 0 35
745 2 883 0 36
746 0 879 0 30
746 1 879 0 31
746 2 879 0 32
747 0 879 0 32
747 1 879 0 33
747 2 878 0 32
748 0 878 0 34
748 1 878 0 35
748 2 878 0 36
749 0 878 0 36
749 1 878 0 37
749 2 878 0 38
750 0 877 0 37
750 1 876 0 35
750 2 876 0 36
751 0 876 0 36
751 1 876 0 37
751 2 876 0 38
752 0 874 0 36
752 1 874 0 37
752 2 874 0 38
753 0 873 0 35
753 1 873 0 36
753 2 873 0 37
754 0 871 0 35
754 1 871 0 36
754 2 870 0 35
755 0 869 0 33
755 1 869 0 34
755 2 869 0 35
756 0 867 0 33
756 1 867 0 34
756 2 867 0 35
757 0 865 0 31
757 1 865 0 32
757 2 865 0 33
758 0 865 0 35
758 1 865 0 36
758 2 864 0 35
759 0 864 0 35
759 1 864 0 34
759 2 864 0 35
760 0 864 0 36
760 1 863 0 35
760 2 863 0 36
761 0 863 0 38
761 0 935 0 38
761 1 935 0 39
761 2 935 0 38
762 0 935 0 40
762 1 935 0 41
762 2 935 0 42
763 0 935 0 44
763 1 933 0 40
763 2 933 0 41
764 0 933 0 43
764 1 933 0 44
764 2 933 0 45
765 0 933 0 47
765 1 933 0 48
765 2 933 0 47
766 0 933 0 47
766 1 933 0 48
766 2 933 0 49
767 0 931 0 45
767 1 931 0 46
767 2 931 0 47
768 0 929 0 45
768 1 928 0 44
768 2 928 0 45
769 0 926 0 43
769 1 926 0 44
769 2 926 0 45
770 0 922 0 41
770 1 921 0 40
770 2 920 0 38
771 0 918 0 36
771 1 918 0 37
771 2 918 0 38
772 0 918 0 40
772 1 918 0 41
772 2 917 0 40
773 0 916 0 40
773 1 916 0 41
773 2 916 0 42
774 0 914 0 40
774 1 914 0 41
774 2 914 0 42
775 0 914 0 42
775 1 914 0 43
775 2 914 0 44
776 0 908 0 37
776 1 908 0 38
776 2 908 0 39
777 0 906 0 37
777 1 906 0 38
777 2 906 0 39
778 0 906 0 41
778 1 906 0 42
778 2 906 0 43
779 0 905 0 43
779 1 905 0 44
779 2 905 0 45
780 0 905 0 45
780 1 905 0 46
780 2 905 0 45
781 0 904 0 43
781 1 904 0 44
781 2 904 0 45
782 0 904 0 45
782 1 903 0 44
782 2 903 0 45
783 0 902 0 43
783 1 901 0 41
783 2 900 0 40
784 0 899 0 40
784 1 899 0 41
784 2 899 0 42
785 0 892 0 34
785 1 892 0 35
785 2 892 0 36
786 0 892 0 36
786 1 892 0 37
786 2 892 0 38
787 0 892 0 40
787 1 892 0 41
787 2 891 0 40
788 0 890 0 40
788 1 890 0 41
788 2 890 0 42
789 0 889 0 40
789 1 889 0 41
789 2 889 0 42
790 0 887 0 40
790 1 887 0 41
790 2 887 0 42
791 0 884 0 38
791 1 884 0 39
791 2 884 0 40
792 0 884 0 42
792 1 884 0 43
792 2 884 0 44
793 0 882 0 40
793 1 882 0 41
793 2 882 0 40
794 0 881 0 40
794 1 881 0 41
794 2 881 0 42
795 0 879 0 38
795 1 879 0 39
795 2 879 0 40
796 0 878 0 40
796 1 878 0 41
796 2 878 0 42
797 0 877 0 41
797 1 877 0 42
797 2 877 0 43
798 0 874 0 39
798 1 873 0 38
798 2 873 0 39
799 0 872 0 38
799 1 872 0 39
799 2 872 0 40
800 0 871 0 40
800 1 871 0 41
800 2 871 0 42
801 0 870 0 40
801 1 870 0 41
801 2 870 0 42
802 0 867 0 37
802 1 867 0 38
802 2 867 0 39
803 0 867 0 39
803 1 867 0 40
803 2 867 0 41
804 0 865 0 39
804 1 865 0 40
804 2 865 0 41
805 0 864 0 39
805 1 864 0 40
805 2 864 0 41
806 0 863 0 40
806 0 935 0 40
806 1 935 0 41
806 2 935 0 42
807 0 933 0 40
807 1 933 0 41
807 2 933 0 42
808 0 932 0 41
808 1 932 0 42
808 2 931 0 41
809 0 930 0 40
809 1 930 0 41
809 2 930 0 42
810 0 929 0 42
810 1 929 0 43
810 2 929 0 44
811 0 927 0 43
811 1 927 0 44
811 2 926 0 43
812 0 925 0 41
812 1 925 0 42
812 2 925 0 41
813 0 924 0 41
813 1 924 0 42
813 2 924 0 43
814 0 921 0 42
814 1 921 0 43
814 2 921 0 44
815 0 912 0 37
815 1 912 0 38
815 2 911 0 37
816 0 911 0 39
816 1 911 0 40
816 2 911 0 41
817 0 911 0 41
817 1 910 0 39
817 2 910 0 40
818 0 908 0 36
818 1 908 0 37
818 2 908 0 38
819 0 906 0 34
819 1 906 0 35
819 2 906 0 36
820 0 905 0 36
820 1 905 0 37
820 2 905 0 38
821 0 905 0 38
821 1 905 0 39
821 2 905 0 40
822 0 903 0 35
822 1 903 0 36
822 2 903 0 37
823 0 901 0 37
823 1 901 0 38
823 2 900 0 37
824 0 899 0 37
824 1 898 0 36
824 2 896 0 32
825 0 896 0 34
825 1 896 0 35
825 2 896 0 36
826 0 896 0 38
826 1 896 0 39
826 2 896 0 40
827 0 894 0 36
827 1 894 0 37
827 2 894 0 38
828 0 890 0 36
828 1 890 0 37
828 2 889 0 36
829 0 888 0 34
829 1 888 0 35
829 2 887 0 34
830 0 887 0 36
830 1 887 0 37
830 2 887 0 38
831 0 886 0 36
831 1 886 0 37
831 2 886 0 38
832 0 885 0 38
832 1 885 0 39
832 2 884 0 38
833 0 881 0 32
833 1 881 0 33
833 2 881 0 34
834 0 881 0 34
834 1 881 0 33
834 2 880 0 31
835 0 879 0 30
835 1 879 0 31
835 2 879 0 31
836 0 878 0 31
836 1 878 0 32
836 2 878 0 33
837 0 876 0 31
837 1 875 0 29
837 2 875 0 30
838 0 874 0 29
838 1 874 0 30
838 2 874 0 31
839 0 872 0 28
839 1 872 0 29
839 2 872 0 30
840 0 871 0 30
840 1 871 0 31
840 2 871 0 32
841 0 871 0 34
841 1 871 0 35
841 2 871 0 36
842 0 869 0 34
842 1 869 0 35
842 2 869 0 36
843 0 867 0 34
843 1 867 0 35
843 2 867 0 36
844 0 866 0 36
844 1 866 0 37
844 2 866 0 38
845 0 862 0 38
845 0 934 0 38
845 1 934 0 39
845 2 934 0 40
846 0 931 0 34
846 1 931 0 35
846 2 931 0 36
847 0 930 0 36
847 1 930 0 37
847 2 930 0 38
848 0 928 0 36
848 1 928 0 37
848 2 928 0 38
849 0 926 0 36
849 1 926 0 37
849 2 926 0 38
850 0 924 0 35
850 1 924 0 36
850 2 924 0 37
851 0 924 0 37
851 1 924 0 38
851 2 924 0 39
852 0 922 0 40
852 1 921 0 39
852 2 920 0 37
853 0 920 0 37
853 1 920 0 38
853 2 920 0 39
854 0 916 0 33
854 1 916 0 34
854 2 916 0 35
855 0 913 0 30
855 1 913 0 31
855 2 913 0 32
856 0 912 0 30
856 1 912 0 31
856 2 912 0 32
857 0 909 0 31
857 1 909 0 32
857 2 909 0 33
858 0 908 0 31
858 1 908 0 32
858 2 907 0 30
859 0 907 0 32
859 1 907 0 33
859 2 907 0 34
860 0 907 0 34
860 1 906 0 33
860 2 906 0 34
861 0 905 0 34
861 1 905 0 35
861 2 905 0 36
862 0 904 0 35
862 1 904 0 36
862 2 903 0 35
863 0 903 0 37
863 1 902 0 36
863 2 902 0 37
864 0 901 0 35
864 1 901 0 36
864 2 901 0 37
865 0 899 0 35
865 1 899 0 36
865 2 899 0 37
866 0 897 0 35
866 1 897 0 36
866 2 897 0 37
867 0 894 0 32
867 1 894 0 33
867 2 894 0 34
868 0 893 0 32
868 1 893 0 33
868 2 893 0 34
869 0 893 0 36
869 1 893 0 37
869 2 893 0 38
870 0 893 0 38
870 1 892 0 37
870 2 892 0 38
871 0 889 0 35
871 1 889 0 36
871 2 889 0 37
872 0 888 0 37
872 1 888 0 38
872 2 888 0 39
873 0 888 0 41
873 1 888 0 42
873 2 888 0 43
874 0 887 0 43
874 1 887 0 44
874 2 887 0 45
875 0 883 0 43
875 1 883 0 42
875 2 883 0 43
876 0 883 0 45
876 1 883 0 46
876 2 882 0 44
877 0 882 0 44
877 1 882 0 45
877 2 882 0 46
878 0 881 0 45
878 1 881 0 46
878 2 881 0 47
879 0 879 0 43
879 1 879 0 44
879 2 879 0 45
880 0 879 0 45
880 1 879 0 46
880 2 879 0 47
881 0 878 0 44
881 1 878 0 45
881 2 878 0 46
882 0 876 0 42
882 1 876 0 43
882 2 876 0 44
883 0 876 0 43
883 1 876 0 44
883 2 876 0 45
884 0 875 0 42
884 1 875 0 43
884 2 875 0 44
885 0 875 0 44
885 1 875 0 45
885 2 875 0 46
886 0 875 0 46
886 1 875 0 47
886 2 874 0 46
887 0 874 0 46
887 1 873 0 45
887 2 872 0 44
888 0 869 0 38
888 1 869 0 39
888 2 869 0 40
889 0 867 0 38
889 1 867 0 39
889 2 867 0 40
890 0 866 0 40
890 1 866 0 41
890 2 865 0 40
891 0 864 0 38
891 1 864 0 39
891 2 864 0 40
892 0 859 0 36
892 0 931 0 36
892 1 931 0 37
892 2 931 0 38
893 0 928 0 34
893 1 928 0 35
893 2 928 0 36
894 0 928 0 38
894 1 928 0 39
894 2 928 0 40
895 0 926 0 38
895 1 926 0 39
895 2 926 0 40
896 0 925 0 38
896 1 925 0 39
896 2 924 0 36
897 0 923 0 36
897 1 923 0 37
897 2 923 0 36
898 0 923 0 37
898 1 923 0 38
898 2 923 0 39
899 0 922 0 39
899 1 922 0 40
899 2 922 0 41
900 0 920 0 39
900 1 920 0 40
900 2 919 0 39
901 0 917 0 37
901 1 916 0 36
901 2 916 0 37
902 0 916 0 39
902 1 915 0 38
902 2 915 0 39
903 0 913 0 36
903 1 913 0 37
903 2 913 0 38
904 0 913 0 40
904 1 913 0 41
904 2 913 0 42
905 0 913 0 40
905 1 913 0 41
905 2 913 0 41
906 0 911 0 39
906 1 911 0 40
906 2 911 0 41
907 0 910 0 39
907 1 909 0 37
907 2 909 0 38
908 0 909 0 38
908 1 909 0 39
908 2 909 0 40
909 0 909 0 42
909 1 909 0 43
909 2 909 0 44
910 0 908 0 42
910 1 907 0 40
910 2 907 0 41
911 0 904 0 38
911 1 903 0 37
911 2 903 0 38
912 0 900 0 34
912 1 900 0 35
912 2 899 0 34
913 0 898 0 33
913 1 898 0 34
913 2 898 0 35
914 0 898 0 33
914 1 898 0 34
914 2 898 0 35
915 0 895 0 36
915 1 895 0 37
915 2 895 0 38
916 0 895 0 40
916 1 895 0 41
916 2 895 0 42
917 0 894 0 42
917 1 894 0 43
917 2 892 0 40
918 0 890 0 38
918 1 890 0 39
918 2 890 0 40
919 0 888 0 38
919 1 888 0 39
919 2 888 0 40
920 0 885 0 36
920 1 885 0 37
920 2 884 0 35
921 0 883 0 33
921 1 883 0 34
921 2 883 0 35
922 0 883 0 37
922 1 883 0 38
922 2 883 0 39
923 0 881 0 39
923 1 881 0 40
923 2 881 0 41
924 0 879 0 36
924 1 879 0 37
924 2 879 0 38
925 0 878 0 37
925 1 878 0 38
925 2 878 0 38
926 0 876 0 37
926 1 875 0 36
926 2 875 0 37
927 0 874 0 36
927 1 873 0 35
927 2 873 0 36
928 0 871 0 34
928 1 871 0 35
928 2 871 0 36
929 0 870 0 34
929 1 870 0 35
929 2 870 0 36
930 0 867 0 34
930 1 867 0 35
930 2 866 0 34
931 0 863 0 29
931 0 935 0 29
931 1 935 0 30
931 2 935 0 31
932 0 935 0 33
932 1 935 0 34
932 2 935 0 35
933 0 933 0 33
933 1 933 0 34
933 2 933 0 35
934 0 933 0 35
934 1 933 0 36
934 2 933 0 37
935 0 932 0 37
935 1 932 0 38
935 2 932 0 39
936 0 931 0 37
936 1 931 0 38
936 2 930 0 37
937 0 930 0 37
937 1 930 0 38
937 2 930 0 39
938 0 927 0 37
938 1 927 0 38
938 2 927 0 39
939 0 926 0 38
939 1 926 0 39
939 2 926 0 40
940 0 926 0 40
940 1 926 0 41
940 2 926 0 42
941 0 926 0 42
941 1 926 0 41
941 2 926 0 42
942 0 926 0 44
942 1 926 0 43
942 2 926 0 44
943 0 923 0 42
943 1 923 0 43
943 2 922 0 42
944 0 918 0 39
944 1 918 0 40
944 2 918 0 39
945 0 917 0 39
945 1 917 0 40
945 2 917 0 41
946 0 917 0 43
946 1 917 0 44
946 2 917 0 45
947 0 915 0 42
947 1 915 0 43
947 2 915 0 44
948 0 914 0 42
948 1 913 0 41
948 2 913 0 42
949 0 912 0 42
949 1 912 0 43
949 2 912 0 44
950 0 910 0 42
950 1 910 0 43
950 2 910 0 44
951 0 907 0 37
951 1 907 0 38
951 2 907 0 39
952 0 906 0 39
952 1 906 0 40
952 2 906 0 41
953 0 904 0 39
953 1 904 0 40
953 2 904 0 41
954 0 903 0 41
954 1 903 0 42
954 2 902 0 41
955 0 898 0 39
955 1 898 0 40
955 2 898 0 41
956 0 891 0 32
956 1 891 0 33
956 2 891 0 34
957 0 891 0 34
957 1 891 0 35
957 2 890 0 34
958 0 890 0 33
958 1 890 0 34
958 2 890 0 35
959 0 889 0 35
959 1 889 0 36
959 2 889 0 37
960 0 889 0 39
960 1 889 0 40
960 2 889 0 41
961 0 887 0 39
961 1 887 0 40
961 2 886 0 39
962 0 885 0 38
962 1 885 0 39
962 2 885 0 40
963 0 885 0 40
963 1 885 0 41
963 2 885 0 42
964 0 882 0 37
964 1 882 0 38
964 2 882 0 39
965 0 881 0 38
965 1 881 0 39
965 2 881 0 40
966 0 879 0 37
966 1 879 0 38
966 2 879 0 39
967 0 876 0 35
967 1 876 0 36
967 2 876 0 37
968 0 873 0 34
968 1 873 0 35
968 2 873 0 36
969 0 873 0 37
969 1 873 0 38
969 2 873 0 39
970 0 872 0 36
970 1 872 0 37
970 2 872 0 38
971 0 872 0 39
971 1 871 0 38
971 2 871 0 39
972 0 869 0 35
972 1 869 0 36
972 2 869 0 37
973 0 869 0 39
973 1 869 0 40
973 2 869 0 41
974 0 869 0 41
974 1 869 0 42
974 2 869 0 43
975 0 864 0 35
975 1 863 0 34
975 2 863 0 35
976 0 862 0 34
976 0 934 0 34
976 1 934 0 35
976 2 934 0 36
977 0 931 0 32
977 1 931 0 33
977 2 931 0 34
978 0 929 0 34
978 1 929 0 35
978 2 929 0 36
979 0 928 0 37
979 1 927 0 36
979 2 927 0 37
980 0 925 0 35
980 1 925 0 36
980 2 925 0 37
981 0 924 0 37
981 1 923 0 36
981 2 922 0 35
982 0 919 0 31
982 1 919 0 32
982 2 919 0 33
983 0 918 0 33
983 1 918 0 34
983 2 918 0 35
984 0 917 0 34
984 1 917 0 35
984 2 917 0 36
985 0 915 0 34
985 1 915 0 35
985 2 915 0 36
986 0 914 0 34
986 1 914 0 35
986 2 914 0 36
987 0 911 0 32
987 1 911 0 33
987 2 910 0 32
988 0 910 0 34
988 1 910 0 35
988 2 910 0 36
989 0 908 0 34
989 1 908 0 35
989 2 908 0 36
990 0 908 0 36
990 1 908 0 35
990 2 908 0 36
991 0 907 0 34
991 1 907 0 35
991 2 907 0 36
992 0 906 0 36
992 1 906 0 37
992 2 906 0 38
993 0 906 0 38
993 1 906 0 39
993 2 906 0 40
994 0 905 0 39
994 1 905 0 40
994 2 905 0 41
995 0 904 0 41
995 1 904 0 40
995 2 904 0 41
996 0 902 0 39
996 1 902 0 40
996 2 902 0 41
997 0 901 0 38
997 1 901 0 39
997 2 901 0 40
998 0 900 0 39
998 1 900 0 40
998 2 900 0 41
999 0 896 0 34
999 1 896 0 35
999 2 895 0 34
1000 0 892 0 32
1000 1 892 0 33
1000 2 891 0 32
1001 0 888 0 31
1001 1 888 0 32
1001 2 888 0 33
1002 0 888 0 35
1002 1 888 0 36
1002 2 888 0 37
1003 0 887 0 35
1003 1 887 0 36
1003 2 887 0 37
1004 0 887 0 38
1004 1 887 0 39
1004 2 887 0 40
1005 0 887 0 40
1005 1 887 0 41
1005 2 887 0 42
1006 0 885 0 40
1006 1 885 0 41
1006 2 885 0 42
1007 0 885 0 41
1007 1 885 0 42
1007 2 885 0 43
1008 0 883 0 40
1008 1 883 0 41
1008 2 883 0 42
1009 0 883 0 40
1009 1 883 0 41
1009 2 883 0 42
1010 0 883 0 44
1010 1 883 0 45
1010 2 882 0 44
1011 0 882 0 44
1011 1 882 0 45
1011 2 882 0 46
1012 0 881 0 45
1012 1 881 0 46
1012 2 881 0 47
1013 0 875 0 38
1013 1 874 0 37
1013 2 874 0 38
1014 0 873 0 37
1014 1 873 0 38
1014 2 873 0 39
1015 0 872 0 37
1015 1 872 0 38
1015 2 871 0 36
1016 0 870 0 34
1016 1 870 0 35
1016 2 870 0 36
1017 0 870 0 36
1017 1 870 0 37
1017 2 870 0 38
1018 0 869 0 36
1018 1 869 0 37
1018 2 869 0 38
1019 0 866 0 36
1019 1 866 0 37
1019 2 866 0 38
1020 0 862 0 34
1020 0 934 0 34
1020 1 934 0 35
1020 2 934 0 36
1021 0 933 0 36
1021 1 933 0 37
1021 2 933 0 38
1022 0 929 0 34
1022 1 929 0 35
1022 2 929 0 36
1023 0 929 0 38
1023 1 929 0 39
1023 2 929 0 40
1024 0 928 0 40
1024 1 928 0 41
1024 2 928 0 42
1025 0 927 0 42
1025 1 926 0 41
1025 2 925 0 39
1026 0 925 0 39
1026 1 925 0 40
1026 2 924 0 39
1027 0 921 0 35
1027 1 920 0 34
1027 2 920 0 35
1028 0 919 0 35
1028 1 919 0 36
1028 2 918 0 35
1029 0 917 0 33
1029 1 917 0 34
1029 2 917 0 35
1030 0 916 0 33
1030 1 916 0 34
1030 2 916 0 35
1031 0 916 0 35
1031 1 915 0 33
1031 2 915 0 34
1032 0 915 0 36
1032 1 915 0 37
1032 2 914 0 35
1033 0 913 0 35
1033 1 913 0 36
1033 2 913 0 37
1034 0 910 0 33
1034 1 910 0 34
1034 2 910 0 35
1035 0 906 0 29
1035 1 906 0 30
1035 2 906 0 31
1036 0 905 0 29
1036 1 905 0 30
1036 2 905 0 31
1037 0 904 0 30
1037 1 904 0 31
1037 2 904 0 32
1038 0 903 0 30
1038 1 903 0 31
1038 2 902 0 30
1039 0 901 0 27
1039 1 901 0 28
1039 2 901 0 29
1040 0 900 0 27
1040 1 900 0 28
1040 2 900 0 29
1041 0 899 0 27
1041 1 899 0 28
1041 2 899 0 29
1042 0 898 0 29
1042 1 898 0 30
1042 2 898 0 31
1043 0 898 0 33
1043 1 898 0 34
1043 2 897 0 33
1044 0 896 0 33
1044 1 896 0 34
1044 2 895 0 33
1045 0 894 0 33
1045 1 894 0 34
1045 2 894 0 35
1046 0 894 0 35
1046 1 894 0 36
1046 2 894 0 37
1047 0 894 0 39
1047 1 894 0 40
1047 2 894 0 41
1048 0 893 0 39
1048 1 893 0 40
1048 2 892 0 38
1049 0 890 0 35
1049 1 890 0 36
1049 2 889 0 35
1050 0 888 0 34
1050 1 888 0 35
1050 2 888 0 36
1051 0 887 0 33
1051 1 886 0 32
1051 2 886 0 31
1052 0 885 0 31
1052 1 885 0 32
1052 2 884 0 30
1053 0 884 0 30
1053 1 883 0 29
1053 2 883 0 30
1054 0 882 0 28
1054 1 882 0 29
1054 2 882 0 30
1055 0 881 0 28
1055 1 881 0 29
1055 2 881 0 30
1056 0 881 0 30
1056 1 881 0 31
1056 2 881 0 32
1057 0 881 0 34
1057 1 880 0 32
1057 2 880 0 33
1058 0 880 0 33
1058 1 880 0 34
1058 2 880 0 35
1059 0 878 0 31
1059 1 878 0 32
1059 2 877 0 29
1060 0 876 0 28
1060 1 876 0 29
1060 2 876 0 30
1061 0 875 0 29
1061 1 875 0 30
1061 2 875 0 31
1062 0 875 0 31
1062 1 875 0 32
1062 2 875 0 33
1063 0 875 0 33
1063 1 875 0 34
1063 2 874 0 33
1064 0 873 0 33
1064 1 873 0 34
1064 2 873 0 35
1065 0 871 0 32
1065 1 871 0 33
1065 2 871 0 34
1066 0 870 0 32
1066 1 870 0 33
1066 2 870 0 33
1067 0 870 0 33
1067 1 870 0 34
1067 2 870 0 35
1068 0 869 0 32
1068 1 869 0 33
1068 2 869 0 34
1069 0 867 0 30
1069 1 867 0 31
1069 2 867 0 32
1070 0 867 0 34
1070 1 867 0 35
1070 2 867 0 36
1071 0 867 0 38
1071 1 867 0 39
1071 2 867 0 40
1072 0 864 0 36
1072 1 863 0 35
1072 2 863 0 36
1073 0 860 0 31
1073 0 932 0 31
1073 1 932 0 32
1073 2 932 0 33
1074 0 932 0 33
1074 1 932 0 34
1074 2 932 0 35
1075 0 929 0 32
1075 1 929 0 33
1075 2 928 0 32
1076 0 928 0 32
1076 1 928 0 33
1076 2 927 0 32
1077 0 926 0 32
1077 1 926 0 33
1077 2 926 0 34
1078 0 926 0 34
1078 1 926 0 35
1078 2 926 0 36
1079 0 926 0 35
1079 1 926 0 36
1079 2 926 0 37
1080 0 925 0 35
1080 1 925 0 36
1080 2 925 0 37
1081 0 925 0 39
1081 1 925 0 40
1081 2 925 0 41
1082 0 924 0 41
1082 1 924 0 42
1082 2 924 0 43
1083 0 923 0 42
1083 1 923 0 43
1083 2 923 0 44
1084 0 923 0 44
1084 1 923 0 45
1084 2 923 0 46
1085 0 920 0 42
1085 1 920 0 43
1085 2 920 0 44
1086 0 919 0 41
1086 1 919 0 42
1086 2 919 0 41
1087 0 918 0 41
1087 1 918 0 42
1087 2 918 0 43
1088 0 917 0 41
1088 1 917 0 42
1088 2 917 0 43
1089 0 916 0 42
1089 1 916 0 43
1089 2 916 0 44
1090 0 912 0 37
1090 1 912 0 38
1090 2 911 0 37
1091 0 911 0 37
1091 1 911 0 38
1091 2 910 0 37
1092 0 909 0 37
1092 1 909 0 38
1092 2 909 0 39
1093 0 907 0 35
1093 1 907 0 36
1093 2 907 0 37
1094 0 906 0 36
1094 1 906 0 37
1094 2 906 0 38
1095 0 906 0 39
1095 1 905 0 38
1095 2 905 0 39
1096 0 903 0 37
1096 1 903 0 38
1096 2 903 0 39
1097 0 901 0 37
1097 1 900 0 36
1097 2 899 0 35
1098 0 899 0 37
1098 1 899 0 38
1098 2 899 0 39
1099 0 898 0 37
1099 1 898 0 38
1099 2 897 0 37
1100 0 897 0 37
1100 1 897 0 38
1100 2 897 0 39
1101 0 896 0 38
1101 1 896 0 39
1101 2 896 0 40
1102 0 895 0 38
1102 1 895 0 37
1102 2 895 0 38
1103 0 895 0 39
1103 1 895 0 40
1103 2 895 0 41
1104 0 893 0 39
1104 1 893 0 40
1104 2 893 0 41
1105 0 892 0 41
1105 1 892 0 42
1105 2 891 0 39
1106 0 891 0 41
1106 1 891 0 42
1106 2 891 0 43
1107 0 890 0 43
1107 1 890 0 44
1107 2 890 0 45
1108 0 888 0 43
1108 1 888 0 44
1108 2 886 0 41
1109 0 884 0 39
1109 1 884 0 40
1109 2 884 0 41
1110 0 881 0 38
1110 1 881 0 39
1110 2 881 0 38
1111 0 880 0 36
1111 1 880 0 37
1111 2 880 0 38
1112 0 880 0 39
1112 1 880 0 40
1112 2 880 0 41
1113 0 880 0 43
1113 1 880 0 44
1113 2 880 0 45
1114 0 878 0 43
1114 1 878 0 42
1114 2 878 0 43
1115 0 875 0 39
1115 1 875 0 40
1115 2 875 0 41
1116 0 871 0 33
1116 1 871 0 34
1116 2 871 0 35
1117 0 870 0 33
1117 1 870 0 34
1117 2 870 0 35
1118 0 868 0 33
1118 1 868 0 34
1118 2 868 0 35
1119 0 867 0 35
1119 1 867 0 36
1119 2 867 0 37
1120 0 864 0 35
1120 1 864 0 36
1120 2 864 0 37
1121 0 863 0 37
1121 0 935 0 37
1121 1 935 0 38
1121 2 934 0 37
1122 0 934 0 37
1122 1 934 0 38
1122 2 934 0 39
1123 0 933 0 39
1123 1 933 0 40
1123 2 932 0 39
1124 0 932 0 39
1124 1 932 0 40
1124 2 931 0 39
1125 0 931 0 40
1125 1 931 0 41
1125 2 931 0 42
1126 0 930 0 42
1126 1 930 0 43
1126 2 930 0 44
1127 0 930 0 43
1127 1 930 0 44
1127 2 930 0 45
1128 0 929 0 42
1128 1 928 0 41
1128 2 928 0 42
1129 0 928 0 42
1129 1 928 0 43
1129 2 928 0 44
1130 0 928 0 44
1130 1 928 0 45
1130 2 927 0 44
1131 0 927 0 44
1131 1 927 0 45
1131 2 927 0 46
1132 0 924 0 39
1132 1 924 0 40
1132 2 924 0 39
1133 0 924 0 41
1133 1 924 0 42
1133 2 924 0 43
1134 0 922 0 40
1134 1 922 0 41
1134 2 922 0 42
1135 0 922 0 44
1135 1 921 0 43
1135 2 921 0 44
1136 0 918 0 37
1136 1 918 0 38
1136 2 918 0 39
1137 0 918 0 41
1137 1 918 0 42
1137 2 918 0 43
1138 0 914 0 39
1138 1 914 0 40
1138 2 914 0 41
1139 0 911 0 37
1139 1 911 0 38
1139 2 911 0 39
1140 0 910 0 37
1140 1 910 0 36
1140 2 910 0 37
1141 0 909 0 37
1141 1 909 0 38
1141 2 908 0 37
1142 0 906 0 33
1142 1 906 0 34
1142 2 906 0 33
1143 0 905 0 33
1143 1 905 0 34
1143 2 905 0 35
1144 0 904 0 35
1144 1 904 0 36
1144 2 904 0 37
1145 0 904 0 39
1145 1 904 0 40
1145 2 904 0 41
1146 0 904 0 41
1146 1 904 0 42
1146 2 903 0 41
1147 0 901 0 39
1147 1 901 0 40
1147 2 900 0 39
1148 0 899 0 37
1148 1 899 0 38
1148 2 898 0 37
1149 0 897 0 35
1149 1 897 0 36
1149 2 897 0 37
1150 0 897 0 37
1150 1 897 0 36
1150 2 896 0 35
1151 0 896 0 37
1151 1 895 0 36
1151 2 895 0 37
1152 0 893 0 35
1152 1 893 0 36
1152 2 893 0 37
1153 0 887 0 33
1153 1 887 0 34
1153 2 887 0 34
1154 0 887 0 34
1154 1 887 0 35
1154 2 886 0 34
1155 0 886 0 36
1155 1 886 0 37
1155 2 886 0 38
1156 0 885 0 38
1156 1 885 0 39
1156 2 885 0 40
1157 0 884 0 39
1157 1 884 0 40
1157 2 884 0 41
1158 0 884 0 43
1158 1 884 0 44
1158 2 884 0 45
1159 0 881 0 40
1159 1 881 0 41
1159 2 881 0 42
1160 0 878 0 35
1160 1 878 0 36
1160 2 878 0 37
1161 0 877 0 35
1161 1 877 0 36
1161 2 877 0 37
1162 0 877 0 39
1162 1 876 0 38
1162 2 876 0 39
1163 0 874 0 34
1163 1 874 0 35
1163 2 874 0 36
1164 0 874 0 36
1164 1 874 0 37
1164 2 874 0 38
1165 0 874 0 38
1165 1 874 0 39
1165 2 874 0 40
1166 0 873 0 40
1166 1 873 0 41
1166 2 873 0 42
1167 0 871 0 40
1167 1 871 0 41
1167 2 871 0 42
1168 0 868 0 40
1168 1 868 0 41
1168 2 868 0 42
1169 0 866 0 39
1169 1 866 0 40
1169 2 866 0 41
1170 0 863 0 35
1170 0 935 0 35
1170 1 935 0 36
1170 2 935 0 35
1171 0 935 0 37
1171 1 935 0 38
1171 2 935 0 39
1172 0 935 0 41
1172 1 935 0 42
1172 2 935 0 43
1173 0 934 0 42
1173 1 934 0 43
1173 2 934 0 44
1174 0 932 0 40
1174 1 932 0 41
1174 2 931 0 39
1175 0 929 0 37
1175 1 929 0 38
1175 2 929 0 39
1176 0 927 0 37
1176 1 927 0 38
1176 2 927 0 39
1177 0 927 0 39
1177 1 926 0 38
1177 2 926 0 39
1178 0 925 0 39
1178 1 925 0 40
1178 2 925 0 41
1179 0 925 0 43
1179 1 925 0 44
1179 2 925 0 43
1180 0 923 0 41
1180 1 923 0 42
1180 2 923 0 43
1181 0 921 0 40
1181 1 921 0 41
1181 2 921 0 42
1182 0 919 0 40
1182 1 919 0 41
1182 2 918 0 40
1183 0 916 0 39
1183 1 916 0 40
1183 2 916 0 41
1184 0 915 0 39
1184 1 915 0 40
1184 2 915 0 41
1185 0 913 0 38
1185 1 913 0 39
1185 2 913 0 40
1186 0 911 0 38
1186 1 911 0 39
1186 2 910 0 37
1187 0 910 0 37
1187 1 910 0 38
1187 2 909 0 37
1188 0 908 0 35
1188 1 908 0 36
1188 2 908 0 37
1189 0 905 0 33
1189 1 905 0 34
1189 2 905 0 33
1190 0 905 0 33
1190 1 905 0 34
1190 2 905 0 35
1191 0 905 0 35
1191 1 905 0 36
1191 2 904 0 34
1192 0 903 0 34
1192 1 903 0 35
1192 2 903 0 36
1193 0 901 0 34
1193 1 901 0 35
1193 2 901 0 36
1194 0 899 0 36
1194 1 899 0 37
1194 2 898 0 36
1195 0 898 0 38
1195 1 898 0 39
1195 2 898 0 40
1196 0 898 0 40
1196 1 898 0 41
1196 2 898 0 42
1197 0 896 0 40
1197 1 895 0 39
1197 2 895 0 40
1198 0 894 0 40
1198 1 888 0 34
1198 2 888 0 35
1199 0 887 0 33
1199 1 887 0 34
1199 2 887 0 35
1200 0 886 0 35
1200 1 886 0 36
1200 2 886 0 37
1201 0 885 0 37
1201 1 885 0 38
1201 2 883 0 34
1202 0 883 0 34
1202 1 883 0 35
1202 2 883 0 36
1203 0 883 0 36
1203 1 883 0 37
1203 2 883 0 38
1204 0 882 0 38
1204 1 882 0 39
1204 2 882 0 40
1205 0 880 0 38
1205 1 880 0 39
1205 2 880 0 40
1206 0 879 0 38
1206 1 879 0 39
1206 2 878 0 38
1207 0 878 0 38
1207 1 878 0 39
1207 2 878 0 40
1208 0 877 0 37
1208 1 877 0 38
1208 2 877 0 39
1209 0 877 0 41
1209 1 875 0 38
1209 2 875 0 39
1210 0 873 0 37
1210 1 873 0 38
1210 2 873 0 39
1211 0 872 0 39
1211 1 872 0 40
1211 2 872 0 41
1212 0 870 0 41
1212 1 870 0 42
1212 2 870 0 43
1213 0 868 0 40
1213 1 868 0 41
1213 2 868 0 42
1214 0 868 0 42
1214 1 868 0 43
1214 2 868 0 42
1215 0 868 0 40
1215 1 868 0 41
1215 2 868 0 42
1216 0 865 0 38
1216 1 865 0 39
1216 2 865 0 40
1217 0 862 0 36
1217 0 934 0 36
1217 1 934 0 37
1217 2 933 0 36
1218 0 932 0 36
1218 1 932 0 37
1218 2 931 0 36
1219 0 930 0 36
1219 1 930 0 37
1219 2 930 0 38
1220 0 927 0 34
1220 1 927 0 35
1220 2 927 0 36
1221 0 927 0 38
1221 1 927 0 39
1221 2 927 0 40
1222 0 923 0 34
1222 1 923 0 35
1222 2 923 0 36
1223 0 923 0 36
1223 1 923 0 37
1223 2 923 0 38
1224 0 923 0 40
1224 1 923 0 41
1224 2 923 0 40
1225 0 922 0 38
1225 1 922 0 39
1225 2 922 0 40
1226 0 920 0 37
1226 1 920 0 38
1226 2 920 0 37
1227 0 918 0 37
1227 1 918 0 38
1227 2 918 0 39
1228 0 916 0 37
1228 1 916 0 38
1228 2 916 0 39
1229 0 915 0 38
1229 1 915 0 39
1229 2 915 0 40
1230 0 914 0 40
1230 1 914 0 41
1230 2 914 0 42
1231 0 911 0 38
1231 1 911 0 39
1231 2 911 0 40
1232 0 910 0 38
1232 1 910 0 39
1232 2 909 0 37
1233 0 909 0 35
1233 1 909 0 36
1233 2 909 0 37
1234 0 909 0 37
1234 1 909 0 38
1234 2 909 0 39
1235 0 905 0 34
1235 1 905 0 35
1235 2 905 0 36
1236 0 904 0 35
1236 1 904 0 36
1236 2 903 0 35
1237 0 903 0 35
1237 1 903 0 36
1237 2 903 0 37
1238 0 903 0 37
1238 1 903 0 38
1238 2 903 0 39
1239 0 902 0 39
1239 1 902 0 40
1239 2 902 0 39
1240 0 902 0 40
1240 1 902 0 41
1240 2 902 0 42
1241 0 901 0 41
1241 1 901 0 42
1241 2 901 0 43
1242 0 898 0 41
1242 1 898 0 42
1242 2 898 0 43
1243 0 896 0 40
1243 1 896 0 41
1243 2 895 0 40
1244 0 893 0 37
1244 1 893 0 38
1244 2 893 0 39
1245 0 892 0 38
1245 1 892 0 39
1245 2 892 0 40
1246 0 890 0 38
1246 1 889 0 37
1246 2 889 0 38
1247 0 885 0 36
1247 1 885 0 37
1247 2 885 0 38
1248 0 885 0 38
1248 1 885 0 37
1248 2 885 0 38
1249 0 883 0 37
1249 1 883 0 38
1249 2 883 0 39
1250 0 883 0 39
1250 1 883 0 40
1250 2 883 0 41
1251 0 881 0 39
1251 1 880 0 38
1251 2 880 0 39
1252 0 878 0 35
1252 1 878 0 36
1252 2 878 0 37
1253 0 875 0 35
1253 1 875 0 36
1253 2 875 0 37
1254 0 873 0 35
1254 1 873 0 36
1254 2 873 0 37
1255 0 869 0 33
1255 1 869 0 34
1255 2 869 0 35
1256 0 867 0 33
1256 1 866 0 32
1256 2 866 0 33
1257 0 865 0 33
1257 1 865 0 34
1257 2 865 0 35
1258 0 865 0 35
1258 1 865 0 36
1258 2 865 0 37
1259 0 863 0 36
1259 0 935 0 36
1259 1 935 0 37
1259 2 935 0 38
1260 0 935 0 38
1260 1 935 0 39
1260 2 935 0 40
1261 0 934 0 37
1261 1 934 0 38
1261 2 934 0 39
1262 0 932 0 37
1262 1 931 0 36
1262 2 931 0 37
1263 0 928 0 35
1263 1 928 0 36
1263 2 928 0 37
1264 0 928 0 37
1264 1 927 0 36
1264 2 927 0 37
1265 0 919 0 29
1265 1 919 0 30
1265 2 919 0 29
1266 0 918 0 29
1266 1 918 0 30
1266 2 918 0 31
1267 0 911 0 27
1267 1 911 0 28
1267 2 911 0 29
1268 0 911 0 29
1268 1 910 0 28
1268 2 910 0 29
1269 0 909 0 27
1269 1 909 0 28
1269 2 909 0 29
1270 0 909 0 31
1270 1 909 0 32
1270 2 909 0 33
1271 0 908 0 31
1271 1 908 0 32
1271 2 908 0 33
1272 0 906 0 30
1272 1 906 0 31
1272 2 906 0 32
1273 0 906 0 32
1273 1 905 0 31
1273 2 905 0 32
1274 0 903 0 30
1274 1 903 0 31
1274 2 903 0 32
1275 0 903 0 34
1275 1 903 0 35
1275 2 902 0 34
1276 0 902 0 35
1276 1 902 0 36
1276 2 902 0 35
1277 0 900 0 33
1277 1 900 0 34
1277 2 900 0 35
1278 0 900 0 37
1278 1 900 0 38
1278 2 900 0 39
1279 0 900 0 39
1279 1 900 0 40
1279 2 900 0 41
1280 0 898 0 37
1280 1 898 0 38
1280 2 897 0 36
1281 0 895 0 33
1281 1 895 0 34
1281 2 895 0 35
1282 0 893 0 35
1282 1 893 0 36
1282 2 893 0 37
1283 0 892 0 37
1283 1 892 0 38
1283 2 892 0 39
1284 0 891 0 37
1284 1 890 0 36
1284 2 890 0 37
1285 0 889 0 36
1285 1 889 0 37
1285 2 889 0 38
1286 0 889 0 38
1286 1 889 0 39
1286 2 889 0 40
1287 0 886 0 34
1287 1 886 0 35
1287 2 886 0 36
1288 0 886 0 36
1288 1 886 0 37
1288 2 886 0 38
1289 0 885 0 36
1289 1 885 0 37
1289 2 885 0 38
1290 0 883 0 35
1290 1 882 0 34
1290 2 882 0 35
1291 0 882 0 37
1291 1 882 0 38
1291 2 882 0 39
1292 0 881 0 37
1292 1 881 0 38
1292 2 881 0 39
1293 0 879 0 37
1293 1 879 0 38
1293 2 879 0 39
1294 0 877 0 37
1294 1 877 0 38
1294 2 877 0 39
1295 0 876 0 39
1295 1 876 0 40
1295 2 876 0 39
1296 0 874 0 37
1296 1 874 0 38
1296 2 874 0 39
1297 0 873 0 38
1297 1 873 0 39
1297 2 873 0 40
1298 0 871 0 38
1298 1 871 0 37
1298 2 870 0 35
1299 0 870 0 35
1299 1 870 0 36
1299 2 870 0 37
1300 0 870 0 37
1300 1 870 0 38
1300 2 870 0 39
1301 0 869 0 39
1301 1 869 0 40
1301 2 869 0 41
1302 0 867 0 39
1302 1 867 0 40
1302 2 867 0 41
1303 0 867 0 41
1303 1 867 0 42
1303 2 867 0 43
1304 0 866 0 39
1304 1 866 0 40
1304 2 866 0 41
1305 0 865 0 39
1305 1 865 0 40
1305 2 865 0 41
1306 0 865 0 41
1306 1 865 0 40
1306 2 865 0 41
1307 0 865 0 41
1307 1 865 0 42
1307 2 865 0 43
1308 0 863 0 41
1308 0 935 0 41
1308 1 935 0 42
1308 2 935 0 43
1309 0 933 0 39
1309 1 933 0 40
1309 2 933 0 41
1310 0 933 0 43
1310 1 933 0 44
1310 2 933 0 45
1311 0 932 0 45
1311 1 932 0 46
1311 2 931 0 44
1312 0 928 0 38
1312 1 928 0 39
1312 2 928 0 40
1313 0 928 0 40
1313 1 928 0 41
1313 2 928 0 42
1314 0 927 0 42
1314 1 927 0 43
1314 2 927 0 44
1315 0 921 0 34
1315 1 921 0 35
1315 2 921 0 36
1316 0 921 0 38
1316 1 921 0 39
1316 2 921 0 40
1317 0 919 0 38
1317 1 919 0 39
1317 2 919 0 40
1318 0 915 0 37
1318 1 915 0 38
1318 2 915 0 39
1319 0 914 0 36
1319 1 914 0 37
1319 2 914 0 38
1320 0 913 0 36
1320 1 913 0 37
1320 2 913 0 38
1321 0 913 0 38
1321 1 913 0 39
1321 2 913 0 40
1322 0 912 0 40
1322 1 912 0 41
1322 2 912 0 42
1323 0 911 0 38
1323 1 911 0 39
1323 2 911 0 38
1324 0 909 0 38
1324 1 909 0 39
1324 2 909 0 40
1325 0 909 0 40
1325 1 909 0 41
1325 2 909 0 42
1326 0 908 0 42
1326 1 908 0 43
1326 2 907 0 42
1327 0 907 0 42
1327 1 907 0 43
1327 2 906 0 41
1328 0 905 0 41
1328 1 905 0 42
1328 2 905 0 43
1329 0 903 0 41
1329 1 903 0 42
1329 2 903 0 43
1330 0 903 0 42
1330 1 902 0 41
1330 2 902 0 42
1331 0 902 0 42
1331 1 902 0 43
1331 2 902 0 44
1332 0 898 0 38
1332 1 898 0 39
1332 2 898 0 40
1333 0 897 0 40
1333 1 897 0 41
1333 2 897 0 42
1334 0 895 0 40
1334 1 895 0 41
1334 2 895 0 42
1335 0 893 0 38
1335 1 893 0 39
1335 2 892 0 38
1336 0 890 0 37
1336 1 890 0 38
1336 2 890 0 39
1337 0 888 0 35
1337 1 888 0 36
1337 2 887 0 34
1338 0 885 0 34
1338 1 884 0 33
1338 2 884 0 34
1339 0 882 0 32
1339 1 882 0 33
1339 2 882 0 34
1340 0 882 0 36
1340 1 882 0 37
1340 2 882 0 38
1341 0 882 0 38
1341 1 882 0 39
1341 2 882 0 40
1342 0 880 0 35
1342 1 880 0 36
1342 2 879 0 35
1343 0 877 0 36
1343 1 877 0 37
1343 2 877 0 38
1344 0 877 0 38
1344 1 875 0 37
1344 2 874 0 34
1345 0 873 0 34
1345 1 873 0 35
1345 2 873 0 36
1346 0 872 0 34
1346 1 872 0 35
1346 2 872 0 36
1347 0 872 0 36
1347 1 872 0 37
1347 2 872 0 38
1348 0 872 0 40
1348 1 872 0 39
1348 2 872 0 40
1349 0 870 0 36
1349 1 870 0 37
1349 2 870 0 38
1350 0 866 0 38
1350 1 866 0 39
1350 2 866 0 40
1351 0 863 0 36
1351 0 935 0 36
1351 1 935 0 37
1351 2 935 0 38
1352 0 933 0 36
1352 1 933 0 37
1352 2 932 0 36
1353 0 931 0 36
1353 1 931 0 37
1353 2 931 0 38
1354 0 924 0 35
1354 1 924 0 36
1354 2 923 0 35
1355 0 922 0 35
1355 1 920 0 34
1355 2 920 0 35
1356 0 920 0 37
1356 1 920 0 38
1356 2 920 0 39
1357 0 919 0 35
1357 1 919 0 36
1357 2 919 0 37
1358 0 919 0 38
1358 1 919 0 39
1358 2 919 0 38
1359 0 917 0 35
1359 1 917 0 36
1359 2 917 0 37
1360 0 917 0 39
1360 1 917 0 40
1360 2 917 0 41
1361 0 915 0 38
1361 1 915 0 39
1361 2 914 0 37
1362 0 912 0 35
1362 1 912 0 36
1362 2 912 0 37
1363 0 911 0 35
1363 1 911 0 36
1363 2 911 0 37
1364 0 910 0 35
1364 1 910 0 36
1364 2 910 0 35
1365 0 908 0 33
1365 1 908 0 34
1365 2 908 0 35
1366 0 908 0 35
1366 1 908 0 36
1366 2 908 0 37
1367 0 907 0 37
1367 1 907 0 38
1367 2 907 0 39
1368 0 904 0 33
1368 1 904 0 34
1368 2 904 0 35
1369 0 902 0 33
1369 1 902 0 34
1369 2 902 0 35
1370 0 901 0 35
1370 1 900 0 34
1370 2 900 0 35
1371 0 898 0 30
1371 1 898 0 29
1371 2 898 0 30
1372 0 897 0 30
1372 1 897 0 29
1372 2 897 0 30
1373 0 896 0 29
1373 1 896 0 30
1373 2 896 0 31
1374 0 896 0 33
1374 1 896 0 34
1374 2 896 0 35
1375 0 896 0 35
1375 1 896 0 36
1375 2 896 0 37
1376 0 896 0 39
1376 1 896 0 40
1376 2 895 0 37
1377 0 895 0 37
1377 1 895 0 38
1377 2 895 0 39
1378 0 895 0 41
1378 1 895 0 42
1378 2 895 0 41
1379 0 892 0 37
1379 1 892 0 38
1379 2 892 0 39
1380 0 890 0 36
1380 1 889 0 35
1380 2 888 0 34
1381 0 887 0 32
1381 1 887 0 33
1381 2 887 0 34
1382 0 884 0 30
1382 1 884 0 31
1382 2 884 0 32
1383 0 882 0 29
1383 1 882 0 30
1383 2 882 0 31
1384 0 882 0 33
1384 1 882 0 34
1384 2 882 0 35
1385 0 880 0 33
1385 1 880 0 34
1385 2 880 0 35
1386 0 879 0 35
1386 1 878 0 34
1386 2 878 0 35
1387 0 876 0 35
1387 1 876 0 36
1387 2 876 0 37
1388 0 875 0 35
1388 1 875 0 36
1388 2 875 0 37
1389 0 873 0 34
1389 1 873 0 35
1389 2 873 0 36
1390 0 870 0 34
1390 1 870 0 35
1390 2 870 0 36
1391 0 867 0 33
1391 1 867 0 34
1391 2 866 0 32
1392 0 866 0 31
1392 1 866 0 32
1392 2 866 0 33
1393 0 866 0 35
1393 1 866 0 36
1393 2 866 0 37
1394 0 865 0 37
1394 1 865 0 38
1394 2 865 0 39
1395 0 862 0 35
1395 0 934 0 35
1395 1 934 0 36
1395 2 934 0 37
1396 0 932 0 35
1396 1 932 0 36
1396 2 932 0 37
1397 0 931 0 37
1397 1 930 0 36
1397 2 930 0 37
1398 0 929 0 37
1398 1 929 0 38
1398 2 929 0 39
1399 0 926 0 35
1399 1 926 0 36
1399 2 926 0 37
1400 0 926 0 39
1400 1 926 0 40
1400 2 926 0 41
1401 0 925 0 39
1401 1 925 0 40
1401 2 925 0 39
1402 0 922 0 33
1402 1 922 0 34
1402 2 922 0 35
1403 0 921 0 35
1403 1 921 0 36
1403 2 921 0 36
1404 0 920 0 34
1404 1 920 0 35
1404 2 920 0 36
1405 0 918 0 35
1405 1 918 0 36
1405 2 918 0 37
1406 0 916 0 34
1406 1 916 0 35
1406 2 916 0 36
1407 0 915 0 33
1407 1 915 0 34
1407 2 915 0 35
1408 0 915 0 35
1408 1 915 0 36
1408 2 915 0 37
1409 0 913 0 33
1409 1 913 0 34
1409 2 913 0 35
1410 0 911 0 33
1410 1 911 0 34
1410 2 911 0 35
1411 0 908 0 31
1411 1 908 0 32
1411 2 908 0 33
1412 0 905 0 32
1412 1 905 0 33
1412 2 905 0 34
1413 0 904 0 34
1413 1 904 0 35
1413 2 904 0 36
1414 0 903 0 36
1414 1 903 0 37
1414 2 903 0 38
1415 0 903 0 38
1415 1 901 0 35
1415 2 901 0 34
1416 0 901 0 36
1416 1 901 0 37
1416 2 901 0 38
1417 0 901 0 40
1417 1 901 0 39
1417 2 901 0 40
1418 0 901 0 40
1418 1 901 0 41
1418 2 901 0 42
1419 0 898 0 38
1419 1 898 0 37
1419 2 898 0 38
1420 0 894 0 37
1420 1 894 0 38
1420 2 894 0 39
1421 0 890 0 35
1421 1 890 0 36
1421 2 890 0 37
1422 0 887 0 37
1422 1 887 0 38
1422 2 887 0 39
1423 0 885 0 36
1423 1 885 0 37
1423 2 885 0 38
1424 0 883 0 34
1424 1 883 0 35
1424 2 883 0 36
1425 0 882 0 34
1425 1 882 0 35
1425 2 882 0 36
1426 0 879 0 32
1426 1 879 0 33
1426 2 879 0 34
1427 0 877 0 32
1427 1 877 0 33
1427 2 877 0 34
1428 0 876 0 34
1428 1 876 0 35
1428 2 875 0 34
1429 0 874 0 35
1429 1 872 0 34
1429 2 872 0 35
1430 0 872 0 37
1430 1 870 0 36
1430 2 870 0 37
1431 0 869 0 35
1431 1 869 0 36
1431 2 869 0 37
1432 0 869 0 37
1432 1 869 0 38
1432 2 869 0 39
1433 0 869 0 39
1433 1 869 0 40
1433 2 868 0 38
1434 0 867 0 36
1434 1 867 0 37
1434 2 867 0 38
1435 0 867 0 40
1435 1 867 0 41
1435 2 867 0 42
1436 0 866 0 42
1436 1 866 0 41
1436 2 866 0 42
1437 0 862 0 37
1437 0 934 0 37
1437 1 934 0 38
1437 2 934 0 39
1438 0 934 0 41
1438 1 934 0 41
1438 2 934 0 42
1439 0 931 0 35
1439 1 930 0 34
1439 2 930 0 35
1440 0 929 0 35
1440 1 929 0 36
1440 2 928 0 35
1441 0 927 0 36
1441 1 927 0 37
1441 2 927 0 38
1442 0 926 0 38
1442 1 926 0 39
1442 2 926 0 40
1443 0 925 0 41
1443 1 925 0 42
1443 2 925 0 43
1444 0 924 0 43
1444 1 924 0 44
1444 2 924 0 45
1445 0 923 0 44
1445 1 923 0 45
1445 2 923 0 44
1446 0 920 0 38
1446 1 920 0 39
1446 2 920 0 40
1447 0 920 0 40
1447 1 919 0 39
1447 2 918 0 37
1448 0 914 0 37
1448 1 914 0 38
1448 2 914 0 39
1449 0 913 0 39
1449 1 913 0 40
1449 2 913 0 41
1450 0 912 0 41
1450 1 912 0 42
1450 2 912 0 41
1451 0 912 0 41
1451 1 912 0 42
1451 2 912 0 43
1452 0 911 0 43
1452 1 911 0 44
1452 2 911 0 45
1453 0 910 0 45
1453 1 909 0 44
1453 2 909 0 45
1454 0 908 0 44
1454 1 906 0 41
1454 2 906 0 42
1455 0 905 0 42
1455 1 904 0 41
1455 2 904 0 42
1456 0 901 0 39
1456 1 901 0 40
1456 2 901 0 41
1457 0 900 0 41
1457 1 900 0 42
1457 2 899 0 40
1458 0 897 0 37
1458 1 897 0 38
1458 2 896 0 37
1459 0 896 0 39
1459 1 896 0 40
1459 2 895 0 39
1460 0 893 0 37
1460 1 893 0 38
1460 2 892 0 37
1461 0 892 0 39
1461 1 892 0 40
1461 2 892 0 41
1462 0 891 0 41
1462 1 891 0 42
1462 2 891 0 41
1463 0 891 0 43
1463 1 891 0 44
1463 2 891 0 45
1464 0 891 0 47
1464 1 891 0 48
1464 2 891 0 49
1465 0 888 0 46
1465 1 888 0 47
1465 2 888 0 48
1466 0 885 0 42
1466 1 885 0 43
1466 2 884 0 42
1467 0 884 0 42
1467 1 884 0 43
1467 2 884 0 44
1468 0 883 0 42
1468 1 883 0 43
1468 2 883 0 44
1469 0 882 0 41
1469 1 882 0 42
1469 2 882 0 43
1470 0 878 0 37
1470 1 878 0 38
1470 2 877 0 37
1471 0 877 0 37
1471 1 877 0 38
1471 2 877 0 39
1472 0 874 0 35
1472 1 874 0 36
1472 2 874 0 37
1473 0 873 0 37
1473 1 873 0 38
1473 2 873 0 39
1474 0 871 0 36
1474 1 869 0 34
1474 2 869 0 35
1475 0 868 0 35
1475 1 868 0 36
1475 2 868 0 37
1476 0 865 0 32
1476 1 865 0 33
1476 2 864 0 32
1477 0 863 0 33
1477 0 935 0 33
1477 1 935 0 34
1477 2 935 0 35
1478 0 933 0 33
1478 1 933 0 34
1478 2 933 0 35
1479 0 933 0 35
1479 1 933 0 36
1479 2 933 0 35
1480 0 932 0 35
1480 1 932 0 36
1480 2 932 0 37
1481 0 929 0 32
1481 1 929 0 33
1481 2 929 0 34
1482 0 928 0 32
1482 1 928 0 33
1482 2 928 0 34
1483 0 925 0 34
1483 1 925 0 35
1483 2 924 0 34
1484 0 923 0 33
1484 1 923 0 34
1484 2 923 0 35
1485 0 923 0 37
1485 1 923 0 38
1485 2 923 0 39
1486 0 922 0 36
1486 1 922 0 37
1486 2 922 0 38
1487 0 919 0 34
1487 1 919 0 35
1487 2 919 0 36
1488 0 918 0 36
1488 1 918 0 37
1488 2 918 0 38
1489 0 916 0 36
1489 1 916 0 37
1489 2 915 0 35
1490 0 914 0 36
1490 1 914 0 37
1490 2 914 0 36
1491 0 913 0 34
1491 1 913 0 35
1491 2 913 0 36
1492 0 913 0 38
1492 1 913 0 39
1492 2 913 0 40
1493 0 913 0 40
1493 1 913 0 41
1493 2 913 0 42
1494 0 913 0 44
1494 1 913 0 45
1494 2 913 0 46
1495 0 912 0 46
1495 1 912 0 47
1495 2 912 0 48
1496 0 911 0 43
1496 1 911 0 44
1496 2 911 0 45
1497 0 907 0 41
1497 1 907 0 42
1497 2 907 0 43
1498 0 905 0 41
1498 1 904 0 40
1498 2 904 0 41
1499 0 903 0 39
1499 1 903 0 40
1499 2 903 0 39
1500 0 903 0 39
1500 1 903 0 38
1500 2 903 0 39
1501 0 902 0 39
1501 1 902 0 40
1501 2 902 0 41
1502 0 901 0 40
1502 1 900 0 39
1502 2 900 0 40
1503 0 895 0 36
1503 1 895 0 37
1503 2 895 0 38
1504 0 893 0 33
1504 1 893 0 34
1504 2 893 0 35
1505 0 892 0 35
1505 1 892 0 36
1505 2 892 0 37
1506 0 890 0 35
1506 1 890 0 36
1506 2 890 0 37
1507 0 889 0 37
1507 1 889 0 38
1507 2 889 0 37
1508 0 888 0 37
1508 1 888 0 38
1508 2 888 0 39
1509 0 887 0 39
1509 1 887 0 40
1509 2 886 0 39
1510 0 883 0 33
1510 1 882 0 32
1510 2 882 0 33
1511 0 881 0 33
1511 1 881 0 34
1511 2 881 0 35
1512 0 881 0 37
1512 1 881 0 38
1512 2 881 0 39
1513 0 879 0 35
1513 1 879 0 36
1513 2 879 0 37
1514 0 878 0 37
1514 1 878 0 38
1514 2 878 0 39
1515 0 876 0 35
1515 1 875 0 34
1515 2 875 0 35
1516 0 874 0 35
1516 1 874 0 36
1516 2 874 0 37
1517 0 874 0 39
1517 1 874 0 40
1517 2 874 0 41
1518 0 872 0 36
1518 1 872 0 37
1518 2 872 0 38
1519 0 870 0 38
1519 1 870 0 39
1519 2 870 0 40
1520 0 869 0 39
1520 1 869 0 40
1520 2 869 0 41
1521 0 866 0 35
1521 1 866 0 36
1521 2 865 0 34
1522 0 865 0 36
1522 1 864 0 35
1522 2 864 0 36
1523 0 863 0 35
1523 0 935 0 35
1523 1 935 0 36
1523 2 935 0 37
1524 0 931 0 35
1524 1 931 0 36
1524 2 931 0 35
1525 0 931 0 35
1525 1 931 0 36
1525 2 931 0 37
1526 0 930 0 37
1526 1 930 0 38
1526 2 930 0 39
1527 0 930 0 39
1527 1 930 0 40
1527 2 928 0 38
1528 0 928 0 40
1528 1 928 0 41
1528 2 928 0 42
1529 0 928 0 44
1529 1 928 0 45
1529 2 928 0 46
1530 0 923 0 41
1530 1 923 0 42
1530 2 923 0 43
1531 0 922 0 43
1531 1 922 0 44
1531 2 922 0 45
1532 0 920 0 43
1532 1 919 0 42
1532 2 919 0 43
1533 0 917 0 41
1533 1 916 0 40
1533 2 916 0 41
1534 0 910 0 34
1534 1 910 0 35
1534 2 909 0 34
1535 0 909 0 36
1535 1 909 0 37
1535 2 909 0 38
1536 0 907 0 34
1536 1 907 0 35
1536 2 907 0 36
1537 0 906 0 35
1537 1 906 0 36
1537 2 906 0 37
1538 0 904 0 34
1538 1 904 0 35
1538 2 904 0 36
1539 0 904 0 36
1539 1 904 0 37
1539 2 904 0 38
1540 0 901 0 33
1540 1 901 0 34
1540 2 901 0 35
1541 0 901 0 37
1541 1 901 0 38
1541 2 901 0 39
1542 0 897 0 33
1542 1 897 0 34
1542 2 897 0 35
1543 0 897 0 37
1543 1 897 0 38
1543 2 896 0 37
1544 0 894 0 36
1544 1 893 0 35
1544 2 893 0 36
1545 0 892 0 36
1545 1 892 0 37
1545 2 892 0 38
1546 0 892 0 38
1546 1 892 0 39
1546 2 892 0 40
1547 0 892 0 42
1547 1 892 0 43
1547 2 890 0 40
1548 0 889 0 40
1548 1 889 0 41
1548 2 888 0 39
1549 0 887 0 39
1549 1 887 0 40
1549 2 887 0 41
1550 0 886 0 39
1550 1 885 0 38
1550 2 885 0 39
1551 0 883 0 36
1551 1 883 0 37
1551 2 883 0 38
1552 0 883 0 38
1552 1 883 0 39
1552 2 883 0 40
1553 0 883 0 42
1553 1 883 0 41
1553 2 883 0 42
1554 0 883 0 42
1554 1 882 0 41
1554 2 882 0 42
1555 0 879 0 38
1555 1 879 0 37
1555 2 878 0 36
1556 0 877 0 36
1556 1 877 0 37
1556 2 876 0 35
1557 0 874 0 35
1557 1 874 0 36
1557 2 874 0 37
1558 0 872 0 34
1558 1 872 0 35
1558 2 872 0 36
1559 0 872 0 37
1559 1 871 0 36
1559 2 871 0 36
1560 0 871 0 38
1560 1 870 0 37
1560 2 870 0 37
1561 0 868 0 35
1561 1 867 0 34
1561 2 867 0 35
1562 0 866 0 35
1562 1 866 0 36
1562 2 866 0 37
1563 0 866 0 36
1563 1 866 0 37
1563 2 866 0 38
1564 0 865 0 38
1564 1 865 0 39
1564 2 865 0 40
1565 0 863 0 38
1565 0 935 0 38
1565 1 935 0 39
1565 2 934 0 38
1566 0 934 0 38
1566 1 934 0 39
1566 2 934 0 40
1567 0 934 0 42
1567 1 934 0 43
1567 2 933 0 41
1568 0 932 0 41
1568 1 932 0 42
1568 2 932 0 43
1569 0 930 0 40
1569 1 930 0 41
1569 2 930 0 42
1570 0 928 0 39
1570 1 928 0 40
1570 2 928 0 41
1571 0 927 0 39
1571 1 926 0 38
1571 2 926 0 39
1572 0 923 0 35
1572 1 923 0 36
1572 2 923 0 37
1573 0 922 0 37
1573 1 922 0 36
1573 2 922 0 37
1574 0 921 0 35
1574 1 921 0 36
1574 2 921 0 37
1575 0 920 0 37
1575 1 920 0 38
1575 2 920 0 39
1576 0 919 0 39
1576 1 919 0 40
1576 2 918 0 38
1577 0 918 0 38
1577 1 917 0 37
1577 2 916 0 36
1578 0 916 0 38
1578 1 916 0 39
1578 2 916 0 40
1579 0 915 0 40
1579 1 915 0 41
1579 2 913 0 36
1580 0 911 0 34
1580 1 911 0 35
1580 2 911 0 36
1581 0 909 0 33
1581 1 909 0 34
1581 2 909 0 35
1582 0 908 0 33
1582 1 908 0 34
1582 2 908 0 33
1583 0 905 0 33
1583 1 905 0 32
1583 2 905 0 33
1584 0 905 0 35
1584 1 905 0 36
1584 2 905 0 37
1585 0 905 0 37
1585 1 904 0 36
1585 2 904 0 37
1586 0 898 0 35
1586 1 898 0 36
1586 2 898 0 37
1587 0 898 0 38
1587 1 898 0 39
1587 2 898 0 40
1588 0 896 0 38
1588 1 896 0 39
1588 2 895 0 37
1589 0 895 0 39
1589 1 895 0 40
1589 2 895 0 41
1590 0 892 0 34
1590 1 892 0 33
1590 2 892 0 34
1591 0 891 0 34
1591 1 891 0 35
1591 2 891 0 36
1592 0 890 0 36
1592 1 890 0 37
1592 2 890 0 36
1593 0 889 0 33
1593 1 889 0 34
1593 2 889 0 35
1594 0 888 0 35
1594 1 888 0 36
1594 2 888 0 37
1595 0 887 0 37
1595 1 887 0 37
1595 2 887 0 38
1596 0 887 0 38
1596 1 887 0 39
1596 2 887 0 40
1597 0 887 0 38
1597 1 887 0 39
1597 2 887 0 40
1598 0 886 0 40
1598 1 885 0 39
1598 2 884 0 38
1599 0 883 0 38
1599 1 883 0 39
1599 2 883 0 40
1600 0 880 0 36
1600 1 880 0 37
1600 2 880 0 38
1601 0 880 0 38
1601 1 880 0 39
1601 2 880 0 40
1602 0 878 0 36
1602 1 877 0 34
1602 2 877 0 35
1603 0 876 0 35
1603 1 876 0 36
1603 2 875 0 35
1604 0 872 0 35
1604 1 871 0 34
1604 2 870 0 32
1605 0 868 0 30
1605 1 868 0 31
1605 2 866 0 30
1606 0 865 0 30
1606 1 865 0 31
1606 2 864 0 30
1607 0 864 0 30
1607 1 864 0 31
1607 2 864 0 32
1608 0 861 0 30
1608 0 933 0 30
1608 1 933 0 31
1608 2 933 0 32
1609 0 932 0 32
1609 1 932 0 33
1609 2 932 0 34
1610 0 932 0 34
1610 1 932 0 35
1610 2 932 0 34
1611 0 929 0 30
1611 1 929 0 31
1611 2 929 0 30
1612 0 929 0 32
1612 1 929 0 33
1612 2 929 0 34
1613 0 928 0 34
1613 1 928 0 35
1613 2 927 0 34
1614 0 927 0 36
1614 1 927 0 37
1614 2 926 0 36
1615 0 923 0 32
1615 1 923 0 33
1615 2 923 0 34
1616 0 922 0 34
1616 1 922 0 35
1616 2 922 0 36
1617 0 922 0 38
1617 1 922 0 39
1617 2 922 0 38
1618 0 921 0 39
1618 1 920 0 38
1618 2 920 0 39
1619 0 916 0 35
1619 1 916 0 36
1619 2 916 0 37
1620 0 915 0 37
1620 1 915 0 38
1620 2 915 0 39
1621 0 915 0 41
1621 1 915 0 42
1621 2 915 0 43
1622 0 914 0 41
1622 1 914 0 42
1622 2 914 0 43
1623 0 914 0 44
1623 1 914 0 45
1623 2 914 0 46
1624 0 913 0 41
1624 1 913 0 42
1624 2 913 0 43
1625 0 912 0 42
1625 1 912 0 43
1625 2 912 0 44
1626 0 912 0 44
1626 1 912 0 45
1626 2 911 0 44
1627 0 911 0 46
1627 1 910 0 43
1627 2 910 0 44
1628 0 906 0 38
1628 1 906 0 39
1628 2 906 0 40
1629 0 904 0 37
1629 1 904 0 38
1629 2 904 0 39
1630 0 904 0 39
1630 1 904 0 40
1630 2 904 0 39
1631 0 903 0 39
1631 1 902 0 38
1631 2 902 0 39
1632 0 900 0 37
1632 1 900 0 38
1632 2 900 0 39
1633 0 900 0 39
1633 1 900 0 40
1633 2 900 0 41
1634 0 897 0 36
1634 1 897 0 37
1634 2 896 0 35
1635 0 895 0 35
1635 1 894 0 34
1635 2 894 0 35
1636 0 893 0 33
1636 1 893 0 34
1636 2 893 0 35
1637 0 893 0 35
1637 1 893 0 36
1637 2 893 0 37
1638 0 892 0 37
1638 1 891 0 35
1638 2 891 0 36
1639 0 889 0 36
1639 1 889 0 37
1639 2 889 0 38
1640 0 886 0 34
1640 1 886 0 35
1640 2 886 0 36
1641 0 885 0 36
1641 1 885 0 37
1641 2 885 0 38
1642 0 883 0 36
1642 1 883 0 37
1642 2 883 0 38
1643 0 883 0 38
1643 1 883 0 39
1643 2 883 0 40
1644 0 883 0 40
1644 1 882 0 39
1644 2 881 0 38
1645 0 881 0 40
1645 1 881 0 41
1645 2 881 0 42
1646 0 880 0 39
1646 1 880 0 40
1646 2 880 0 41
1647 0 879 0 41
1647 1 878 0 40
1647 2 878 0 41
1648 0 876 0 39
1648 1 875 0 38
1648 2 875 0 39
1649 0 875 0 41
1649 1 875 0 42
1649 2 875 0 43
1650 0 874 0 41
1650 1 873 0 40
1650 2 873 0 41
1651 0 873 0 41
1651 1 872 0 40
1651 2 872 0 41
1652 0 869 0 37
1652 1 869 0 38
1652 2 869 0 39
1653 0 869 0 39
1653 1 869 0 40
1653 2 869 0 41
1654 0 863 0 34
1654 0 935 0 34
1654 1 935 0 35
1654 2 935 0 36
1655 0 935 0 36
1655 1 934 0 35
1655 2 934 0 34
1656 0 932 0 33
1656 1 932 0 34
1656 2 932 0 35
1657 0 932 0 35
1657 1 932 0 36
1657 2 932 0 37
1658 0 931 0 35
1658 1 931 0 36
1658 2 931 0 37
1659 0 931 0 39
1659 1 931 0 40
1659 2 930 0 39
1660 0 929 0 39
1660 1 929 0 40
1660 2 929 0 41
1661 0 924 0 37
1661 1 924 0 38
1661 2 924 0 39
1662 0 922 0 35
1662 1 922 0 36
1662 2 922 0 37
1663 0 922 0 37
1663 1 922 0 38
1663 2 922 0 39
1664 0 922 0 38
1664 1 922 0 39
1664 2 921 0 38
1665 0 919 0 33
1665 1 919 0 34
1665 2 919 0 35
1666 0 918 0 35
1666 1 918 0 36
1666 2 918 0 37
1667 0 916 0 35
1667 1 916 0 36
1667 2 916 0 37
1668 0 916 0 37
1668 1 915 0 36
1668 2 915 0 37
1669 0 914 0 37
1669 1 914 0 38
1669 2 913 0 37
1670 0 912 0 35
1670 1 911 0 34
1670 2 911 0 35
1671 0 911 0 37
1671 1 911 0 38
1671 2 911 0 39
1672 0 907 0 37
1672 1 907 0 38
1672 2 907 0 39
1673 0 906 0 39
1673 1 906 0 40
1673 2 905 0 39
1674 0 903 0 35
1674 1 903 0 36
1674 2 903 0 37
1675 0 900 0 32
1675 1 900 0 33
1675 2 900 0 34
1676 0 898 0 30
1676 1 898 0 31
1676 2 898 0 32
1677 0 897 0 30
1677 1 897 0 31
1677 2 897 0 32
1678 0 896 0 32
1678 1 896 0 33
1678 2 896 0 34
1679 0 896 0 34
1679 1 896 0 35
1679 2 895 0 34
1680 0 895 0 36
1680 1 895 0 37
1680 2 895 0 38
1681 0 892 0 38
1681 1 892 0 39
1681 2 890 0 36
1682 0 890 0 36
1682 1 890 0 37
1682 2 890 0 38
1683 0 889 0 38
1683 1 888 0 37
1683 2 887 0 36
1684 0 886 0 34
1684 1 886 0 35
1684 2 885 0 34
1685 0 884 0 34
1685 1 884 0 35
1685 2 884 0 36
1686 0 883 0 36
1686 1 883 0 37
1686 2 883 0 38
1687 0 881 0 36
1687 1 880 0 35
1687 2 880 0 36
1688 0 879 0 36
1688 1 879 0 37
1688 2 879 0 38
1689 0 876 0 33
1689 1 876 0 34
1689 2 875 0 33
1690 0 875 0 33
1690 1 875 0 34
1690 2 874 0 33
1691 0 872 0 33
1691 1 872 0 34
1691 2 872 0 35
1692 0 871 0 34
1692 1 871 0 35
1692 2 871 0 36
1693 0 871 0 36
1693 1 871 0 37
1693 2 871 0 37
1694 0 869 0 35
1694 1 867 0 31
1694 2 867 0 32
1695 0 866 0 32
1695 1 866 0 33
1695 2 866 0 34
1696 0 866 0 34
1696 1 866 0 35
1696 2 866 0 36
1697 0 862 0 34
1697 0 934 0 34
1697 1 934 0 35
1697 2 934 0 36
1698 0 933 0 35
1698 1 932 0 34
1698 2 932 0 35
1699 0 932 0 35
1699 1 932 0 36
1699 2 932 0 37
1700 0 930 0 33
1700 1 930 0 34
1700 2 930 0 35
1701 0 929 0 35
1701 1 928 0 33
1701 2 928 0 34
1702 0 927 0 34
1702 1 927 0 35
1702 2 927 0 36
1703 0 927 0 34
1703 1 927 0 35
1703 2 927 0 36
1704 0 925 0 36
1704 1 925 0 37
1704 2 925 0 38
1705 0 923 0 34
1705 1 923 0 35
1705 2 923 0 36
1706 0 922 0 36
1706 1 921 0 35
1706 2 921 0 36
1707 0 918 0 34
1707 1 918 0 35
1707 2 918 0 36
1708 0 917 0 34
1708 1 916 0 33
1708 2 916 0 34
1709 0 914 0 30
1709 1 914 0 31
1709 2 914 0 32
1710 0 911 0 29
1710 1 911 0 30
1710 2 911 0 31
1711 0 909 0 27
1711 1 909 0 28
1711 2 909 0 29
1712 0 908 0 29
1712 1 906 0 26
1712 2 906 0 27
1713 0 905 0 27
1713 1 905 0 28
1713 2 904 0 27
1714 0 903 0 27
1714 1 902 0 25
1714 2 902 0 26
1715 0 901 0 24
1715 1 901 0 25
1715 2 901 0 26
1716 0 900 0 26
1716 1 900 0 27
1716 2 900 0 28
1717 0 900 0 30
1717 1 900 0 31
1717 2 900 0 32
1718 0 900 0 32
1718 1 900 0 33
1718 2 899 0 32
1719 0 897 0 30
1719 1 896 0 29
1719 2 896 0 30
1720 0 895 0 30
1720 1 895 0 31
1720 2 895 0 32
1721 0 895 0 34
1721 1 895 0 35
1721 2 894 0 34
1722 0 894 0 36
1722 1 894 0 37
1722 2 893 0 36
1723 0 892 0 34
1723 1 891 0 33
1723 2 891 0 34
1724 0 890 0 34
1724 1 890 0 35
1724 2 890 0 36
1725 0 888 0 32
1725 1 888 0 33
1725 2 888 0 34
1726 0 886 0 30
1726 1 886 0 31
1726 2 885 0 30
1727 0 885 0 30
1727 1 885 0 31
1727 2 885 0 32
1728 0 884 0 30
1728 1 884 0 31
1728 2 884 0 32
1729 0 884 0 32
1729 1 884 0 33
1729 2 883 0 32
1730 0 880 0 32
1730 1 880 0 33
1730 2 880 0 34
1731 0 880 0 36
1731 1 880 0 37
1731 2 879 0 36
1732 0 879 0 38
1732 1 879 0 39
1732 2 879 0 40
1733 0 878 0 40
1733 1 878 0 41
1733 2 877 0 40
1734 0 871 0 33
1734 1 871 0 34
1734 2 869 0 31
1735 0 869 0 31
1735 1 869 0 32
1735 2 869 0 33
1736 0 868 0 31
1736 1 868 0 32
1736 2 867 0 31
1737 0 867 0 31
1737 1 867 0 32
1737 2 864 0 29
1738 0 864 0 31
1738 1 863 0 30
1738 2 862 0 29
1739 0 862 0 31
1739 0 934 0 31
1739 1 934 0 32
1739 2 934 0 33
1740 0 931 0 31
1740 1 931 0 32
1740 2 931 0 33
1741 0 931 0 33
1741 1 931 0 34
1741 2 930 0 33
1742 0 930 0 34
1742 1 930 0 35
1742 2 930 0 36
1743 0 929 0 36
1743 1 929 0 37
1743 2 926 0 35
1744 0 925 0 35
1744 1 925 0 36
1744 2 925 0 37
1745 0 924 0 37
1745 1 924 0 38
1745 2 922 0 36
1746 0 913 0 30
1746 1 913 0 31
1746 2 912 0 30
1747 0 911 0 29
1747 1 911 0 30
1747 2 911 0 31
1748 0 911 0 31
1748 1 909 0 28
1748 2 909 0 29
1749 0 909 0 31
1749 1 908 0 30
1749 2 908 0 31
1750 0 906 0 29
1750 1 906 0 30
1750 2 905 0 28
1751 0 904 0 28
1751 1 904 0 29
1751 2 904 0 30
1752 0 902 0 28
1752 1 902 0 29
1752 2 901 0 28
1753 0 901 0 30
1753 1 901 0 31
1753 2 901 0 32
1754 0 901 0 34
1754 1 901 0 35
1754 2 900 0 34
1755 0 899 0 34
1755 1 899 0 34
1755 2 899 0 34
1756 0 896 0 31
1756 1 896 0 32
1756 2 896 0 33
1757 0 896 0 35
1757 1 896 0 36
1757 2 896 0 37
1758 0 895 0 35
1758 1 895 0 36
1758 2 895 0 37
1759 0 894 0 35
1759 1 893 0 34
1759 2 893 0 34
1760 0 893 0 36
1760 1 893 0 37
1760 2 893 0 38
1761 0 888 0 32
1761 1 888 0 33
1761 2 888 0 34
1762 0 887 0 34
1762 1 887 0 35
1762 2 886 0 34
1763 0 885 0 32
1763 1 885 0 33
1763 2 885 0 34
1764 0 883 0 32
1764 1 883 0 33
1764 2 881 0 30
1765 0 879 0 28
1765 1 879 0 29
1765 2 879 0 30
1766 0 876 0 28
1766 1 876 0 29
1766 2 876 0 30
1767 0 874 0 29
1767 1 874 0 30
1767 2 873 0 29
1768 0 873 0 29
1768 1 873 0 30
1768 2 872 0 28
1769 0 870 0 26
1769 1 870 0 27
1769 2 870 0 28
1770 0 870 0 28
1770 1 870 0 29
1770 2 870 0 30
1771 0 868 0 26
1771 1 867 0 24
1771 2 867 0 25
1772 0 866 0 25
1772 1 865 0 24
1772 2 865 0 25
1773 0 865 0 27
1773 1 865 0 28
1773 2 865 0 29
1774 0 865 0 30
1774 1 865 0 31
1774 2 864 0 30
1775 0 863 0 30
1775 0 935 0 30
1775 1 935 0 31
1775 2 935 0 32
1776 0 933 0 28
1776 1 933 0 29
1776 2 933 0 30
1777 0 933 0 30
1777 1 933 0 31
1777 2 933 0 32
1778 0 933 0 32
1778 1 933 0 33
1778 2 933 0 34
1779 0 930 0 34
1779 1 930 0 35
1779 2 930 0 36
1780 0 928 0 34
1780 1 928 0 35
1780 2 928 0 36
1781 0 925 0 36
1781 1 925 0 37
1781 2 923 0 36
1782 0 923 0 36
1782 1 923 0 37
1782 2 922 0 36
1783 0 921 0 36
1783 1 920 0 35
1783 2 919 0 34
1784 0 916 0 32
1784 1 916 0 33
1784 2 915 0 32
1785 0 915 0 34
1785 1 915 0 35
1785 2 915 0 36
1786 0 914 0 36
1786 1 913 0 35
1786 2 913 0 36
1787 0 908 0 31
1787 1 908 0 32
1787 2 908 0 33
1788 0 907 0 33
1788 1 907 0 34
1788 2 906 0 33
1789 0 904 0 31
1789 1 904 0 32
1789 2 904 0 33
1790 0 904 0 35
1790 1 901 0 30
1790 2 901 0 31
1791 0 898 0 29
1791 1 898 0 30
1791 2 898 0 31
1792 0 898 0 33
1792 1 898 0 34
1792 2 897 0 33
1793 0 893 0 27
1793 1 893 0 28
1793 2 893 0 29
1794 0 893 0 29
1794 1 893 0 30
1794 2 892 0 29
1795 0 889 0 29
1795 1 889 0 30
1795 2 888 0 30
1796 0 887 0 28
1796 1 887 0 29
1796 2 887 0 30
1797 0 886 0 30
1797 1 886 0 31
1797 2 886 0 32
1798 0 885 0 30
1798 1 885 0 31
1798 2 884 0 30
1799 0 881 0 30
1799 1 881 0 31
1799 2 881 0 32
1800 0 879 0 30
