1 0 0 1 0
2 1 0 1 0
3 1 0 2 0
5 1 0 2 0
6 1 0 2 0
6 1 0 2 0
10 1 0 2 0
11 2 0 2 0
11 1 0 2 0
12 1 0 2 0
14 2 0 2 0
16 1 0 2 0
17 1 0 2 0
19 0 0 1 0
19 3 0 3 0
21 1 0 2 0
21 1 0 1 0
21 1 0 2 0
23 1 0 2 0
23 1 0 2 0
25 0 0 1 0
25 1 0 2 0
25 1 0 2 0
26 1 0 2 0
26 1 0 2 0
26 1 0 2 0
27 1 0 2 0
27 2 0 2 0
29 2 0 2 0
35 2 0 1 0
38 1 0 2 0
38 1 0 2 0
39 1 0 2 0
39 1 0 3 0
42 1 0 2 0
43 2 0 2 0
44 1 0 1 0
50 1 0 2 0
54 1 0 2 0
56 1 0 2 0
57 0 0 1 0
63 3 0 3 0
63 1 0 2 0
68 1 0 2 0
69 1 0 2 0
69 1 0 2 0
70 1 0 2 0
71 1 0 2 0
71 1 0 2 0
73 2 0 2 0
75 1 0 2 0
76 11 0 6 0
76 1 0 2 0
79 1 0 2 0
81 1 0 2 0
81 1 0 2 0
86 2 0 2 0
88 1 0 2 0
88 4 0 1 0
91 5 0 2 0
91 2 0 2 0
92 1 0 2 0
93 1 0 2 0
94 1 0 2 0
96 1 0 2 0
96 1 0 2 0
97 1 0 1 0
97 4 0 2 0
99 1 0 2 0
103 1 0 2 0
103 1 0 2 0
105 1 0 2 0
106 1 0 2 0
107 2 0 2 0
110 3 0 2 0
111 2 0 1 0
112 1 0 3 0
113 1 0 2 0
114 1 0 2 0
114 10 0 5 0
116 1 0 2 0
116 1 0 2 0
117 1 0 2 0
118 1 0 2 0
119 1 0 2 0
119 2 0 2 0
119 1 0 2 0
121 1 0 2 0
123 3 0 2 0
124 1 0 2 0
126 2 0 2 0
127 1 0 2 0
129 1 0 2 0
137 1 0 2 0
137 1 0 2 0
138 1 0 1 0
139 1 0 2 0
141 1 0 2 0
142 1 0 2 0
146 1 0 2 0
147 2 0 2 0
151 1 0 1 0
152 1 0 2 0
154 1 0 2 0
157 1 0 3 0
158 1 0 2 0
159 1 0 2 0
159 1 0 2 0
162 1 0 2 0
165 1 0 2 0
167 1 0 2 0
169 6 0 5 0
169 4 0 2 0
170 1 0 2 0
174 1 0 2 0
175 1 0 2 0
177 1 0 2 0
178 1 0 1 0
178 1 0 2 0
179 1 0 2 0
179 1 0 2 0
180 1 0 2 0
182 1 0 2 0
183 1 0 2 0
184 1 0 2 0
185 1 0 2 0
186 3 0 2 0
186 1 0 2 0
188 1 0 2 0
188 1 0 2 0
193 1 0 2 0
193 1 0 2 0
194 1 0 1 0
197 1 0 2 0
197 1 0 2 0
202 1 0 2 0
202 2 0 2 0
203 71 0 18 0
206 1 0 2 0
207 1 0 2 0
208 1 0 2 0
211 1 0 2 0
211 1 0 2 0
212 1 0 2 0
215 1 0 2 0
216 1 0 2 0
217 7 0 2 0
219 1 0 2 0
225 1 0 2 0
225 1 0 2 0
227 2 0 2 0
228 1 0 1 0
228 1 0 2 0
229 1 0 2 0
229 1 0 2 0
230 2 0 2 0
231 1 0 2 0
233 1 0 2 0
235 1 0 2 0
236 2 0 2 0
236 1 0 3 0
239 1 0 2 0
239 1 0 2 0
240 3 0 4 0
246 1 0 2 0
248 1 0 2 0
248 1 0 2 0
253 1 0 2 0
255 1 0 2 0
256 1 0 2 0
262 1 0 2 0
264 1 0 2 0
265 1 0 2 0
266 1 0 2 0
267 3 0 1 0
268 1 0 2 0
270 1 0 2 0
270 1 0 2 0
271 1 0 2 0
271 1 0 2 0
276 1 0 2 0
277 1 0 2 0
277 2 0 2 0
277 1 0 2 0
279 1 0 2 0
286 1 0 2 0
288 2 0 2 0
290 1 0 2 0
291 2 0 1 0
291 2 0 1 0
291 2 0 4 0
292 1 0 2 0
293 1 0 2 0
293 5 0 3 0
297 1 0 2 0
298 1 0 3 0
304 5 0 2 0
306 1 0 2 0
307 1 0 2 0
310 1 0 2 0
312 1 0 1 0
315 5 0 3 0
315 4 0 3 0
315 1 0 2 0
315 1 0 2 0
317 1 0 2 0
317 2 0 2 0
317 1 0 2 0
319 6 0 2 0
319 10 0 3 0
319 1 0 2 0
319 1 0 2 0
322 1 0 2 0
322 1 0 2 0
323 1 0 2 0
323 3 0 1 0
325 1 0 2 0
328 2 0 2 0
329 2 0 2 0
333 5 0 3 0
338 1 0 2 0
339 1 0 2 0
339 1 0 2 0
341 3 0 4 0
341 1 0 2 0
344 0 0 2 0
344 1 0 2 0
344 1 0 3 0
346 1 0 2 0
349 1 0 2 0
350 2 0 2 0
351 1 0 1 0
352 1 0 2 0
353 2 0 2 0
358 1 0 2 0
359 1 0 2 0
359 2 0 2 0
360 1 0 2 0
364 3 0 2 0
367 7 0 3 0
367 1 0 2 0
367 1 0 2 0
368 1 0 2 0
369 2 0 2 0
371 1 0 2 0
371 1 0 2 0
373 1 0 2 0
377 3 0 2 0
377 1 0 2 0
378 2 0 2 0
379 1 0 2 0
383 2 0 2 0
384 1 0 1 0
386 1 0 2 0
386 1 0 1 0
386 1 0 2 0
387 1 0 2 0
390 1 0 2 0
393 5 0 3 0
394 1 0 2 0
394 6 0 2 0
394 2 0 2 0
394 1 0 2 0
395 1 0 2 0
398 1 0 2 0
398 4 0 2 0
399 1 0 2 0
404 1 0 2 0
404 1 0 2 0
405 1 0 2 0
410 1 0 2 0
412 1 0 2 0
413 1 0 2 0
414 1 0 2 0
415 1 0 2 0
416 2 0 2 0
417 6 0 3 0
417 1 0 2 0
418 1 0 2 0
418 1 0 1 0
419 1 0 2 0
420 1 0 2 0
421 1 0 3 0
423 1 0 1 0
427 1 0 2 0
428 4 0 2 0
429 1 0 2 0
430 1 0 2 0
430 1 0 2 0
430 3 0 2 0
432 1 0 3 0
434 1 0 2 0
435 1 0 3 0
435 10 0 4 0
437 1 0 2 0
440 2 0 2 0
442 2 0 2 0
442 4 0 3 0
442 34 0 10 0
443 2 0 2 0
444 2 0 2 0
446 1 0 2 0
452 1 0 2 0
453 1 0 1 0
453 1 0 2 0
458 1 0 2 0
462 1 0 2 0
464 1 0 2 0
464 1 0 2 0
465 4 0 3 0
466 1 0 2 0
467 1 0 2 0
469 1 0 2 0
469 1 0 2 0
470 1 0 2 0
471 1 0 2 0
471 1 0 2 0
472 2 0 2 0
472 2 0 2 0
472 14 0 6 0
473 1 0 2 0
473 1 0 1 0
473 1 0 2 0
475 1 0 2 0
475 1 0 2 0
475 1 0 2 0
481 1 0 2 0
481 1 0 2 0
483 1 0 2 0
484 2 0 2 0
484 1 0 2 0
484 1 0 2 0
485 1 0 2 0
485 1 0 2 0
487 1 0 2 0
487 1 0 2 0
488 1 0 1 0
489 1 0 2 0
490 1 0 2 0
491 1 0 1 0
491 1 0 2 0
492 5 0 2 0
495 1 0 2 0
495 1 0 2 0
495 1 0 2 0
498 1 0 1 0
499 1 0 2 0
500 1 0 2 0
504 1 0 2 0
507 1 0 1 0
508 2 0 2 0
509 4 0 3 0
510 2 0 3 0
511 1 0 1 0
513 6 0 4 0
513 1 0 2 0
513 3 0 2 0
515 2 0 4 0
516 3 0 1 0
517 1 0 1 0
517 5 0 1 0
518 1 0 2 0
520 1 0 2 0
524 1 0 1 0
525 1 0 2 0
526 1 0 2 0
529 1 0 2 0
530 1 0 2 0
530 2 0 0 0
535 1 0 2 0
536 1 0 2 0
538 1 0 2 0
540 1 0 2 0
542 1 0 2 0
546 1 0 2 0
553 2 0 2 0
554 1 0 2 0
555 1 0 2 0
556 5 0 2 0
556 17 0 6 0
557 1 0 2 0
557 1 0 2 0
559 1 0 2 0
561 1 0 2 0
565 1 0 2 0
565 2 0 2 0
567 4 0 3 0
567 1 0 3 0
569 1 0 2 0
569 1 0 2 0
573 0 0 2 0
575 1 0 2 0
576 1 0 2 0
576 1 0 2 0
576 1 0 2 0
577 1 0 2 0
578 1 0 2 0
579 1 0 2 0
580 1 0 1 0
581 1 0 2 0
582 1 0 2 0
583 1 0 1 0
584 1 0 2 0
585 2 0 2 0
587 1 0 2 0
589 1 0 2 0
589 1 0 2 0
590 1 0 2 0
592 3 0 2 0
592 1 0 2 0
593 1 0 2 0
594 1 0 2 0
595 1 0 2 0
595 1 0 2 0
595 1 0 2 0
598 0 0 1 0
598 1 0 1 0
598 1 0 2 0
599 1 0 2 0
602 1 0 2 0
605 1 0 2 0
606 1 0 2 0
610 4 0 3 0
610 2 0 2 0
611 2 0 1 0
614 1 0 2 0
616 1 0 2 0
616 2 0 2 0
623 1 0 2 0
624 1 0 2 0
626 1 0 2 0
627 1 0 2 0
628 1 0 2 0
628 1 0 2 0
630 1 0 2 0
632 1 0 2 0
635 1 0 2 0
636 1 0 2 0
637 19 0 7 0
638 1 0 2 0
638 1 0 1 0
639 1 0 2 0
642 1 0 2 0
643 1 0 2 0
646 1 0 2 0
649 1 0 2 0
650 1 0 2 0
651 1 0 2 0
655 3 0 2 0
656 1 0 2 0
656 2 0 2 0
658 3 0 2 0
658 1 0 2 0
661 0 0 1 0
661 1 0 2 0
663 1 0 2 0
664 1 0 2 0
664 5 0 3 0
665 1 0 2 0
666 1 0 2 0
672 1 0 2 0
674 1 0 2 0
677 13 0 6 0
678 1 0 2 0
678 1 0 2 0
679 9 0 3 0
680 0 0 1 0
680 1 0 2 0
681 0 0 2 0
682 2 0 3 0
682 1 0 2 0
682 3 0 3 0
683 1 0 2 0
686 1 0 2 0
688 1 0 2 0
689 1 0 2 0
690 1 0 2 0
691 1 0 2 0
691 1 0 2 0
692 1 0 2 0
693 1 0 2 0
694 0 12 0 4 0
695 0 4 0 2 0
695 0 1 0 2 0
696 0 3 0 2 0
698 0 0 0 1 0
700 0 1 0 2 0
701 0 1 0 2 0
702 0 1 0 2 0
704 0 2 0 2 0
705 0 2 0 2 0
705 0 2 0 2 0
707 0 5 0 1 0
707 0 1 0 2 0
708 0 1 0 2 0
708 0 1 0 2 0
709 0 2 0 2 0
709 0 1 0 2 0
711 0 2 0 2 0
715 0 1 0 2 0
720 0 2 0 1 0
720 0 2 0 2 0
720 0 1 0 2 0
721 0 4 0 2 0
723 0 1 0 2 0
723 0 4 0 4 0
724 0 1 0 2 0
725 0 1 0 2 0
729 0 1 0 2 0
732 0 2 0 2 0
732 0 4 0 1 0
735 0 1 0 2 0
737 0 2 0 2 0
740 0 1 0 2 0
740 0 1 0 2 0
740 0 0 0 2 0
742 0 1 0 2 0
742 0 3 0 3 0
746 0 1 0 2 0
746 0 1 0 2 0
747 0 1 0 2 0
748 0 1 0 2 0
749 0 1 0 2 0
750 0 1 0 2 0
751 0 1 0 2 0
752 0 1 0 2 0
752 0 1 0 2 0
757 0 1 0 2 0
757 0 1 0 2 0
759 0 1 0 2 0
760 0 1 0 2 0
760 0 4 0 3 0
761 0 0 0 1 0
763 0 1 0 2 0
764 0 1 0 1 0
767 0 1 0 2 0
769 0 1 0 2 0
769 0 1 0 2 0
769 0 6 0 2 0
770 0 1 0 2 0
772 0 1 0 2 0
773 0 1 0 2 0
774 0 1 0 2 0
778 0 3 0 2 0
780 0 3 0 2 0
782 0 1 0 2 0
786 0 1 0 2 0
786 0 1 0 2 0
787 0 1 0 2 0
788 0 1 0 2 0
789 0 1 0 2 0
793 0 1 0 2 0
795 0 1 0 2 0
795 0 1 0 1 0
795 0 1 0 2 0
795 0 4 0 2 0
797 0 1 0 2 0
799 0 2 0 3 0
799 0 24 0 10 0
800 0 1 0 2 0
803 0 1 0 2 0
811 0 2 0 2 0
812 0 1 0 2 0
814 0 1 0 2 0
816 0 1 0 2 0
816 0 2 0 2 0
820 0 6 0 3 0
821 0 1 0 2 0
821 0 1 0 2 0
822 0 1 0 2 0
823 0 1 0 2 0
826 0 1 0 2 0
826 0 1 0 2 0
826 0 1 0 2 0
827 0 0 0 2 0
828 0 1 0 2 0
829 0 1 0 2 0
830 0 1 0 2 0
831 0 1 0 2 0
832 0 1 0 1 0
832 0 1 0 2 0
834 0 1 0 2 0
835 0 1 0 2 0
836 0 1 0 2 0
837 0 1 0 2 0
839 0 2 0 2 0
840 0 1 0 3 0
843 0 1 0 2 0
843 0 1 0 2 0
845 0 1 0 2 0
847 0 2 0 2 0
849 0 1 0 2 0
849 0 2 0 2 0
851 0 1 0 2 0
853 0 1 0 2 0
853 0 1 0 2 0
854 0 2 0 4 0
855 0 1 0 2 0
863 0 1 0 2 0
863 0 1 0 2 0
864 0 3 0 2 0
865 0 1 0 2 0
868 0 0 0 2 0
869 0 1 0 2 0
870 0 1 0 2 0
877 0 1 0 2 0
877 0 1 0 2 0
879 0 1 0 2 0
880 0 1 0 2 0
881 0 1 0 2 0
883 0 1 0 2 0
884 0 4 0 2 0
885 0 1 0 2 0
885 0 1 0 2 0
885 0 1 0 2 0
886 0 1 0 2 0
887 0 1 0 2 0
887 0 1 0 2 0
889 0 1 0 2 0
889 0 1 0 2 0
891 0 1 0 2 0
891 0 1 0 2 0
891 0 11 0 2 0
892 0 2 0 2 0
894 0 1 0 2 0
895 0 2 0 2 0
895 0 1 0 2 0
897 0 1 0 2 0
900 0 1 0 2 0
900 0 1 0 2 0
901 0 1 0 2 0
905 0 1 0 2 0
905 0 1 0 2 0
907 0 1 0 2 0
907 0 1 0 2 0
908 0 1 0 2 0
909 0 1 0 2 0
910 0 1 0 2 0
910 0 1 0 2 0
913 0 18 0 7 0
915 0 1 0 2 0
915 0 1 0 2 0
920 0 1 0 2 0
921 0 1 0 2 0
923 0 1 0 2 0
923 0 5 0 2 0
924 0 1 0 2 0
925 0 1 0 2 0
927 0 3 0 2 0
930 0 1 0 2 0
930 0 1 0 2 0
931 0 1 0 2 0
932 0 1 0 2 0
933 0 1 0 2 0
934 0 15 0 6 0
935 0 1 0 2 0
935 0 3 0 2 0
936 0 3 0 0 0
936 0 3 0 1 0
937 0 1 0 2 0
938 0 1 0 2 0
940 0 1 0 1 0
941 0 1 0 2 0
942 0 1 0 2 0
944 0 1 0 2 0
944 0 1 0 2 0
950 0 1 0 2 0
952 0 5 0 2 0
952 0 1 0 2 0
955 0 1 0 2 0
959 0 1 0 2 0
960 0 1 0 2 0
963 0 1 0 1 0
964 0 1 0 2 0
965 0 1 0 2 0
966 0 3 0 2 0
968 0 1 0 2 0
968 0 1 0 1 0
968 0 1 0 2 0
971 0 1 0 2 0
972 0 1 0 2 0
973 0 1 0 2 0
974 0 1 0 2 0
977 0 1 0 1 0
978 0 1 0 2 0
982 0 1 0 2 0
984 0 1 0 2 0
984 0 1 0 2 0
986 0 1 0 2 0
988 0 1 0 1 0
989 0 2 0 2 0
992 0 1 0 1 0
993 0 1 0 2 0
994 0 11 0 8 0
995 0 1 0 2 0
995 0 2 0 2 0
995 0 2 0 2 0
996 0 1 0 2 0
997 0 2 0 2 0
997 0 1 0 2 0
999 0 1 0 2 0
1000 0 1 0 2 0
1003 0 2 0 3 0
1005 0 2 0 2 0
1008 0 1 0 2 0
1009 0 1 0 2 0
1009 0 1 0 2 0
1009 0 1 0 2 0
1010 0 4 0 3 0
1010 0 1 0 2 0
1010 0 1 0 2 0
1010 0 35 0 10 0
1011 0 2 0 2 0
1012 0 5 0 3 0
1012 0 1 0 2 0
1012 0 1 0 2 0
1013 0 1 0 1 0
1015 0 1 0 2 0
1017 0 1 0 2 0
1018 0 0 0 1 0
1019 0 1 0 2 0
1020 0 1 0 2 0
1024 0 2 0 2 0
1024 0 1 0 2 0
1025 0 1 0 2 0
1026 0 1 0 2 0
1028 0 1 0 1 0
1031 0 1 0 2 0
1035 0 2 0 2 0
1037 0 1 0 2 0
1038 0 1 0 2 0
1039 0 3 0 2 0
1040 0 1 0 2 0
1042 0 1 0 2 0
1044 0 1 0 2 0
1044 0 1 0 2 0
1044 0 1 0 2 0
1052 0 1 0 2 0
1053 0 2 0 2 0
1055 0 1 0 2 0
1057 0 1 0 2 0
1058 0 1 0 2 0
1060 0 1 0 2 0
1060 0 1 0 2 0
1063 0 1 0 2 0
1065 0 0 0 1 0
1069 0 7 0 6 0
1069 0 1 0 2 0
1070 0 1 0 2 0
1072 0 1 0 2 0
1073 0 1 0 2 0
1074 0 1 0 2 0
1077 0 1 0 2 0
1077 0 1 0 2 0
1078 0 3 0 2 0
1081 0 1 0 2 0
1085 0 2 0 2 0
1086 0 6 0 6 0
1087 0 1 0 2 0
1087 0 1 0 2 0
1087 0 1 0 1 0
1089 0 2 0 2 0
1089 0 1 0 2 0
1090 0 1 0 2 0
1090 0 12 0 6 0
1092 0 0 0 1 0
1093 0 1 0 2 0
1095 0 1 0 2 0
1097 0 8 0 5 0
1099 0 0 0 2 0
1102 0 2 0 2 0
1102 0 5 0 1 0
1104 0 4 0 1 0
1104 0 1 0 1 0
1106 0 1 0 1 0
1110 0 2 0 2 0
1111 0 1 0 2 0
1113 0 1 0 1 0
1116 0 3 0 2 0
1116 0 1 0 2 0
1117 0 12 0 4 0
1118 0 5 0 2 0
1119 0 3 0 1 0
1122 0 1 0 2 0
1124 0 1 0 2 0
1125 0 1 0 2 0
1125 0 2 0 2 0
1127 0 1 0 2 0
1129 0 1 0 2 0
1130 0 1 0 2 0
1130 0 1 0 2 0
1132 0 1 0 2 0
1133 0 1 0 2 0
1134 0 1 0 1 0
1134 0 1 0 2 0
1137 0 1 0 2 0
1138 0 1 0 2 0
1139 0 1 0 2 0
1141 0 3 0 2 0
1143 0 1 0 2 0
1145 0 5 0 2 0
1145 0 1 0 2 0
1145 0 1 0 2 0
1147 0 10 0 3 0
1147 0 1 0 2 0
1150 0 1 0 2 0
1150 0 10 0 4 0
1151 0 1 0 2 0
1151 0 1 0 1 0
1153 0 1 0 2 0
1154 0 1 0 2 0
1155 0 1 0 2 0
1156 0 1 0 2 0
1156 0 1 0 2 0
1158 0 1 0 2 0
1167 0 2 0 2 0
1172 0 1 0 2 0
1173 0 1 0 2 0
1175 0 1 0 2 0
1176 0 2 0 2 0
1179 0 1 0 2 0
1182 0 1 0 2 0
1185 0 1 0 2 0
1187 0 1 0 2 0
1188 0 1 0 2 0
1193 0 2 0 2 0
1194 0 1 0 2 0
1194 0 1 0 2 0
1195 0 1 0 2 0
1196 0 1 0 2 0
1197 0 1 0 2 0
1197 0 2 0 1 0
1197 0 0 0 2 0
1200 0 1 0 2 0
1201 0 1 0 2 0
1203 0 4 0 2 0
1205 0 3 0 0 0
1206 0 2 0 2 0
1207 0 1 0 2 0
1208 0 1 0 2 0
1209 0 3 0 2 0
1210 0 1 0 2 0
1210 0 2 0 2 0
1211 0 3 0 1 0
1211 0 2 0 3 0
1211 0 1 0 2 0
1212 0 1 0 2 0
1213 0 1 0 2 0
1215 0 5 0 3 0
1215 0 10 0 4 0
1217 0 1 0 2 0
1217 0 3 0 3 0
1218 0 1 0 1 0
1219 0 1 0 2 0
1219 0 3 0 0 0
1219 0 2 0 2 0
1219 0 1 0 2 0
1221 0 5 0 3 0
1221 0 1 0 2 0
1223 0 1 0 2 0
1224 0 3 0 2 0
1226 0 2 0 2 0
1229 0 1 0 2 0
1229 0 1 0 2 0
1230 0 3 0 2 0
1231 0 1 0 2 0
1235 0 1 0 2 0
1237 0 17 0 6 0
1237 0 1 0 2 0
1237 0 1 0 2 0
1237 0 3 0 0 0
1238 0 1 0 2 0
1238 0 1 0 2 0
1239 0 3 0 3 0
1240 0 1 0 2 0
1241 0 1 0 2 0
1242 0 1 0 2 0
1243 0 1 0 2 0
1243 0 1 0 2 0
1244 0 1 0 2 0
1244 0 1 0 2 0
1246 0 1 0 2 0
1248 0 1 0 2 0
1254 0 1 0 2 0
1254 0 1 0 2 0
1259 0 6 0 5 0
1260 0 5 0 2 0
1262 0 1 0 1 0
1262 0 1 0 2 0
1265 0 0 0 1 0
1266 0 1 0 2 0
1268 0 1 0 2 0
1268 0 1 0 2 0
1269 0 1 0 2 0
1269 0 3 0 2 0
1269 0 12 0 4 0
1269 0 3 0 0 0
1269 0 1 0 2 0
1270 0 3 0 3 0
1271 0 1 0 1 0
1273 0 1 0 2 0
1274 0 1 0 2 0
1275 0 2 0 2 0
1280 0 1 0 2 0
1282 0 1 0 2 0
1283 0 1 0 2 0
1286 0 2 0 2 0
1286 0 1 0 2 0
1288 0 1 0 2 0
1291 0 1 0 2 0
1292 0 1 0 2 0
1293 0 1 0 2 0
1293 0 1 0 2 0
1296 0 1 0 2 0
1296 0 1 0 2 0
1298 0 1 0 1 0
1301 0 1 0 2 0
1302 0 1 0 2 0
1302 0 1 0 2 0
1303 0 1 0 2 0
1305 0 1 0 2 0
1306 0 1 0 2 0
1306 0 1 0 2 0
1310 0 1 0 2 0
1312 0 1 0 2 0
1314 0 1 0 2 0
1317 0 1 0 2 0
1318 0 1 0 2 0
1320 0 1 0 2 0
1321 0 1 0 1 0
1321 0 1 0 2 0
1321 0 1 0 2 0
1321 0 1 0 2 0
1321 0 1 0 2 0
1321 0 1 0 2 0
1322 0 1 0 2 0
1328 0 1 0 2 0
1332 0 1 0 2 0
1333 0 2 0 2 0
1337 0 2 0 2 0
1338 0 1 0 1 0
1338 0 2 0 2 0
1339 0 1 0 2 0
1341 0 1 0 2 0
1345 0 0 0 1 0
1345 0 1 0 2 0
1347 0 1 0 1 0
1349 0 9 0 2 0
1349 0 1 0 2 0
1350 0 3 0 1 0
1350 0 1 0 2 0
1352 0 1 0 2 0
1352 0 1 0 2 0
1353 0 3 0 3 0
1357 0 1 0 2 0
1359 0 1 0 2 0
1360 0 1 0 2 0
1360 0 5 0 3 0
1361 0 1 0 2 0
1361 0 1 0 2 0
1362 0 1 0 2 0
1364 0 1 0 2 0
1366 0 2 0 2 0
1369 0 3 0 3 0
1369 0 1 0 2 0
1370 0 1 0 2 0
1370 0 6 0 2 0
1370 0 3 0 0 0
1371 0 1 0 2 0
1371 0 5 0 2 0
1376 0 1 0 2 0
1377 0 1 0 2 0
1378 0 1 0 2 0
1378 0 1 0 2 0
1381 0 3 0 3 0
1382 0 1 0 2 0
1383 0 1 0 2 0
1385 0 1 0 2 0
1385 0 4 0 3 0
1386 0 0 0 1 0
1388 0 2 0 2 0
1395 0 2 0 3 0
1396 0 1 0 2 0
1397 0 1 0 2 0
1397 0 1 0 1 0
1398 0 1 0 2 0
1399 0 1 0 2 0
1402 0 2 0 2 0
1404 0 3 0 1 0
1406 0 2 0 2 0
1406 0 1 0 1 0
1409 0 1 0 2 0
1410 0 1 0 2 0
1410 0 1 0 2 0
1410 0 1 0 2 0
1412 0 1 0 2 0
1412 0 1 0 2 0
1412 0 1 0 2 0
1413 0 3 0 2 0
1414 0 1 0 1 0
1416 0 1 0 2 0
1417 0 7 0 2 0
1417 0 1 0 2 0
1417 0 1 0 2 0
1421 0 1 0 2 0
1422 0 1 0 2 0
1422 0 1 0 2 0
1423 0 1 0 2 0
1424 0 11 0 5 0
1428 0 1 0 2 0
1428 0 2 0 2 0
1430 0 1 0 2 0
1431 0 1 0 2 0
1434 0 1 0 2 0
1434 0 1 0 2 0
1437 0 0 0 2 0
1438 0 0 0 1 0
1438 0 1 0 2 0
1438 0 1 0 2 0
1439 0 1 0 2 0
1439 0 1 0 2 0
1439 0 1 0 2 0
1442 0 1 0 2 0
1442 0 2 0 2 0
1443 0 1 0 2 0
1444 0 1 0 2 0
1445 0 2 0 2 0
1446 0 1 0 2 0
1447 0 1 0 2 0
1449 0 1 0 2 0
1449 0 1 0 2 0
1450 0 1 0 2 0
1456 0 11 0 6 0
1456 0 11 0 6 0
1460 0 1 0 2 0
1461 0 1 0 2 0
1461 0 1 0 2 0
1462 0 1 0 2 0
1464 0 1 0 2 0
1464 0 1 0 2 0
1465 0 0 0 2 0
1468 0 1 0 2 0
1469 0 1 0 2 0
1470 0 2 0 2 0
1474 0 1 0 2 0
1475 0 1 0 2 0
1478 0 1 0 2 0
1480 0 2 0 0 0
1480 0 1 0 2 0
1481 0 2 0 2 0
1482 0 1 0 1 0
1486 0 1 0 2 0
1487 0 1 0 2 0
1487 0 1 0 2 0
1488 0 1 0 2 0
1489 0 1 0 2 0
1489 0 1 0 2 0
1492 0 0 0 2 0
1493 0 1 0 1 0
1493 0 1 0 2 0
1494 0 1 0 2 0
1495 0 1 0 2 0
1497 0 1 0 2 0
1498 0 1 0 1 0
1500 0 2 0 3 0
1500 0 1 0 2 0
1502 0 5 0 4 0
1503 0 1 0 2 0
1504 0 1 0 2 0
1505 0 1 0 2 0
1506 0 3 0 2 0
1508 0 0 0 1 0
1510 0 1 0 2 0
1512 0 1 0 2 0
1512 0 2 0 0 0
1513 0 1 0 1 0
1514 0 4 0 2 0
1515 0 1 0 2 0
1515 0 1 0 2 0
1517 0 1 0 2 0
1518 0 1 0 2 0
1520 0 1 0 2 0
1520 0 1 0 2 0
1520 0 1 0 1 0
1521 0 1 0 2 0
1522 0 3 0 2 0
1527 0 1 0 2 0
1529 0 4 0 3 0
1531 0 1 0 2 0
1531 0 1 0 2 0
1532 0 1 0 2 0
1533 0 2 0 2 0
1535 0 2 0 2 0
1537 0 1 0 2 0
1538 0 1 0 2 0
1539 0 1 0 2 0
1540 0 1 0 1 0
1540 0 6 0 1 0
1541 0 1 0 2 0
1541 0 1 0 2 0
1541 0 1 0 2 0
1543 0 1 0 2 0
1544 0 1 0 2 0
1547 0 1 0 2 0
1547 0 1 0 2 0
1549 0 1 0 2 0
1549 0 1 0 2 0
1552 0 1 0 2 0
1552 0 13 0 0 0
1553 0 3 0 4 0
1553 0 1 0 2 0
1559 0 1 0 2 0
1560 0 1 0 2 0
1560 0 1 0 2 0
1561 0 1 0 2 0
1564 0 1 0 2 0
1564 0 1 0 2 0
1565 0 1 0 2 0
1566 0 1 0 2 0
1567 0 1 0 2 0
1572 0 1 0 2 0
1572 0 1 0 2 0
1574 0 5 0 2 0
1575 0 1 0 2 0
1576 0 1 0 2 0
1579 0 1 0 2 0
1583 0 1 0 2 0
1583 0 3 0 3 0
1585 0 0 0 1 0
1586 0 1 0 2 0
1588 0 1 0 2 0
1590 0 1 0 1 0
1591 0 1 0 2 0
1593 0 1 0 2 0
1596 0 1 0 2 0
1598 0 1 0 2 0
1600 0 1 0 2 0
1602 0 4 0 2 0
1603 0 1 0 2 0
1603 0 0 0 1 0
1604 0 0 0 2 0
1605 0 1 0 2 0
1606 0 1 0 2 0
1608 0 1 0 2 0
1609 0 1 0 2 0
1611 0 1 0 2 0
1612 0 5 0 2 0
1613 0 1 0 2 0
1615 0 2 0 2 0
1616 0 3 0 2 0
1617 0 1 0 2 0
1619 0 1 0 2 0
1620 0 1 0 2 0
1622 0 1 0 2 0
1623 0 1 0 2 0
1626 0 3 0 1 0
1628 0 11 0 7 0
1628 0 1 0 2 0
1628 0 19 0 5 0
1628 0 1 0 2 0
1628 0 1 0 2 0
1628 0 36 0 10 0
1630 0 1 0 2 0
1631 0 1 0 2 0
1635 0 1 0 2 0
1635 0 1 0 2 0
1636 0 3 0 3 0
1636 0 1 0 2 0
1637 0 2 0 2 0
1642 0 1 0 2 0
1645 0 1 0 2 0
1645 0 1 0 2 0
1646 0 3 0 1 0
1646 0 1 0 2 0
1646 0 1 0 2 0
1647 0 1 0 2 0
1653 0 2 0 3 0
1653 0 1 0 2 0
1654 0 1 0 2 0
1655 0 1 0 2 0
1656 0 1 0 2 0
1660 0 1 0 1 0
1661 0 9 0 2 0
1663 0 1 0 2 0
1664 0 15 0 7 0
1664 0 1 0 2 0
1665 0 1 0 2 0
1667 0 1 0 2 0
1667 0 1 0 2 0
1668 0 1 0 2 0
1674 0 1 0 2 0
1674 0 1 0 2 0
1674 0 1 0 2 0
1674 0 4 0 2 0
1676 0 1 0 2 0
1677 0 1 0 1 0
1677 0 4 0 4 0
1678 0 1 0 2 0
1678 0 2 0 2 0
1686 0 1 0 2 0
1686 0 1 0 2 0
1688 0 3 0 2 0
1688 0 1 0 2 0
1691 0 2 0 2 0
1692 0 1 0 2 0
1692 0 2 0 2 0
1694 0 3 0 2 0
1700 0 3 0 2 0
1702 0 1 0 2 0
1703 0 0 0 1 0
1708 0 1 0 2 0
1709 0 1 0 2 0
1714 0 3 0 0 0
1714 0 1 0 2 0
1714 0 1 0 2 0
1721 0 1 0 2 0
1722 0 1 0 2 0
1724 0 1 0 2 0
1727 0 1 0 2 0
1728 0 1 0 2 0
1728 0 6 0 3 0
1731 0 56 0 27 0
1732 0 1 0 2 0
1732 0 1 0 2 0
1732 0 1 0 2 0
1733 0 1 0 2 0
1734 0 1 0 2 0
1736 0 1 0 2 0
1738 0 1 0 3 0
1738 0 1 0 2 0
1740 0 1 0 2 0
1742 0 4 0 2 0
1744 0 1 0 2 0
1745 0 2 0 2 0
1746 0 1 0 2 0
1748 0 1 0 2 0
1748 0 3 0 1 0
1750 0 1 0 2 0
1751 0 1 0 2 0
1752 0 2 0 2 0
1756 0 3 0 2 0
1756 0 0 0 1 0
1757 0 1 0 2 0
1760 0 1 0 2 0
1762 0 2 0 2 0
1762 0 1 0 2 0
1764 0 1 0 2 0
1765 0 1 0 3 0
1767 0 1 0 2 0
1769 0 1 0 2 0
1770 0 1 0 2 0
1771 0 1 0 2 0
1773 0 1 0 2 0
1774 0 1 0 2 0
1775 0 1 0 2 0
1776 0 1 0 2 0
1776 0 2 0 2 0
1777 0 3 0 2 0
1779 0 1 0 2 0
1781 0 4 0 2 0
1782 0 2 0 2 0
1783 0 1 0 2 0
1783 0 17 0 4 0
1785 0 1 0 2 0
1786 0 1 0 2 0
1787 0 2 0 4 0
1790 0 1 0 2 0
1791 0 1 0 2 0
1791 0 2 0 2 0
1791 0 1 0 2 0
1793 0 1 0 2 0
1794 0 3 0 2 0
1796 0 1 0 2 0
1797 0 1 0 2 0
1799 0 1 0 2 0
1800 0 1 0 2 0
