0 0 684 0 0
1 0 684 0 37
1 756 0 37
2 755 0 37
3 754 0 36
4 754 0 37
5 753 0 37
6 751 0 35
7 751 0 37
8 751 0 38
9 751 0 40
10 750 0 39
11 747 0 36
12 746 0 35
13 746 0 37
14 744 0 37
15 744 0 39
16 743 0 38
17 742 0 38
18 742 0 39
19 739 0 36
20 739 0 38
21 736 0 35
22 736 0 37
23 734 0 35
24 734 0 36
25 732 0 33
26 729 0 29
27 726 0 27
28 726 0 28
29 724 0 27
30 724 0 28
31 724 0 30
32 724 0 32
33 724 0 34
34 724 0 35
35 722 0 35
36 722 0 36
37 722 0 38
38 720 0 36
39 0 718 0 32
39 790 0 32
40 790 0 33
41 790 0 35
42 789 0 34
43 787 0 33
44 786 0 34
45 786 0 35
46 786 0 37
47 786 0 39
48 786 0 40
49 786 0 41
50 785 0 40
51 785 0 42
52 785 0 43
53 785 0 44
54 784 0 44
55 784 0 46
56 783 0 46
57 783 0 46
58 783 0 47
59 783 0 48
60 783 0 49
61 783 0 50
62 783 0 51
63 779 0 47
64 779 0 48
65 779 0 50
66 779 0 51
67 779 0 53
68 778 0 53
69 776 0 50
70 775 0 50
71 773 0 47
72 773 0 48
73 771 0 48
74 771 0 50
75 770 0 50
76 758 0 44
77 758 0 45
78 758 0 46
79 757 0 45
80 757 0 46
81 755 0 44
82 755 0 46
83 755 0 47
84 755 0 48
85 755 0 50
86 753 0 50
87 753 0 52
88 748 0 51
89 748 0 53
90 748 0 54
91 741 0 52
92 740 0 52
93 739 0 51
94 738 0 51
95 738 0 53
96 736 0 50
97 731 0 49
98 731 0 50
99 730 0 50
100 730 0 51
101 730 0 52
102 730 0 53
103 728 0 50
104 728 0 51
105 727 0 50
106 726 0 49
107 724 0 48
108 724 0 49
109 724 0 50
110 721 0 50
111 0 719 0 51
111 791 0 51
112 790 0 49
113 789 0 49
114 778 0 44
115 778 0 45
116 776 0 42
117 775 0 41
118 774 0 41
119 770 0 36
120 770 0 37
121 769 0 37
122 769 0 39
123 766 0 38
124 765 0 38
125 765 0 39
126 763 0 38
127 762 0 38
128 762 0 40
129 761 0 40
130 761 0 41
131 761 0 42
132 761 0 43
133 761 0 44
134 761 0 46
135 761 0 48
136 761 0 49
137 759 0 47
138 758 0 47
139 757 0 47
140 757 0 48
141 756 0 48
142 755 0 47
143 755 0 48
144 755 0 49
145 755 0 50
146 754 0 50
147 752 0 49
148 752 0 50
149 752 0 52
150 752 0 54
151 751 0 55
152 750 0 54
153 750 0 55
154 749 0 54
155 749 0 55
156 749 0 57
157 748 0 55
158 747 0 55
159 745 0 52
160 745 0 53
161 745 0 55
162 744 0 54
163 744 0 56
164 744 0 57
165 743 0 57
166 743 0 58
167 742 0 58
168 742 0 60
169 732 0 54
170 731 0 54
171 731 0 56
172 731 0 57
173 731 0 59
174 730 0 58
175 729 0 58
176 729 0 59
177 728 0 59
178 726 0 58
179 724 0 56
180 723 0 56
181 723 0 57
182 722 0 57
183 721 0 56
184 720 0 55
185 0 719 0 55
185 791 0 55
186 787 0 52
187 787 0 54
188 785 0 51
189 785 0 52
190 785 0 54
191 785 0 56
192 785 0 58
193 783 0 55
194 782 0 55
195 782 0 56
196 782 0 58
197 780 0 55
198 780 0 57
199 780 0 59
200 780 0 61
201 780 0 63
202 777 0 61
203 0 706 0 44
203 778 0 44
204 778 0 45
205 778 0 47
206 777 0 47
207 776 0 46
208 775 0 45
209 775 0 46
210 775 0 48
211 773 0 46
212 772 0 45
213 772 0 46
214 772 0 47
215 771 0 46
216 770 0 46
217 763 0 45
218 763 0 47
219 762 0 47
220 762 0 48
221 762 0 49
222 762 0 50
223 762 0 51
224 762 0 53
225 760 0 50
226 760 0 51
227 758 0 50
228 756 0 48
229 754 0 46
230 752 0 46
231 751 0 45
232 751 0 47
233 750 0 46
234 750 0 47
235 749 0 47
236 746 0 44
237 746 0 46
238 746 0 47
239 744 0 45
240 741 0 42
241 741 0 43
242 741 0 44
243 741 0 46
244 741 0 47
245 741 0 48
246 740 0 47
247 740 0 48
248 738 0 46
249 738 0 47
250 738 0 49
251 738 0 50
252 738 0 51
253 737 0 50
254 737 0 51
255 736 0 50
256 735 0 50
257 735 0 51
258 735 0 53
259 735 0 54
260 735 0 55
261 735 0 57
262 734 0 57
263 734 0 59
264 733 0 58
265 732 0 57
266 731 0 56
267 728 0 57
268 727 0 57
269 727 0 59
270 725 0 57
271 723 0 54
272 723 0 55
273 723 0 56
274 723 0 57
275 723 0 59
276 722 0 58
277 0 718 0 53
277 790 0 53
278 790 0 55
279 789 0 55
280 789 0 57
281 789 0 59
282 789 0 60
283 789 0 61
284 789 0 62
285 789 0 64
286 788 0 64
287 788 0 65
288 786 0 65
289 786 0 66
290 785 0 66
291 779 0 61
292 778 0 61
293 772 0 57
294 772 0 58
295 772 0 59
296 772 0 61
297 771 0 61
298 770 0 60
299 770 0 62
300 770 0 63
301 770 0 65
302 770 0 66
303 770 0 67
304 765 0 66
305 765 0 68
306 764 0 67
307 763 0 66
308 763 0 68
309 763 0 70
310 762 0 69
311 762 0 70
312 761 0 71
313 761 0 72
314 761 0 73
315 750 0 64
316 750 0 65
317 746 0 61
318 746 0 62
319 728 0 55
320 728 0 56
321 728 0 57
322 726 0 55
323 722 0 53
324 722 0 54
325 721 0 53
326 721 0 54
327 721 0 55
328 0 719 0 54
328 791 0 54
329 789 0 53
330 789 0 55
331 789 0 56
332 789 0 57
333 784 0 56
334 784 0 57
335 784 0 58
336 784 0 59
337 784 0 60
338 783 0 60
339 781 0 58
340 781 0 60
341 777 0 55
342 777 0 57
343 777 0 59
344 775 0 54
345 775 0 55
346 774 0 54
347 774 0 55
348 774 0 56
349 773 0 55
350 771 0 55
351 770 0 55
352 769 0 54
353 767 0 53
354 767 0 55
355 767 0 56
356 767 0 58
357 767 0 60
358 766 0 60
359 763 0 58
360 762 0 58
361 762 0 59
362 762 0 60
363 762 0 62
364 759 0 61
365 759 0 62
366 759 0 64
367 750 0 59
368 749 0 59
369 747 0 59
370 747 0 61
371 745 0 58
372 745 0 59
373 744 0 58
374 744 0 60
375 744 0 61
376 744 0 62
377 740 0 60
378 738 0 59
379 737 0 58
380 737 0 59
381 737 0 61
382 737 0 62
383 735 0 61
384 734 0 62
385 734 0 64
386 731 0 61
387 730 0 61
388 730 0 62
389 730 0 64
390 729 0 63
391 729 0 64
392 729 0 66
393 724 0 65
394 0 715 0 61
394 786 0 59
395 785 0 58
396 785 0 60
397 785 0 62
398 780 0 59
399 779 0 58
400 779 0 60
401 779 0 62
402 779 0 64
403 779 0 66
404 777 0 64
405 776 0 64
406 776 0 65
407 776 0 67
408 776 0 69
409 776 0 70
410 775 0 69
411 775 0 70
412 774 0 69
413 773 0 69
414 772 0 69
415 771 0 68
416 769 0 68
417 762 0 64
418 760 0 62
419 759 0 62
420 758 0 62
421 757 0 60
422 757 0 62
423 756 0 63
424 756 0 65
425 756 0 67
426 756 0 69
427 755 0 68
428 751 0 68
429 750 0 68
430 745 0 63
431 745 0 65
432 744 0 64
433 744 0 65
434 743 0 64
435 732 0 59
436 732 0 60
437 731 0 60
438 731 0 61
439 731 0 63
440 729 0 62
441 729 0 64
442 0 689 0 50
442 761 0 50
443 759 0 49
444 757 0 48
445 757 0 50
446 756 0 49
447 756 0 50
448 756 0 52
449 756 0 54
450 756 0 55
451 756 0 57
452 755 0 56
453 753 0 55
454 753 0 57
455 753 0 59
456 753 0 61
457 753 0 62
458 752 0 62
459 752 0 63
460 752 0 64
461 752 0 65
462 751 0 65
463 751 0 66
464 749 0 64
465 745 0 62
466 744 0 61
467 743 0 61
468 743 0 63
469 741 0 61
470 740 0 60
471 738 0 57
472 720 0 49
473 0 717 0 46
473 789 0 46
474 789 0 48
475 786 0 43
476 786 0 44
477 786 0 45
478 786 0 47
479 786 0 48
480 786 0 50
481 784 0 48
482 784 0 49
483 783 0 49
484 779 0 45
485 777 0 42
486 777 0 44
487 775 0 42
488 774 0 43
489 773 0 42
490 772 0 42
491 770 0 41
492 765 0 40
493 765 0 42
494 765 0 44
495 762 0 40
496 762 0 42
497 762 0 44
498 761 0 44
499 760 0 44
500 759 0 43
501 759 0 45
502 759 0 47
503 759 0 48
504 758 0 47
505 758 0 48
506 758 0 49
507 757 0 50
508 755 0 49
509 751 0 47
510 749 0 46
511 748 0 46
512 748 0 48
513 738 0 41
514 738 0 43
515 736 0 40
516 733 0 41
517 727 0 41
518 726 0 40
519 726 0 41
520 725 0 41
521 725 0 43
522 725 0 44
523 725 0 45
524 724 0 45
525 723 0 45
526 722 0 44
527 722 0 45
528 722 0 46
529 721 0 46
530 0 718 0 45
530 790 0 45
531 790 0 46
532 790 0 47
533 790 0 49
534 790 0 50
535 789 0 49
536 788 0 49
537 788 0 51
538 787 0 51
539 787 0 52
540 786 0 51
541 786 0 53
542 785 0 53
543 785 0 54
544 785 0 56
545 785 0 57
546 784 0 57
547 784 0 58
548 784 0 60
549 784 0 62
550 784 0 63
551 784 0 64
552 784 0 65
553 782 0 65
554 781 0 65
555 780 0 65
556 758 0 59
557 756 0 57
558 756 0 58
559 755 0 57
560 755 0 58
561 754 0 57
562 754 0 58
563 754 0 59
564 754 0 61
565 751 0 59
566 751 0 61
567 746 0 57
568 746 0 59
569 744 0 56
570 744 0 57
571 744 0 58
572 744 0 59
573 744 0 59
574 744 0 60
575 743 0 60
576 740 0 56
577 739 0 55
578 738 0 54
579 737 0 54
580 736 0 54
581 735 0 54
582 734 0 53
583 733 0 53
584 732 0 52
585 730 0 52
586 730 0 54
587 729 0 53
588 729 0 54
589 727 0 52
590 726 0 52
591 726 0 54
592 722 0 51
593 721 0 51
594 720 0 51
595 0 717 0 46
595 789 0 46
596 789 0 48
597 789 0 49
598 787 0 46
599 786 0 45
600 786 0 46
601 786 0 47
602 785 0 46
603 785 0 47
604 785 0 48
605 784 0 48
606 783 0 47
607 783 0 48
608 783 0 49
609 783 0 51
610 777 0 47
611 775 0 48
612 775 0 49
613 775 0 50
614 774 0 50
615 774 0 52
616 771 0 49
617 771 0 50
618 771 0 51
619 771 0 53
620 771 0 54
621 771 0 55
622 771 0 56
623 770 0 56
624 769 0 56
625 769 0 57
626 768 0 57
627 767 0 56
628 765 0 54
629 765 0 56
630 764 0 55
631 764 0 56
632 763 0 55
633 763 0 56
634 763 0 58
635 762 0 57
636 761 0 56
637 742 0 51
638 740 0 50
639 739 0 49
640 739 0 50
641 739 0 51
642 738 0 50
643 737 0 50
644 737 0 51
645 737 0 53
646 736 0 53
647 736 0 54
648 736 0 56
649 735 0 55
650 734 0 55
651 733 0 55
652 733 0 56
653 733 0 58
654 733 0 59
655 730 0 59
656 727 0 57
657 727 0 58
658 723 0 56
659 723 0 57
660 723 0 58
661 722 0 56
662 722 0 57
663 721 0 57
664 0 715 0 54
664 787 0 54
665 786 0 54
666 785 0 54
667 785 0 56
668 785 0 58
669 785 0 59
670 785 0 61
671 785 0 63
672 784 0 62
673 784 0 63
674 783 0 62
675 783 0 63
676 783 0 65
677 770 0 61
678 768 0 59
679 759 0 58
680 758 0 57
681 758 0 57
682 752 0 51
683 751 0 51
684 751 0 53
685 751 0 55
686 750 0 55
687 750 0 57
688 749 0 57
689 748 0 56
690 747 0 55
691 745 0 53
692 744 0 53
693 743 0 52
694 731 0 50
695 726 0 48
696 723 0 47
697 723 0 49
698 723 0 49
699 723 0 50
700 722 0 49
701 721 0 49
702 720 0 49
703 720 0 50
704 0 718 0 50
704 790 0 50
705 786 0 47
706 786 0 49
707 780 0 47
708 778 0 45
709 775 0 42
710 775 0 43
711 773 0 43
712 773 0 45
713 773 0 47
714 773 0 48
715 772 0 47
716 772 0 48
717 772 0 49
718 772 0 50
719 772 0 52
720 767 0 49
721 763 0 49
722 763 0 51
723 758 0 46
724 757 0 45
725 756 0 45
726 756 0 46
727 756 0 48
728 756 0 49
729 755 0 49
730 755 0 50
731 755 0 51
732 749 0 49
733 749 0 50
734 749 0 52
735 748 0 52
736 748 0 54
737 746 0 54
738 746 0 56
739 746 0 57
740 744 0 52
741 744 0 54
742 740 0 51
743 740 0 52
744 740 0 54
745 740 0 56
746 738 0 54
747 737 0 54
748 736 0 54
749 735 0 54
750 734 0 54
751 733 0 53
752 731 0 51
753 731 0 53
754 731 0 54
755 731 0 56
756 731 0 58
757 729 0 55
758 729 0 57
759 728 0 57
760 723 0 53
761 723 0 54
762 723 0 55
763 722 0 54
764 721 0 54
765 721 0 55
766 721 0 56
767 720 0 55
768 720 0 57
769 0 712 0 53
769 784 0 53
770 783 0 52
771 783 0 54
772 782 0 53
773 781 0 52
774 780 0 51
775 780 0 52
776 780 0 53
777 780 0 55
778 777 0 55
779 777 0 57
780 774 0 56
781 774 0 57
782 773 0 56
783 773 0 57
784 773 0 58
785 773 0 59
786 771 0 57
787 770 0 57
788 769 0 56
789 768 0 56
790 768 0 57
791 768 0 59
792 768 0 61
793 767 0 61
794 767 0 63
795 760 0 58
796 760 0 59
797 759 0 58
798 759 0 60
799 733 0 48
800 732 0 48
801 732 0 50
802 732 0 52
803 731 0 52
804 731 0 53
805 731 0 54
806 731 0 55
807 731 0 56
808 731 0 57
809 731 0 59
810 731 0 60
811 729 0 60
812 728 0 59
813 728 0 60
814 727 0 60
815 727 0 62
816 724 0 60
817 724 0 61
818 724 0 62
819 724 0 63
820 0 718 0 61
820 790 0 61
821 788 0 58
822 787 0 58
823 786 0 57
824 786 0 58
825 786 0 60
826 783 0 55
827 783 0 55
828 782 0 54
829 781 0 54
830 780 0 53
831 779 0 52
832 777 0 51
833 777 0 52
834 776 0 52
835 775 0 51
836 774 0 51
837 773 0 50
838 773 0 52
839 771 0 51
840 770 0 50
841 770 0 52
842 770 0 53
843 768 0 51
844 768 0 53
845 767 0 52
846 767 0 53
847 765 0 53
848 765 0 55
849 762 0 52
850 762 0 54
851 761 0 54
852 761 0 55
853 759 0 53
854 757 0 51
855 756 0 50
856 756 0 51
857 756 0 53
858 756 0 54
859 756 0 55
860 756 0 57
861 756 0 58
862 756 0 60
863 754 0 58
864 751 0 58
865 750 0 57
866 750 0 59
867 750 0 61
868 750 0 61
869 749 0 60
870 748 0 60
871 748 0 61
872 748 0 62
873 748 0 63
874 748 0 65
875 748 0 67
876 748 0 69
877 746 0 66
878 746 0 68
879 745 0 67
880 744 0 66
881 743 0 65
882 743 0 67
883 742 0 67
884 738 0 67
885 735 0 63
886 734 0 62
887 732 0 59
888 732 0 61
889 730 0 59
890 730 0 60
891 0 717 0 55
891 789 0 55
892 787 0 55
893 787 0 56
894 786 0 56
895 783 0 53
896 783 0 55
897 782 0 55
898 782 0 56
899 782 0 58
900 780 0 56
901 779 0 55
902 779 0 56
903 779 0 57
904 779 0 59
905 777 0 57
906 777 0 58
907 775 0 56
908 774 0 56
909 773 0 56
910 771 0 53
911 771 0 55
912 771 0 56
913 753 0 51
914 753 0 53
915 751 0 50
916 751 0 52
917 751 0 53
918 751 0 55
919 751 0 56
920 750 0 56
921 749 0 56
922 749 0 58
923 743 0 55
924 742 0 54
925 741 0 53
926 741 0 55
927 738 0 54
928 738 0 55
929 738 0 57
930 736 0 54
931 735 0 54
932 734 0 54
933 733 0 54
934 0 718 0 50
934 790 0 50
935 786 0 47
936 780 0 47
937 779 0 47
938 778 0 46
939 778 0 47
940 777 0 47
941 776 0 46
942 775 0 46
943 775 0 47
944 773 0 45
945 773 0 46
946 773 0 47
947 773 0 49
948 773 0 50
949 773 0 52
950 772 0 51
951 772 0 52
952 766 0 50
953 766 0 51
954 766 0 52
955 765 0 52
956 765 0 53
957 765 0 54
958 765 0 55
959 764 0 54
960 763 0 53
961 763 0 54
962 763 0 55
963 762 0 55
964 761 0 54
965 760 0 53
966 757 0 52
967 757 0 53
968 754 0 49
969 754 0 51
970 754 0 53
971 753 0 52
972 752 0 51
973 751 0 50
974 750 0 49
975 750 0 50
976 750 0 52
977 749 0 53
978 748 0 53
979 748 0 55
980 748 0 57
981 748 0 58
982 747 0 57
983 747 0 59
984 745 0 56
985 745 0 58
986 744 0 58
987 744 0 60
988 743 0 61
989 741 0 60
990 741 0 62
991 741 0 64
992 740 0 65
993 739 0 65
994 728 0 59
995 723 0 54
996 722 0 53
997 0 719 0 51
997 791 0 51
998 791 0 52
999 790 0 52
1000 789 0 52
1001 789 0 53
1002 789 0 55
1003 787 0 53
1004 787 0 55
1005 785 0 55
1006 785 0 56
1007 785 0 58
1008 784 0 57
1009 781 0 53
1010 740 0 38
1011 738 0 37
1012 731 0 32
1013 730 0 32
1014 730 0 34
1015 729 0 33
1016 729 0 35
1017 728 0 35
1018 728 0 35
1019 727 0 35
1020 726 0 35
1021 726 0 36
1022 726 0 38
1023 726 0 40
1024 723 0 38
1025 722 0 38
1026 721 0 38
1027 721 0 39
1028 720 0 39
1029 720 0 40
1030 720 0 42
1031 0 719 0 41
1031 791 0 41
1032 791 0 43
1033 791 0 44
1034 791 0 45
1035 789 0 44
1036 789 0 45
1037 788 0 44
1038 787 0 44
1039 784 0 44
1040 783 0 43
1041 783 0 44
1042 782 0 43
1043 782 0 44
1044 779 0 40
1045 779 0 42
1046 779 0 43
1047 779 0 44
1048 779 0 45
1049 779 0 46
1050 779 0 48
1051 779 0 49
1052 778 0 49
1053 776 0 49
1054 776 0 51
1055 775 0 51
1056 775 0 52
1057 774 0 52
1058 773 0 52
1059 773 0 53
1060 771 0 51
1061 771 0 53
1062 771 0 54
1063 770 0 53
1064 770 0 55
1065 770 0 55
1066 770 0 56
1067 770 0 57
1068 770 0 59
1069 762 0 52
1070 761 0 52
1071 761 0 54
1072 760 0 54
1073 759 0 54
1074 758 0 54
1075 758 0 56
1076 758 0 57
1077 756 0 55
1078 753 0 55
1079 753 0 56
1080 753 0 58
1081 752 0 58
1082 752 0 60
1083 752 0 61
1084 752 0 62
1085 750 0 61
1086 744 0 56
1087 741 0 52
1088 741 0 54
1089 738 0 51
1090 725 0 45
1091 725 0 47
1092 725 0 48
1093 724 0 48
1094 724 0 49
1095 723 0 48
1096 723 0 50
1097 0 715 0 46
1097 787 0 46
1098 787 0 47
1099 787 0 46
1100 787 0 48
1101 787 0 50
1102 780 0 48
1103 780 0 49
1104 775 0 49
1105 775 0 50
1106 774 0 51
1107 774 0 52
1108 774 0 53
1109 774 0 54
1110 772 0 54
1111 771 0 53
1112 771 0 54
1113 770 0 54
1114 770 0 55
1115 770 0 56
1116 766 0 53
1117 754 0 51
1118 749 0 50
1119 746 0 50
1120 746 0 51
1121 746 0 53
1122 745 0 52
1123 745 0 54
1124 744 0 54
1125 741 0 51
1126 741 0 52
1127 740 0 52
1128 740 0 54
1129 739 0 54
1130 737 0 52
1131 737 0 53
1132 736 0 53
1133 735 0 52
1134 733 0 51
1135 733 0 52
1136 733 0 53
1137 732 0 52
1138 731 0 52
1139 730 0 51
1140 730 0 53
1141 727 0 52
1142 727 0 54
1143 726 0 54
1144 726 0 56
1145 0 719 0 52
1145 791 0 52
1146 791 0 53
1147 780 0 49
1148 780 0 50
1149 780 0 52
1150 769 0 47
1151 767 0 46
1152 767 0 47
1153 766 0 46
1154 765 0 46
1155 764 0 46
1156 762 0 44
1157 762 0 46
1158 761 0 45
1159 761 0 46
1160 761 0 48
1161 761 0 49
1162 761 0 51
1163 761 0 52
1164 761 0 54
1165 761 0 55
1166 761 0 56
1167 759 0 55
1168 759 0 56
1169 759 0 57
1170 759 0 58
1171 759 0 59
1172 758 0 59
1173 757 0 58
1174 757 0 59
1175 756 0 58
1176 754 0 57
1177 754 0 58
1178 754 0 60
1179 753 0 60
1180 753 0 62
1181 753 0 64
1182 752 0 63
1183 752 0 65
1184 752 0 67
1185 751 0 67
1186 751 0 69
1187 750 0 68
1188 749 0 68
1189 749 0 69
1190 749 0 71
1191 749 0 72
1192 749 0 74
1193 747 0 74
1194 745 0 71
1195 744 0 71
1196 743 0 71
1197 740 0 67
1198 740 0 69
1199 740 0 70
1200 739 0 69
1201 738 0 69
1202 738 0 70
1203 734 0 69
1204 734 0 70
1205 731 0 72
1206 729 0 72
1207 728 0 72
1208 727 0 72
1209 724 0 71
1210 721 0 69
1211 0 715 0 65
1211 787 0 65
1212 786 0 65
1213 785 0 64
1214 785 0 66
1215 770 0 61
1216 770 0 63
1217 766 0 60
1218 765 0 60
1219 758 0 56
1220 758 0 58
1221 752 0 55
1222 752 0 56
1223 751 0 55
1224 748 0 54
1225 748 0 55
1226 746 0 54
1227 746 0 56
1228 746 0 58
1229 744 0 55
1230 741 0 55
1231 740 0 55
1232 740 0 57
1233 740 0 59
1234 740 0 60
1235 739 0 59
1236 739 0 60
1237 0 717 0 52
1237 789 0 52
1238 787 0 50
1239 784 0 48
1240 783 0 48
1241 782 0 47
1242 781 0 46
1243 779 0 44
1244 777 0 42
1245 777 0 43
1246 776 0 42
1247 776 0 43
1248 775 0 42
1249 775 0 44
1250 775 0 45
1251 775 0 46
1252 775 0 48
1253 775 0 49
1254 773 0 47
1255 773 0 49
1256 773 0 51
1257 773 0 53
1258 773 0 54
1259 767 0 50
1260 762 0 50
1261 762 0 52
1262 760 0 50
1263 760 0 52
1264 760 0 53
1265 760 0 54
1266 759 0 54
1267 759 0 56
1268 757 0 53
1269 737 0 44
1270 734 0 42
1271 733 0 43
1272 733 0 44
1273 732 0 43
1274 731 0 42
1275 729 0 42
1276 729 0 43
1277 729 0 44
1278 729 0 45
1279 729 0 47
1280 728 0 46
1281 728 0 48
1282 727 0 48
1283 726 0 47
1284 726 0 49
1285 726 0 50
1286 723 0 48
1287 723 0 49
1288 722 0 49
1289 722 0 51
1290 722 0 52
1291 721 0 51
1292 720 0 50
1293 0 718 0 48
1293 790 0 48
1294 790 0 50
1295 790 0 51
1296 788 0 48
1297 788 0 50
1298 787 0 50
1299 787 0 52
1300 787 0 53
1301 786 0 53
1302 784 0 51
1303 783 0 51
1304 783 0 52
1305 782 0 52
1306 780 0 50
1307 780 0 51
1308 780 0 52
1309 780 0 54
1310 779 0 53
1311 779 0 54
1312 778 0 54
1313 778 0 55
1314 777 0 55
1315 777 0 56
1316 777 0 58
1317 776 0 57
1318 775 0 56
1319 775 0 57
1320 774 0 56
1321 768 0 46
1322 767 0 45
1323 767 0 46
1324 767 0 48
1325 767 0 50
1326 767 0 51
1327 767 0 53
1328 766 0 53
1329 766 0 55
1330 766 0 56
1331 766 0 57
1332 765 0 56
1333 763 0 55
1334 763 0 56
1335 763 0 58
1336 763 0 59
1337 761 0 58
1338 758 0 56
1339 757 0 56
1340 757 0 57
1341 756 0 57
1342 756 0 59
1343 756 0 60
1344 756 0 61
1345 755 0 60
1346 755 0 61
1347 754 0 62
1348 754 0 64
1349 744 0 62
1350 740 0 60
1351 740 0 61
1352 738 0 58
1353 735 0 56
1354 735 0 58
1355 735 0 59
1356 735 0 60
1357 734 0 59
1358 734 0 60
1359 733 0 60
1360 727 0 57
1361 725 0 54
1362 724 0 54
1363 724 0 56
1364 723 0 56
1365 723 0 57
1366 721 0 57
1367 721 0 59
1368 721 0 60
1369 0 717 0 57
1369 789 0 57
1370 779 0 54
1371 773 0 52
1372 773 0 53
1373 773 0 55
1374 773 0 57
1375 773 0 59
1376 772 0 59
1377 771 0 59
1378 769 0 57
1379 769 0 58
1380 769 0 59
1381 766 0 57
1382 765 0 57
1383 764 0 56
1384 764 0 58
1385 759 0 54
1386 759 0 54
1387 759 0 55
1388 757 0 54
1389 757 0 55
1390 757 0 56
1391 757 0 58
1392 757 0 59
1393 757 0 60
1394 757 0 61
1395 755 0 59
1396 754 0 58
1397 752 0 57
1398 751 0 57
1399 750 0 57
1400 750 0 59
1401 750 0 60
1402 748 0 59
1403 748 0 60
1404 745 0 61
1405 745 0 63
1406 742 0 61
1407 742 0 62
1408 742 0 64
1409 741 0 64
1410 738 0 60
1411 738 0 62
1412 735 0 58
1413 732 0 57
1414 731 0 57
1415 731 0 58
1416 730 0 57
1417 721 0 53
1418 721 0 54
1419 721 0 56
1420 721 0 57
1421 720 0 57
1422 0 719 0 56
1422 790 0 54
1423 789 0 53
1424 778 0 49
1425 778 0 50
1426 778 0 52
1427 778 0 54
1428 775 0 51
1429 775 0 53
1430 774 0 53
1431 773 0 53
1432 773 0 55
1433 773 0 57
1434 771 0 55
1435 771 0 56
1436 771 0 58
1437 771 0 58
1438 769 0 54
1439 766 0 49
1440 766 0 51
1441 766 0 53
1442 763 0 51
1443 762 0 50
1444 761 0 50
1445 759 0 49
1446 758 0 49
1447 757 0 48
1448 757 0 49
1449 755 0 46
1450 754 0 46
1451 754 0 47
1452 754 0 49
1453 754 0 50
1454 754 0 52
1455 754 0 54
1456 743 0 50
1457 743 0 51
1458 743 0 53
1459 743 0 55
1460 742 0 55
1461 740 0 53
1462 739 0 52
1463 739 0 54
1464 737 0 52
1465 737 0 51
1466 737 0 53
1467 737 0 55
1468 736 0 54
1469 735 0 54
1470 733 0 53
1471 733 0 54
1472 733 0 55
1473 733 0 56
1474 732 0 56
1475 731 0 56
1476 731 0 57
1477 731 0 58
1478 730 0 57
1479 730 0 59
1480 727 0 58
1481 725 0 57
1482 724 0 57
1483 724 0 58
1484 724 0 60
1485 724 0 62
1486 723 0 62
1487 721 0 60
1488 720 0 59
1489 0 719 0 59
1489 790 0 57
1490 790 0 58
1491 790 0 60
1492 790 0 60
1493 788 0 58
1494 787 0 57
1495 786 0 57
1496 786 0 59
1497 785 0 59
1498 784 0 59
1499 784 0 61
1500 781 0 58
1501 781 0 59
1502 776 0 56
1503 775 0 56
1504 774 0 55
1505 773 0 54
1506 770 0 53
1507 770 0 54
1508 770 0 54
1509 770 0 56
1510 769 0 56
1511 769 0 57
1512 766 0 56
1513 765 0 56
1514 761 0 56
1515 759 0 53
1516 759 0 54
1517 758 0 54
1518 757 0 53
1519 757 0 55
1520 754 0 52
1521 753 0 52
1522 750 0 51
1523 750 0 53
1524 750 0 54
1525 750 0 56
1526 750 0 57
1527 749 0 56
1528 749 0 57
1529 745 0 56
1530 745 0 57
1531 743 0 54
1532 742 0 53
1533 740 0 52
1534 740 0 54
1535 738 0 53
1536 738 0 55
1537 737 0 55
1538 736 0 55
1539 735 0 55
1540 728 0 54
1541 725 0 49
1542 725 0 50
1543 724 0 49
1544 723 0 48
1545 723 0 50
1546 723 0 51
1547 721 0 48
1548 721 0 49
1549 0 719 0 47
1549 791 0 47
1550 791 0 48
1551 791 0 49
1552 777 0 49
1553 773 0 45
1554 773 0 47
1555 773 0 48
1556 773 0 49
1557 773 0 50
1558 773 0 52
1559 772 0 51
1560 770 0 49
1561 769 0 49
1562 769 0 50
1563 769 0 52
1564 767 0 50
1565 766 0 50
1566 765 0 49
1567 764 0 49
1568 764 0 50
1569 764 0 52
1570 764 0 53
1571 764 0 54
1572 762 0 51
1573 762 0 52
1574 757 0 51
1575 756 0 51
1576 755 0 51
1577 755 0 53
1578 755 0 55
1579 754 0 54
1580 754 0 55
1581 754 0 57
1582 754 0 58
1583 750 0 55
1584 750 0 57
1585 750 0 58
1586 749 0 57
1587 749 0 58
1588 748 0 57
1589 748 0 59
1590 747 0 60
1591 746 0 60
1592 746 0 62
1593 745 0 62
1594 745 0 63
1595 745 0 64
1596 744 0 64
1597 744 0 65
1598 743 0 65
1599 743 0 66
1600 742 0 65
1601 742 0 66
1602 738 0 66
1603 737 0 64
1604 737 0 64
1605 736 0 63
1606 735 0 62
1607 735 0 63
1608 734 0 63
1609 733 0 63
1610 733 0 65
1611 732 0 64
1612 727 0 64
1613 726 0 64
1614 726 0 65
1615 724 0 64
1616 721 0 64
1617 720 0 64
1618 720 0 66
1619 0 719 0 65
1619 791 0 65
1620 790 0 65
1621 790 0 66
1622 789 0 65
1623 788 0 65
1624 788 0 67
1625 788 0 68
1626 785 0 69
1627 785 0 70
1628 0 716 0 43
1628 788 0 43
1629 788 0 44
1630 787 0 44
1631 786 0 44
1632 786 0 46
1633 786 0 47
1634 786 0 49
1635 784 0 47
1636 780 0 44
1637 778 0 43
1638 778 0 44
1639 778 0 46
1640 778 0 47
1641 778 0 48
1642 777 0 48
1643 777 0 49
1644 777 0 50
1645 775 0 48
1646 770 0 45
1647 769 0 45
1648 769 0 46
1649 769 0 47
1650 769 0 49
1651 769 0 50
1652 769 0 52
1653 766 0 48
1654 765 0 48
1655 764 0 48
1656 763 0 48
1657 763 0 49
1658 763 0 50
1659 763 0 51
1660 762 0 51
1661 753 0 50
1662 753 0 51
1663 752 0 51
1664 736 0 44
1665 735 0 43
1666 735 0 44
1667 733 0 41
1668 732 0 40
1669 732 0 41
1670 732 0 42
1671 732 0 43
1672 732 0 44
1673 732 0 46
1674 725 0 39
1675 725 0 41
1676 724 0 40
1677 0 719 0 37
1677 791 0 37
1678 788 0 35
1679 788 0 36
1680 788 0 37
1681 788 0 39
1682 788 0 40
1683 788 0 42
1684 788 0 44
1685 788 0 46
1686 786 0 44
1687 786 0 46
1688 782 0 43
1689 782 0 45
1690 782 0 46
1691 780 0 46
1692 777 0 44
1693 777 0 46
1694 774 0 46
1695 774 0 47
1696 774 0 49
1697 774 0 50
1698 774 0 52
1699 774 0 53
1700 771 0 53
1701 771 0 54
1702 770 0 54
1703 770 0 54
1704 770 0 56
1705 770 0 57
1706 770 0 58
1707 770 0 60
1708 769 0 59
1709 768 0 59
1710 768 0 61
1711 768 0 63
1712 768 0 65
1713 768 0 66
1714 763 0 64
1715 763 0 66
1716 763 0 67
1717 763 0 68
1718 763 0 69
1719 763 0 70
1720 763 0 71
1721 762 0 71
1722 761 0 71
1723 761 0 72
1724 760 0 71
1725 760 0 72
1726 760 0 74
1727 759 0 73
1728 752 0 69
1729 752 0 71
1730 752 0 72
1731 0 696 0 47
1731 768 0 47
1732 765 0 42
1733 764 0 41
1734 763 0 40
1735 763 0 42
1736 762 0 41
1737 762 0 42
1738 760 0 39
1739 760 0 40
1740 759 0 40
1741 759 0 41
1742 755 0 41
1743 755 0 42
1744 754 0 42
1745 752 0 42
1746 751 0 42
1747 751 0 43
1748 747 0 42
1749 747 0 43
1750 746 0 43
1751 745 0 42
1752 743 0 41
1753 743 0 42
1754 743 0 44
1755 743 0 46
1756 740 0 45
1757 739 0 44
1758 739 0 46
1759 739 0 48
1760 738 0 47
1761 738 0 49
1762 735 0 46
1763 735 0 47
1764 734 0 46
1765 733 0 45
1766 733 0 46
1767 732 0 46
1768 732 0 48
1769 731 0 48
1770 730 0 48
1771 729 0 47
1772 729 0 49
1773 728 0 49
1774 727 0 49
1775 726 0 48
1776 723 0 46
1777 720 0 46
1778 720 0 47
1779 0 719 0 47
1779 791 0 47
1780 791 0 49
1781 787 0 48
1782 785 0 47
1783 767 0 43
1784 767 0 44
1785 766 0 43
1786 765 0 43
1787 763 0 41
1788 763 0 42
1789 763 0 44
1790 762 0 44
1791 758 0 40
1792 758 0 42
1793 757 0 42
1794 754 0 42
1795 754 0 43
1796 753 0 42
1797 752 0 42
1798 752 0 43
1799 751 0 43
1800 750 0 43
