2 0 0 0 0 1 0.052230003956877206484
3 0 0 0 0 1 0.056039381892663150952
5 0 0 0 0 1 0.044089384408762699596
7 0 0 0 0 1 0.045766265129853281324
11 0 0 0 0 1 0.044705123375805302932
12 0 0 0 0 1 0.047160103122935434494
14 0 0 0 0 1 0.047621987489664938109
15 0 0 0 0 1 0.042590690083875643035
16 0 0 0 0 1 0.050433227742557498741
18 0 0 0 0 1 0.047852501294943700083
19 0 0 0 0 1 0.044521553025841237305
20 0 0 0 0 1 0.045136095355637249893
21 0 0 0 0 1 0.028483321981776933002
22 0 0 0 0 1 0.052973103555724085356
23 0 0 0 0 1 0.036653670395935811221
24 0 0 0 0 1 0.053518198298099818599
25 0 0 0 0 1 0.049099185353631051576
26 0 0 0 0 1 0.054324198506095558447
28 0 0 0 0 1 0.041293384983111726394
29 0 0 0 0 1 0.047304603229911493245
30 0 0 0 0 1 0.040460499783846630428
32 0 0 0 0 1 0.045149406480707254818
34 0 0 0 0 1 0.04273665853011238136
35 0 0 0 0 1 0.048674020629312003683
38 0 0 0 0 1 0.055355102917616576252
40 0 0 0 0 1 0.047848539766829914499
43 0 0 0 0 1 0.042552872338360088478
44 0 0 0 0 1 0.050640837645875916295
47 0 0 0 0 1 0.047067414635695026259
47 0 0 0 0 1 0.052170196612975727746
48 0 0 0 0 1 0.056011805479243406691
49 0 0 0 0 1 0.038440471604308003306
53 0 0 0 0 1 0.041670572717492769532
55 0 0 0 0 1 0.039381228768326344281
56 0 0 0 0 1 0.041483141460044205273
57 0 0 0 0 1 0.040560895816549077941
59 0 0 0 0 1 0.042003484940446512985
60 0 0 0 0 1 0.036339601454771761069
62 0 0 0 0 1 0.032318141956223032929
63 0 0 0 0 1 0.060151259927596074928
64 0 0 0 0 1 0.037162404434001136688
66 0 0 0 0 1 0.055531504351023712462
69 0 0 0 0 1 0.048464127118657100712
70 0 0 0 0 1 0.045632216890835103351
73 0 0 0 0 1 0.044675759078593210716
74 0 0 0 0 1 0.050868325937047279006
75 0 0 0 0 1 0.03971752893072465207
77 0 0 0 0 1 0.037905776854200122494
79 0 0 0 0 1 0.034677297046459713836
80 0 0 0 0 1 0.05789057702650991788
81 0 0 0 0 1 0.052311078947546135742
83 0 0 0 0 1 0.037670106838661288062
84 0 0 0 0 1 0.041738381410323960319
85 0 0 0 0 1 0.052192549153289802266
86 0 0 0 0 1 0.048928751509751129689
87 0 0 0 0 1 0.042568904474779151181
88 0 0 0 0 1 0.03570850681437356261
89 0 0 0 0 1 0.051012199845296535283
92 0 0 0 0 1 0.048400706145287901438
94 0 0 0 0 1 0.046425490767565878725
95 0 0 0 0 1 0.051422347200287578384
96 0 0 0 0 1 0.031771029971889380716
97 0 0 0 0 1 0.04932988242242436483
99 0 0 0 0 1 0.045763756033282664004
