1 2880 0 0
2 2880 0 0
3 2880 0 0
4 2880 0 0
5 2880 0 0
6 2880 0 0
7 2880 0 0
8 2880 0 0
9 2880 0 0
10 2880 0 0
11 2880 0 0
12 2880 0 0
13 2880 0 0
14 2880 0 0
15 2880 0 0
16 2880 0 0
17 2880 0 0
18 2880 0 0
19 2880 0 0
20 2880 0 0
21 2880 0 0
22 2880 0 0
23 2880 0 0
24 2880 0 0
25 2880 0 0
26 2880 0 0
27 2880 0 0
28 2880 0 0
29 2880 0 0
30 2880 0 0
31 2880 0 0
32 2880 0 0
33 2880 0 0
34 2880 0 0
35 2880 0 0
36 2880 0 0
37 2880 0 0
38 2880 0 0
39 2880 0 0
40 2880 0 0
41 2880 0 0
42 2880 0 0
43 2880 0 0
44 2880 0 0
45 2880 0 0
46 2880 0 0
47 2880 0 0
48 2880 0 0
49 2880 0 0
50 2880 0 0
51 2880 0 0
52 2880 0 0
53 2880 0 0
54 2880 0 0
55 2880 0 0
56 2880 0 0
57 2880 0 0
58 2880 0 0
59 2880 0 0
60 2880 0 0
61 2880 0 0
62 2880 0 0
63 2880 0 0
64 2880 0 0
65 2880 0 0
66 2880 0 0
67 2880 0 0
68 2880 0 0
69 2880 0 0
70 2880 0 0
71 2880 0 0
72 2880 0 0
73 2880 0 0
74 2880 0 0
75 2880 0 0
76 2880 0 0
77 2880 0 0
78 2880 0 0
79 2880 0 0
80 2880 0 0
81 2880 0 0
82 2880 0 0
83 2880 0 0
84 2880 0 0
85 2880 0 0
86 2880 0 0
87 2880 0 0
88 2880 0 0
89 2880 0 0
90 2880 0 0
91 2880 0 0
92 2880 0 0
93 2880 0 0
94 2880 0 0
95 2880 0 0
96 2880 0 0
97 2880 0 0
98 2880 0 0
99 2880 0 0
100 2880 0 0
