40 0 0 1 0
68 1 0 2 0
78 0 0 2 0
79 1 0 2 0
88 0 0 2 0
97 1 0 2 0
101 0 0 2 0
103 0 0 1 0
115 0 0 2 0
116 0 0 2 0
117 0 0 1 0
118 0 0 2 0
119 0 0 1 0
121 0 0 1 0
124 0 0 2 0
124 0 0 2 0
127 1 0 2 0
129 0 0 2 0
130 0 0 2 0
131 0 0 1 0
134 1 0 3 0
138 1 0 2 0
139 0 0 1 0
140 0 0 2 0
141 0 0 2 0
142 0 0 2 0
144 0 0 2 0
145 0 0 2 0
149 0 0 2 0
150 1 0 3 0
152 0 0 1 0
157 0 0 2 0
158 0 0 2 0
160 0 0 2 0
163 0 0 2 0
163 0 0 2 0
167 0 0 2 0
168 0 0 2 0
170 0 0 2 0
172 1 0 2 0
175 0 0 2 0
176 0 0 2 0
176 0 0 2 0
177 0 0 1 0
179 1 0 2 0
181 0 0 1 0
183 0 0 2 0
185 0 0 1 0
186 0 0 1 0
187 0 0 2 0
190 0 0 2 0
191 0 0 1 0
194 1 0 2 0
196 0 0 1 0
202 1 0 2 0
204 0 0 1 0
206 0 0 2 0
206 1 0 2 0
208 0 0 2 0
212 0 0 1 0
216 0 0 1 0
217 0 0 1 0
218 0 0 2 0
218 0 0 1 0
220 0 0 1 0
222 0 0 2 0
223 0 0 2 0
223 0 0 1 0
224 0 0 1 0
227 0 0 1 0
228 0 0 2 0
229 0 0 1 0
231 0 0 2 0
231 1 0 2 0
232 0 0 1 0
235 0 0 1 0
236 0 0 1 0
237 0 0 2 0
240 0 0 2 0
242 0 0 2 0
243 0 0 2 0
246 0 0 2 0
247 0 0 1 0
248 0 0 2 0
250 0 0 2 0
250 0 0 2 0
251 0 0 2 0
252 0 0 1 0
253 0 0 2 0
254 0 0 2 0
255 0 0 1 0
258 0 0 1 0
259 0 0 2 0
260 0 0 2 0
261 0 0 1 0
262 0 0 2 0
263 0 0 2 0
266 0 0 2 0
269 0 0 2 0
270 0 0 2 0
271 0 0 1 0
272 1 0 2 0
276 0 0 2 0
277 0 0 3 0
279 0 0 2 0
280 0 0 2 0
282 0 0 2 0
283 0 0 2 0
284 0 0 1 0
285 0 0 1 0
286 0 0 1 0
289 0 0 2 0
290 0 0 2 0
292 0 0 1 0
293 0 0 1 0
295 0 0 2 0
297 0 0 2 0
298 0 0 1 0
300 0 0 2 0
304 0 0 1 0
308 0 0 1 0
309 0 0 2 0
310 0 0 2 0
311 0 0 1 0
313 0 0 2 0
315 0 0 2 0
316 0 0 2 0
316 1 0 2 0
317 0 0 2 0
318 0 0 2 0
321 0 0 2 0
322 0 0 2 0
323 0 0 1 0
325 0 0 2 0
328 0 0 2 0
332 0 0 2 0
334 0 0 2 0
336 0 0 2 0
337 0 0 2 0
338 0 0 2 0
340 0 0 2 0
342 0 0 1 0
343 0 0 2 0
346 0 0 2 0
347 0 0 2 0
349 0 0 2 0
351 0 0 2 0
352 1 0 2 0
353 0 0 1 0
354 0 0 2 0
356 0 0 2 0
361 0 0 2 0
363 0 0 1 0
367 0 0 1 0
373 0 0 2 0
375 0 0 1 0
375 0 0 2 0
376 0 0 2 0
377 0 0 1 0
379 0 0 1 0
380 0 0 2 0
383 0 0 2 0
383 0 0 2 0
384 0 0 1 0
386 0 0 2 0
388 0 0 1 0
389 0 0 1 0
389 0 0 2 0
393 0 0 1 0
395 0 0 2 0
397 1 0 2 0
400 0 0 2 0
400 0 0 2 0
401 0 0 2 0
404 0 0 2 0
408 0 0 2 0
409 0 0 1 0
409 0 0 2 0
411 0 0 2 0
413 0 0 2 0
414 0 0 2 0
415 0 0 2 0
416 0 0 2 0
417 0 0 2 0
424 0 0 2 0
431 0 0 2 0
432 0 0 2 0
433 0 0 1 0
434 0 0 1 0
437 0 0 2 0
438 0 0 2 0
440 0 0 2 0
441 0 0 2 0
442 0 0 2 0
443 0 0 2 0
444 0 0 2 0
446 0 0 2 0
447 0 0 2 0
448 0 0 2 0
450 0 0 1 0
452 0 0 2 0
455 0 0 1 0
456 0 0 2 0
458 0 0 2 0
460 0 0 2 0
460 0 0 2 0
461 0 0 2 0
463 0 0 2 0
465 0 0 2 0
468 0 0 1 0
472 0 0 2 0
473 0 0 2 0
474 0 0 1 0
477 0 0 2 0
478 0 0 1 0
479 0 0 1 0
481 0 0 2 0
481 0 0 2 0
483 0 0 1 0
486 0 0 1 0
488 0 0 2 0
489 0 0 2 0
491 0 0 2 0
491 0 0 2 0
493 0 0 2 0
495 0 0 1 0
496 0 0 2 0
496 0 0 2 0
498 0 0 1 0
499 1 0 2 0
500 0 0 1 0
501 0 0 1 0
502 0 0 2 0
503 0 0 1 0
506 0 0 2 0
508 0 0 2 0
514 0 0 2 0
515 0 0 1 0
516 0 0 2 0
516 0 0 2 0
518 0 0 3 0
519 0 0 2 0
520 0 0 1 0
521 0 0 2 0
523 0 0 1 0
524 0 0 1 0
526 0 0 2 0
528 0 0 2 0
529 0 0 2 0
532 0 0 2 0
533 0 0 1 0
537 0 0 2 0
538 0 0 2 0
540 0 0 2 0
540 0 0 2 0
543 0 0 2 0
545 0 0 2 0
546 0 0 2 0
547 0 0 1 0
548 0 0 1 0
551 0 0 2 0
552 0 0 2 0
553 0 0 2 0
554 0 0 2 0
555 0 0 2 0
557 0 0 2 0
558 0 0 2 0
560 0 0 1 0
561 0 0 2 0
563 0 0 2 0
564 0 0 2 0
565 0 0 2 0
567 0 0 1 0
572 0 0 1 0
575 0 0 1 0
576 0 0 2 0
578 0 0 2 0
579 0 0 2 0
580 0 0 1 0
583 0 0 1 0
585 0 0 1 0
587 0 0 1 0
590 0 0 2 0
593 0 0 2 0
596 0 0 2 0
597 0 0 1 0
599 0 0 2 0
600 0 0 2 0
601 0 0 2 0
602 0 0 2 0
605 0 0 1 0
605 1 0 2 0
606 0 0 2 0
610 0 0 1 0
612 0 0 1 0
613 1 0 2 0
615 0 0 1 0
617 0 0 2 0
619 0 0 2 0
621 0 0 2 0
622 0 0 2 0
623 0 0 1 0
624 0 0 2 0
625 0 0 2 0
628 0 0 2 0
629 0 0 2 0
630 0 0 2 0
634 0 0 2 0
635 0 0 2 0
637 0 0 1 0
639 0 0 2 0
642 0 0 1 0
643 0 0 2 0
647 0 0 2 0
648 0 0 1 0
649 0 0 2 0
650 0 0 2 0
651 0 0 2 0
653 0 0 2 0
655 0 0 1 0
656 0 0 1 0
658 0 0 2 0
658 0 0 2 0
659 0 0 2 0
660 0 0 2 0
662 0 0 2 0
666 0 0 2 0
668 0 0 2 0
669 0 0 1 0
672 0 0 2 0
673 0 0 2 0
675 0 0 2 0
676 0 0 2 0
679 0 0 2 0
680 0 0 2 0
683 0 0 2 0
685 0 0 1 0
686 0 0 1 0
688 0 0 1 0
690 0 0 1 0
691 0 0 1 0
693 0 0 2 0
694 0 0 1 0
695 0 0 2 0
696 0 0 2 0
699 0 0 2 0
700 0 0 2 0
703 0 0 2 0
704 0 0 1 0
705 0 0 1 0
706 0 0 1 0
707 0 0 2 0
708 0 0 2 0
710 0 0 2 0
712 0 0 1 0
713 0 0 2 0
718 0 0 2 0
719 0 0 2 0
720 0 0 1 0
720 0 0 2 0
721 0 0 1 0
722 0 0 2 0
724 0 0 2 0
726 0 0 2 0
727 0 0 2 0
729 0 0 2 0
732 0 0 1 0
733 0 0 1 0
735 0 0 2 0
736 0 0 2 0
738 0 0 2 0
739 0 0 1 0
742 0 0 2 0
744 0 0 1 0
745 0 0 2 0
748 0 0 1 0
749 0 0 2 0
751 0 0 2 0
752 0 0 1 0
754 0 0 2 0
756 0 0 3 0
757 0 0 2 0
758 0 0 2 0
761 0 0 1 0
762 0 0 2 0
764 0 0 2 0
765 0 0 2 0
769 0 0 1 0
771 0 0 2 0
774 0 0 1 0
778 0 0 2 0
781 0 0 1 0
782 0 0 2 0
783 0 0 2 0
783 0 0 2 0
785 0 0 2 0
786 0 0 2 0
787 0 0 1 0
789 0 0 1 0
790 0 0 2 0
792 0 0 1 0
793 0 0 1 0
794 0 0 2 0
796 0 0 1 0
798 0 0 2 0
799 0 0 1 0
800 0 0 1 0
801 0 0 1 0
804 0 0 1 0
807 0 0 2 0
808 0 0 2 0
809 0 0 2 0
810 0 0 2 0
811 0 0 2 0
812 0 0 2 0
814 0 0 2 0
815 0 0 2 0
816 0 0 1 0
817 0 0 2 0
818 0 0 2 0
819 0 0 1 0
820 0 0 1 0
821 0 0 2 0
825 0 0 2 0
827 0 0 2 0
828 0 0 2 0
829 0 0 2 0
832 1 0 2 0
833 0 0 1 0
835 0 0 2 0
837 0 0 2 0
838 0 0 2 0
840 0 0 1 0
842 0 0 1 0
843 0 0 1 0
844 0 0 2 0
846 0 0 1 0
848 0 0 1 0
849 0 0 2 0
850 0 0 2 0
852 0 0 1 0
858 0 0 2 0
859 0 0 2 0
860 0 0 2 0
862 0 0 1 0
863 0 0 2 0
865 0 0 1 0
865 0 0 2 0
866 0 0 2 0
868 1 0 2 0
869 0 0 2 0
870 0 0 2 0
872 0 0 1 0
873 0 0 2 0
875 0 0 2 0
876 0 0 2 0
879 0 0 1 0
880 1 0 3 0
882 0 0 2 0
885 0 0 2 0
887 0 0 2 0
889 0 0 1 0
890 0 0 2 0
892 0 0 2 0
894 0 0 2 0
897 0 0 2 0
898 0 0 2 0
899 0 0 2 0
903 0 0 2 0
904 0 0 1 0
909 0 0 2 0
910 0 0 2 0
912 0 0 2 0
913 0 0 2 0
915 0 0 1 0
918 0 0 2 0
919 0 0 2 0
920 0 0 2 0
922 0 0 2 0
923 0 0 2 0
924 0 0 2 0
930 0 0 2 0
932 0 0 1 0
934 0 0 2 0
935 0 0 1 0
936 0 0 2 0
937 0 0 2 0
938 0 0 2 0
939 0 0 1 0
941 0 0 2 0
944 0 0 2 0
945 0 0 2 0
946 0 0 2 0
947 0 0 1 0
949 0 0 2 0
951 0 0 2 0
953 0 0 2 0
955 0 0 2 0
957 0 0 2 0
961 0 0 2 0
962 0 0 1 0
962 0 0 2 0
967 0 0 2 0
969 0 0 2 0
972 0 0 1 0
974 0 0 2 0
974 0 0 2 0
975 0 0 1 0
977 0 0 2 0
978 0 0 1 0
979 0 0 2 0
979 0 0 2 0
981 0 0 2 0
982 0 0 1 0
983 0 0 2 0
985 0 0 2 0
986 0 0 2 0
990 0 0 1 0
992 0 0 2 0
992 0 0 2 0
995 0 0 2 0
996 0 0 1 0
998 0 0 2 0
998 0 0 2 0
999 0 0 2 0
1002 0 0 0 2 0
1003 0 0 0 2 0
1006 0 0 0 2 0
1006 0 0 0 2 0
1009 0 0 0 2 0
1013 0 0 0 2 0
1016 0 0 0 2 0
1019 0 0 0 2 0
1020 0 0 0 1 0
1021 0 0 0 2 0
1022 0 0 0 1 0
1023 0 0 0 2 0
1025 0 0 0 1 0
1026 0 0 0 2 0
1028 0 0 0 2 0
1029 0 0 0 2 0
1033 0 0 0 2 0
1035 0 0 0 2 0
1039 0 0 0 1 0
1040 0 0 0 2 0
1041 0 0 0 1 0
1042 0 0 0 1 0
1043 0 0 0 1 0
1045 0 0 0 1 0
1047 0 0 0 2 0
1048 0 0 0 1 0
1051 0 0 0 2 0
1053 0 0 0 2 0
1055 0 0 0 2 0
1056 0 0 0 2 0
1057 0 0 0 2 0
1059 0 0 0 2 0
1060 0 0 0 1 0
1061 0 0 0 2 0
1062 0 0 0 2 0
1063 0 0 0 2 0
1064 0 0 0 1 0
1065 0 0 0 1 0
1068 0 0 0 1 0
1069 0 0 0 2 0
1072 0 0 0 3 0
1074 0 0 0 1 0
1076 0 0 0 1 0
1077 0 0 0 1 0
1078 0 0 0 2 0
1079 0 0 0 1 0
1080 0 0 0 2 0
1085 0 0 0 2 0
1088 0 0 0 1 0
1090 0 0 0 1 0
1093 0 0 0 2 0
1094 0 0 0 2 0
1095 0 0 0 2 0
1096 0 0 0 2 0
1097 0 0 0 2 0
1099 0 0 0 2 0
1100 0 0 0 2 0
1101 0 0 0 1 0
1102 0 0 0 2 0
1103 0 0 0 1 0
1104 0 0 0 1 0
1105 0 0 0 1 0
1108 0 0 0 2 0
1110 0 0 0 2 0
1111 0 0 0 2 0
1113 0 0 0 2 0
1114 0 0 0 2 0
1115 0 0 0 2 0
1117 0 0 0 1 0
1118 0 0 0 2 0
1118 0 0 0 2 0
1119 0 0 0 2 0
1120 0 0 0 1 0
1121 0 0 0 2 0
1123 0 0 0 1 0
1126 0 0 0 2 0
1127 0 0 0 1 0
1128 0 0 0 2 0
1131 0 0 0 1 0
1132 0 0 0 2 0
1135 0 0 0 2 0
1137 0 0 0 1 0
1138 0 0 0 2 0
1140 0 0 0 1 0
1141 0 0 0 2 0
1146 0 0 0 2 0
1146 0 0 0 2 0
1147 0 0 0 1 0
1150 0 0 0 1 0
1155 0 0 0 2 0
1156 0 0 0 2 0
1156 0 0 0 2 0
1157 0 0 0 2 0
1159 0 0 0 1 0
1162 0 0 0 1 0
1163 0 0 0 2 0
1167 0 0 0 3 0
1168 0 0 0 2 0
1172 0 0 0 1 0
1173 0 0 0 2 0
1176 0 0 0 1 0
1178 0 0 0 1 0
1179 0 0 0 2 0
1180 0 0 0 2 0
1183 0 0 0 2 0
1187 0 0 0 2 0
1189 0 0 0 1 0
1190 0 0 0 2 0
1191 0 0 0 2 0
1193 0 0 0 2 0
1194 0 0 0 1 0
1196 0 0 0 1 0
1196 0 0 0 2 0
1198 0 0 0 1 0
1199 0 0 0 2 0
1200 0 0 0 2 0
1201 0 0 0 1 0
1203 0 0 0 1 0
1204 0 0 0 1 0
1205 0 0 0 1 0
1209 0 0 0 2 0
1213 0 0 0 2 0
1214 0 0 0 1 0
1215 0 0 0 1 0
1216 0 0 0 1 0
1218 0 0 0 2 0
1219 0 0 0 2 0
1220 0 0 0 2 0
1222 0 0 0 1 0
1223 0 0 0 1 0
1223 0 0 0 1 0
1224 0 0 0 1 0
1226 0 0 0 1 0
1227 0 0 0 1 0
1228 0 0 0 2 0
1232 0 0 0 1 0
1233 0 0 0 2 0
1234 0 0 0 2 0
1235 0 0 0 2 0
1237 0 0 0 2 0
1238 0 0 0 2 0
1239 0 0 0 2 0
1240 0 0 0 2 0
1241 0 0 0 1 0
1244 0 0 0 2 0
1245 0 0 0 2 0
1246 0 0 0 2 0
1247 0 0 0 2 0
1249 0 0 0 2 0
1250 0 0 0 1 0
1251 0 0 0 2 0
1252 0 0 0 2 0
1253 0 0 0 2 0
1255 0 0 0 1 0
1256 0 0 0 1 0
1260 0 0 0 2 0
1261 0 0 0 2 0
1263 0 0 0 2 0
1264 0 0 0 2 0
1265 0 0 0 2 0
1269 0 0 0 2 0
1271 0 0 0 2 0
1274 0 0 0 1 0
1277 0 0 0 2 0
1278 0 0 0 2 0
1281 0 0 0 2 0
1282 0 0 0 2 0
1283 0 0 0 2 0
1285 0 0 0 2 0
1286 0 0 0 2 0
1287 0 0 0 1 0
1289 0 0 0 1 0
1292 0 0 0 2 0
1293 0 0 0 1 0
1294 0 0 0 2 0
1295 0 0 0 2 0
1299 0 0 0 2 0
1300 0 0 0 2 0
1301 0 0 0 1 0
1301 0 0 0 2 0
1302 0 0 0 1 0
1305 0 0 0 2 0
1306 0 0 0 2 0
1310 0 0 0 2 0
1311 0 0 0 2 0
1312 0 0 0 2 0
1314 0 0 0 1 0
1317 0 0 0 2 0
1319 0 0 0 1 0
1320 0 0 0 2 0
1321 0 0 0 2 0
1322 0 0 0 1 0
1323 0 0 0 2 0
1324 0 0 0 2 0
1325 0 0 0 2 0
1327 0 0 0 3 0
1328 0 0 0 1 0
1332 0 0 0 1 0
1334 0 0 0 2 0
1335 0 0 0 2 0
1336 0 0 0 2 0
1337 0 0 0 1 0
1339 0 0 0 1 0
1342 0 0 0 2 0
1343 0 0 0 1 0
1346 0 0 0 2 0
1349 0 0 0 2 0
1350 0 0 0 2 0
1353 0 0 0 2 0
1354 0 0 0 1 0
1356 0 0 0 2 0
1359 0 0 0 1 0
1359 0 0 0 2 0
1360 0 0 0 2 0
1361 0 0 0 2 0
1363 0 0 0 2 0
1364 0 0 0 1 0
1365 0 0 0 2 0
1366 0 0 0 2 0
1367 0 0 0 1 0
1368 0 0 0 2 0
1369 0 0 0 2 0
1370 0 0 0 2 0
1372 0 0 0 2 0
1373 0 0 0 1 0
1374 0 0 0 2 0
1377 0 0 0 2 0
1378 0 0 0 1 0
1382 0 0 0 2 0
1383 0 0 0 2 0
1385 0 0 0 1 0
1386 0 0 0 2 0
1387 0 0 0 2 0
1391 0 0 0 1 0
1393 0 0 0 1 0
1393 0 0 0 2 0
1394 0 0 0 2 0
1397 0 0 0 1 0
1398 0 0 0 2 0
1399 0 0 0 2 0
1400 0 0 0 2 0
1402 0 0 0 2 0
1403 0 0 0 2 0
1404 0 0 0 2 0
1406 0 0 0 2 0
1407 0 0 0 2 0
1410 0 0 0 2 0
1411 0 0 0 1 0
1414 0 0 0 1 0
1415 0 0 0 1 0
1416 0 0 0 2 0
1418 0 0 0 2 0
1419 0 0 0 2 0
1421 0 0 0 2 0
1424 0 0 0 2 0
1425 0 0 0 1 0
1430 0 0 0 2 0
1431 0 0 0 1 0
1432 0 0 0 2 0
1433 0 0 0 2 0
1434 0 0 0 2 0
1436 0 0 0 1 0
1441 0 1 0 2 0
1446 0 0 0 1 0
1446 0 0 0 2 0
1447 0 0 0 2 0
1448 0 0 0 1 0
1449 0 0 0 2 0
1453 0 0 0 2 0
1455 0 0 0 2 0
1457 0 0 0 2 0
1460 0 0 0 2 0
1460 0 0 0 2 0
1462 0 0 0 2 0
1463 0 0 0 1 0
1466 0 0 0 1 0
1468 0 0 0 1 0
1469 0 0 0 1 0
1470 0 0 0 2 0
1471 0 0 0 2 0
1472 0 0 0 2 0
1474 0 0 0 2 0
1476 0 0 0 1 0
1477 0 0 0 1 0
1478 0 0 0 2 0
1479 0 0 0 1 0
1479 0 0 0 1 0
1480 0 0 0 2 0
1484 0 0 0 1 0
1485 0 0 0 2 0
1486 0 0 0 2 0
1487 0 0 0 3 0
1494 0 0 0 2 0
1495 0 0 0 1 0
1499 0 0 0 2 0
1500 0 0 0 1 0
1501 0 0 0 2 0
1502 0 0 0 1 0
1505 0 0 0 2 0
1506 0 0 0 1 0
1507 0 0 0 2 0
1508 0 0 0 2 0
1514 0 0 0 3 0
1515 0 0 0 1 0
1517 0 0 0 1 0
1518 0 0 0 2 0
1519 0 0 0 2 0
1521 0 0 0 1 0
1522 0 0 0 2 0
1523 0 0 0 2 0
1524 0 0 0 1 0
1528 0 0 0 1 0
1529 0 0 0 1 0
1530 0 0 0 2 0
1535 0 0 0 2 0
1537 0 0 0 1 0
1537 0 0 0 2 0
1538 0 0 0 2 0
1538 0 0 0 2 0
1540 0 0 0 2 0
1542 0 0 0 2 0
1543 0 0 0 2 0
1543 0 0 0 2 0
1544 0 0 0 2 0
1546 0 0 0 2 0
1547 0 0 0 1 0
1551 0 0 0 1 0
1555 0 0 0 2 0
1556 0 0 0 2 0
1558 0 0 0 1 0
1558 0 0 0 2 0
1559 0 0 0 2 0
1561 0 0 0 2 0
1562 0 0 0 2 0
1563 0 0 0 2 0
1565 0 0 0 2 0
1567 0 0 0 2 0
1568 0 0 0 1 0
1569 0 0 0 1 0
1571 0 0 0 2 0
1573 0 0 0 1 0
1576 0 0 0 2 0
1580 0 0 0 2 0
1582 0 0 0 1 0
1584 0 0 0 2 0
1585 0 0 0 2 0
1586 0 0 0 2 0
1587 0 0 0 2 0
1590 0 0 0 1 0
1591 0 0 0 1 0
1592 0 0 0 2 0
1596 0 0 0 1 0
1600 0 0 0 1 0
1601 0 0 0 2 0
1602 0 0 0 2 0
1603 0 0 0 1 0
1604 0 0 0 1 0
1605 0 0 0 2 0
1606 0 0 0 2 0
1608 0 0 0 1 0
1610 0 0 0 1 0
1612 0 0 0 1 0
1613 0 0 0 1 0
1614 0 0 0 2 0
1615 0 0 0 2 0
1619 0 0 0 2 0
1620 0 0 0 2 0
1621 0 0 0 2 0
1624 0 0 0 1 0
1625 0 0 0 1 0
1626 0 0 0 1 0
1628 0 0 0 2 0
1629 0 0 0 2 0
1630 0 0 0 2 0
1636 0 0 0 2 0
1638 0 0 0 2 0
1640 0 0 0 2 0
1642 0 0 0 2 0
1644 0 0 0 2 0
1644 0 0 0 2 0
1645 0 0 0 1 0
1647 0 0 0 1 0
1649 0 0 0 1 0
1650 0 0 0 1 0
1651 0 0 0 2 0
1653 0 0 0 2 0
1654 0 0 0 2 0
1655 0 0 0 2 0
1656 0 0 0 2 0
1658 0 0 0 2 0
1659 0 0 0 1 0
1661 0 0 0 2 0
1662 0 0 0 1 0
1664 0 0 0 2 0
1666 0 0 0 2 0
1667 0 0 0 2 0
1669 0 0 0 2 0
1671 0 0 0 2 0
1672 0 0 0 1 0
1673 0 0 0 2 0
1674 0 0 0 2 0
1675 0 0 0 2 0
1676 0 0 0 1 0
1677 0 0 0 2 0
1681 0 0 0 1 0
1683 0 0 0 1 0
1685 0 0 0 2 0
1686 0 0 0 1 0
1687 0 0 0 2 0
1689 0 0 0 2 0
1690 0 0 0 1 0
1691 0 0 0 2 0
1692 0 0 0 2 0
1695 0 0 0 1 0
1697 0 0 0 1 0
1699 0 0 0 1 0
1700 0 0 0 2 0
1701 0 0 0 1 0
1702 0 0 0 2 0
1703 0 0 0 2 0
1706 0 0 0 3 0
1708 0 0 0 1 0
1709 0 0 0 1 0
1710 0 0 0 2 0
1712 0 0 0 2 0
1715 0 0 0 2 0
1717 0 0 0 2 0
1718 0 0 0 2 0
1721 0 0 0 2 0
1722 0 1 0 2 0
1726 0 0 0 2 0
1727 0 0 0 2 0
1728 0 0 0 2 0
1729 0 0 0 2 0
1730 0 0 0 1 0
1731 0 0 0 2 0
1732 0 0 0 1 0
1733 0 0 0 1 0
1734 0 0 0 2 0
1735 0 0 0 2 0
1737 0 0 0 1 0
1738 0 0 0 2 0
1741 0 0 0 2 0
1742 0 0 0 1 0
1743 0 0 0 3 0
1744 0 0 0 2 0
1746 0 0 0 1 0
1747 0 0 0 2 0
1749 0 0 0 1 0
1752 0 0 0 2 0
1753 0 0 0 2 0
1754 0 0 0 2 0
1756 0 0 0 1 0
1758 0 0 0 2 0
1759 0 0 0 2 0
1761 0 0 0 2 0
1762 0 0 0 2 0
1763 0 0 0 2 0
1764 0 0 0 2 0
1765 0 0 0 2 0
1768 0 0 0 2 0
1772 0 0 0 2 0
1775 0 1 0 2 0
1776 0 0 0 2 0
1781 0 1 0 2 0
1782 0 0 0 1 0
1786 0 0 0 1 0
1787 0 0 0 2 0
1789 0 0 0 1 0
1791 0 0 0 2 0
1792 0 0 0 2 0
1794 0 0 0 2 0
1798 0 0 0 2 0
1799 0 0 0 2 0
1800 0 0 0 1 0
1801 0 0 0 2 0
1802 0 0 0 2 0
1803 0 0 0 2 0
1807 0 0 0 1 0
1812 0 0 0 2 0
1813 0 0 0 1 0
1814 0 0 0 2 0
1815 0 0 0 3 0
1819 0 0 0 2 0
1822 0 0 0 2 0
1823 0 0 0 1 0
1824 0 0 0 2 0
1825 0 0 0 2 0
1828 0 0 0 2 0
1829 0 0 0 2 0
1831 0 0 0 2 0
1832 0 0 0 2 0
1835 0 0 0 1 0
1838 0 0 0 3 0
1838 0 0 0 2 0
1841 0 0 0 2 0
1842 0 0 0 2 0
1843 0 0 0 2 0
1846 0 0 0 2 0
1848 0 0 0 1 0
1849 0 0 0 2 0
1851 0 0 0 2 0
1853 0 0 0 1 0
1856 0 0 0 2 0
1857 0 0 0 2 0
1862 0 0 0 2 0
1864 0 0 0 2 0
1865 0 0 0 2 0
1868 0 0 0 2 0
1868 0 0 0 2 0
1870 0 0 0 2 0
1871 0 0 0 2 0
1872 0 0 0 1 0
1874 0 0 0 1 0
1877 0 0 0 1 0
1878 0 0 0 2 0
1881 0 0 0 2 0
1882 0 0 0 1 0
1882 0 0 0 2 0
1883 0 0 0 1 0
1884 0 0 0 1 0
1885 0 0 0 1 0
1887 0 1 0 2 0
1888 0 0 0 2 0
1891 0 0 0 2 0
1893 0 0 0 2 0
1896 0 0 0 2 0
1897 0 0 0 1 0
1898 0 0 0 1 0
1900 0 0 0 2 0
1901 0 0 0 2 0
1903 0 0 0 2 0
1904 0 0 0 1 0
1906 0 0 0 2 0
1910 0 0 0 2 0
1911 0 0 0 2 0
1912 0 0 0 1 0
1913 0 0 0 1 0
1915 0 0 0 1 0
1917 0 0 0 2 0
1917 0 0 0 2 0
1918 0 0 0 1 0
1919 0 0 0 2 0
1924 0 0 0 2 0
1925 0 0 0 2 0
1925 0 0 0 2 0
1926 0 0 0 1 0
1928 0 0 0 2 0
1929 0 0 0 2 0
1930 0 0 0 1 0
1931 0 0 0 2 0
1934 0 0 0 1 0
1939 0 0 0 2 0
1940 0 0 0 1 0
1942 0 0 0 2 0
1943 0 0 0 2 0
1944 0 0 0 3 0
1947 0 0 0 1 0
1949 0 0 0 1 0
1950 0 0 0 2 0
1952 0 0 0 1 0
1953 0 0 0 2 0
1954 0 0 0 2 0
1955 0 0 0 1 0
1955 0 0 0 2 0
1956 0 0 0 2 0
1959 0 0 0 1 0
1960 0 0 0 2 0
1963 0 0 0 1 0
1966 0 0 0 2 0
1969 0 0 0 1 0
1970 0 0 0 2 0
1972 0 0 0 2 0
1975 0 0 0 1 0
1975 0 0 0 2 0
1976 0 0 0 2 0
1977 0 0 0 1 0
1978 0 0 0 1 0
1979 0 0 0 1 0
1981 0 0 0 2 0
1982 0 0 0 2 0
1983 0 0 0 2 0
1985 0 0 0 2 0
1986 0 0 0 2 0
1988 0 0 0 2 0
1991 0 0 0 1 0
1993 0 0 0 2 0
1997 0 0 0 2 0
1998 0 0 0 2 0
2001 0 0 0 1 0
2002 0 0 0 3 0
2002 0 0 0 2 0
2004 0 0 0 1 0
2006 0 0 0 1 0
2007 0 0 0 1 0
2008 0 0 0 2 0
2010 0 0 0 2 0
2011 0 0 0 2 0
2012 0 0 0 1 0
2015 0 0 0 2 0
2017 0 0 0 1 0
2018 0 0 0 2 0
2019 0 0 0 2 0
2022 0 0 0 2 0
2023 0 0 0 2 0
2024 0 0 0 1 0
2025 0 0 0 2 0
2027 0 0 0 2 0
2028 0 0 0 1 0
2030 0 0 0 2 0
2031 0 0 0 2 0
2035 0 0 0 2 0
2041 0 0 0 2 0
2041 0 0 0 2 0
2042 0 0 0 2 0
2043 0 0 0 1 0
2044 0 1 0 3 0
2046 0 0 0 1 0
2047 0 0 0 2 0
2050 0 0 0 2 0
2051 0 0 0 1 0
2052 0 0 0 2 0
2054 0 0 0 2 0
2056 0 0 0 1 0
2057 0 0 0 1 0
2059 0 0 0 1 0
2060 0 0 0 2 0
2061 0 0 0 2 0
2063 0 0 0 2 0
2065 0 0 0 1 0
2067 0 0 0 2 0
2068 0 0 0 2 0
2069 0 0 0 1 0
2071 0 0 0 2 0
2073 0 0 0 2 0
2075 0 0 0 2 0
2078 0 0 0 1 0
2080 0 0 0 2 0
2082 0 0 0 2 0
2085 0 0 0 2 0
2085 0 0 0 2 0
2086 0 0 0 1 0
2087 0 0 0 2 0
2089 0 0 0 2 0
2090 0 0 0 1 0
2091 0 0 0 2 0
2093 0 0 0 2 0
2095 0 0 0 2 0
2096 0 0 0 1 0
2098 0 0 0 1 0
2099 0 0 0 1 0
2102 0 0 0 2 0
2104 0 0 0 2 0
2105 0 0 0 1 0
2106 0 0 0 2 0
2107 0 0 0 1 0
2110 0 0 0 2 0
2113 0 0 0 2 0
2115 0 0 0 2 0
2117 0 0 0 2 0
2118 0 0 0 2 0
2119 0 0 0 2 0
2120 0 0 0 1 0
2125 0 0 0 2 0
2125 0 0 0 2 0
2130 0 0 0 2 0
2131 0 0 0 1 0
2133 0 0 0 2 0
2134 0 0 0 2 0
2135 0 0 0 2 0
2138 0 0 0 2 0
2140 0 0 0 2 0
2141 0 0 0 1 0
2142 0 0 0 2 0
2145 0 0 0 1 0
2146 0 0 0 2 0
2147 0 0 0 2 0
2148 0 0 0 1 0
2149 0 0 0 2 0
2150 0 0 0 1 0
2151 0 0 0 2 0
2152 0 0 0 1 0
2154 0 0 0 2 0
2156 0 0 0 2 0
2157 0 0 0 2 0
2158 0 0 0 2 0
2159 0 0 0 1 0
2160 0 0 0 1 0
2162 0 0 0 2 0
2164 0 0 0 1 0
2165 0 0 0 1 0
2166 0 0 0 2 0
2171 0 0 0 1 0
2172 0 0 0 2 0
2175 0 0 0 1 0
2176 0 0 0 2 0
2178 0 0 0 2 0
2180 0 0 0 1 0
2181 0 0 0 1 0
2181 0 0 0 2 0
2183 0 0 0 1 0
2188 0 0 0 1 0
2189 0 0 0 1 0
2190 0 0 0 1 0
2192 0 0 0 2 0
2193 0 0 0 2 0
2196 0 0 0 2 0
2198 0 0 0 2 0
2199 0 0 0 2 0
2200 0 0 0 1 0
2201 0 0 0 2 0
2203 0 0 0 2 0
2204 0 0 0 2 0
2206 0 0 0 2 0
2206 0 0 0 2 0
2208 0 0 0 2 0
2209 0 0 0 1 0
2210 0 0 0 1 0
2212 0 0 0 2 0
2212 0 0 0 2 0
2214 0 0 0 2 0
2215 0 0 0 1 0
2216 0 0 0 1 0
2217 0 0 0 2 0
2219 0 0 0 2 0
2220 0 0 0 1 0
2221 0 0 0 1 0
2223 0 0 0 1 0
2224 0 0 0 2 0
2225 0 0 0 1 0
2226 0 0 0 1 0
2228 0 0 0 2 0
2231 0 0 0 1 0
2234 0 0 0 2 0
2235 0 0 0 1 0
2236 0 0 0 2 0
2237 0 0 0 2 0
2239 0 0 0 2 0
2241 0 0 0 2 0
2245 0 0 0 1 0
2246 0 0 0 2 0
2247 0 0 0 1 0
2248 0 0 0 1 0
2249 0 0 0 2 0
2251 0 0 0 1 0
2252 0 0 0 1 0
2254 0 0 0 2 0
2255 0 0 0 1 0
2261 0 0 0 1 0
2262 0 0 0 1 0
2263 0 0 0 2 0
2264 0 0 0 1 0
2265 0 0 0 1 0
2266 0 0 0 2 0
2267 0 0 0 1 0
2268 0 0 0 2 0
2270 0 0 0 2 0
2272 0 0 0 2 0
2273 0 0 0 1 0
2273 0 0 0 2 0
2275 0 0 0 2 0
2278 0 0 0 1 0
2279 0 0 0 2 0
2282 0 0 0 2 0
2283 0 0 0 2 0
2284 0 0 0 2 0
2285 0 0 0 1 0
2288 0 0 0 2 0
2289 0 0 0 1 0
2293 0 0 0 2 0
2294 0 0 0 1 0
2297 0 0 0 2 0
2299 0 0 0 1 0
2300 0 0 0 2 0
2301 0 0 0 1 0
2303 0 0 0 2 0
2304 0 0 0 2 0
2305 0 0 0 2 0
2310 0 0 0 3 0
2311 0 0 0 2 0
2315 0 0 0 2 0
2316 0 0 0 2 0
2316 0 0 0 2 0
2317 0 0 0 1 0
2319 0 0 0 2 0
2321 0 0 0 2 0
2322 0 0 0 1 0
2324 0 0 0 2 0
2327 0 0 0 2 0
2328 0 0 0 2 0
2329 0 0 0 2 0
2330 0 0 0 2 0
2333 0 0 0 1 0
2334 0 0 0 2 0
2335 0 0 0 2 0
2336 0 0 0 1 0
2338 0 0 0 2 0
2340 0 0 0 2 0
2341 0 0 0 2 0
2342 0 0 0 1 0
2345 0 0 0 2 0
2349 0 0 0 1 0
2350 0 0 0 2 0
2351 0 0 0 2 0
2353 0 0 0 1 0
2354 0 0 0 1 0
2356 0 0 0 2 0
2357 0 0 0 1 0
2358 0 0 0 2 0
2359 0 0 0 2 0
2360 0 0 0 2 0
2363 0 0 0 2 0
2369 0 0 0 2 0
2370 0 0 0 1 0
2371 0 0 0 1 0
2372 0 0 0 2 0
2373 0 0 0 2 0
2374 0 0 0 1 0
2376 0 0 0 1 0
2377 0 0 0 2 0
2379 0 0 0 1 0
2380 0 0 0 2 0
2383 0 0 0 2 0
2384 0 0 0 2 0
2386 0 0 0 2 0
2387 0 0 0 2 0
2388 0 0 0 2 0
2389 0 0 0 1 0
2390 0 0 0 2 0
2391 0 0 0 1 0
2392 0 0 0 2 0
2393 0 0 0 2 0
2394 0 0 0 1 0
2396 0 0 0 1 0
2398 0 0 0 1 0
2399 0 0 0 2 0
2400 0 0 0 1 0
2401 0 0 0 2 0
2402 0 0 0 1 0
2405 0 0 0 2 0
2407 0 0 0 2 0
2408 0 0 0 2 0
2409 0 0 0 1 0
2411 0 0 0 2 0
2414 0 0 0 2 0
2416 0 0 0 2 0
2417 0 0 0 2 0
2418 0 0 0 2 0
2419 0 0 0 2 0
2422 0 0 0 2 0
2423 0 0 0 1 0
2425 0 0 0 2 0
2426 0 0 0 2 0
2427 0 0 0 2 0
2431 0 0 0 2 0
2433 0 0 0 1 0
2434 0 0 0 2 0
2436 0 0 0 1 0
2438 0 0 0 2 0
2439 0 0 0 2 0
2441 0 0 0 1 0
2442 0 0 0 1 0
2443 0 0 0 2 0
2444 0 0 0 1 0
2445 0 0 0 1 0
2447 0 0 0 2 0
2448 0 0 0 1 0
2452 0 0 0 2 0
2454 0 0 0 2 0
2457 0 0 0 1 0
2458 0 0 0 2 0
2459 0 0 0 1 0
2460 0 0 0 1 0
2460 0 0 0 2 0
2463 0 0 0 1 0
2465 0 0 0 2 0
2467 0 0 0 2 0
2468 0 0 0 2 0
2469 0 0 0 1 0
2471 0 0 0 1 0
2472 0 0 0 1 0
2473 0 0 0 2 0
2474 0 0 0 1 0
2476 0 0 0 2 0
2479 0 0 0 2 0
2483 0 0 0 2 0
2484 0 0 0 1 0
2485 0 0 0 2 0
2485 0 0 0 1 0
2486 0 0 0 2 0
2491 0 0 0 1 0
2492 0 0 0 2 0
2494 0 0 0 1 0
2496 0 0 0 2 0
2497 0 0 0 1 0
2498 0 0 0 1 0
2499 0 0 0 3 0
2500 0 0 0 2 0
2501 0 0 0 1 0
2504 0 1 0 2 0
2506 0 0 0 2 0
2507 0 0 0 2 0
2508 0 0 0 2 0
2511 0 0 0 2 0
2512 0 0 0 1 0
2513 0 0 0 2 0
2515 0 0 0 2 0
2515 0 0 0 2 0
2517 0 0 0 1 0
2519 0 0 0 1 0
2521 0 0 0 1 0
2522 0 0 0 2 0
2523 0 0 0 2 0
2528 0 0 0 2 0
2531 0 0 0 2 0
2532 0 0 0 2 0
2532 0 0 0 2 0
2533 0 0 0 2 0
2534 0 0 0 1 0
2537 0 0 0 2 0
2538 0 0 0 1 0
2539 0 0 0 1 0
2541 0 0 0 2 0
2542 0 0 0 2 0
2545 0 0 0 2 0
2548 0 0 0 1 0
2549 0 0 0 1 0
2552 0 0 0 1 0
2554 0 0 0 2 0
2555 0 0 0 1 0
2556 0 0 0 1 0
2557 0 0 0 2 0
2558 0 0 0 2 0
2559 0 0 0 2 0
2563 0 0 0 2 0
2564 0 0 0 2 0
2568 0 0 0 1 0
2568 0 0 0 2 0
2570 0 0 0 1 0
2572 0 0 0 1 0
2575 0 0 0 2 0
2576 0 0 0 1 0
2577 0 0 0 1 0
2578 0 0 0 2 0
2579 0 0 0 2 0
2580 0 0 0 1 0
2582 0 0 0 3 0
2584 0 0 0 2 0
2585 0 0 0 1 0
2586 0 0 0 1 0
2587 0 0 0 2 0
2589 0 0 0 2 0
2590 0 0 0 1 0
2592 0 0 0 2 0
2594 0 0 0 2 0
2598 0 0 0 2 0
2599 0 0 0 2 0
2600 0 0 0 1 0
2601 0 0 0 2 0
2602 0 0 0 2 0
2604 0 0 0 1 0
2606 0 0 0 2 0
2607 0 0 0 1 0
2610 0 0 0 2 0
2611 0 0 0 1 0
2612 0 0 0 1 0
2613 0 0 0 1 0
2615 0 0 0 1 0
2619 0 0 0 2 0
2620 0 0 0 1 0
2621 0 0 0 2 0
2621 0 0 0 2 0
2623 0 0 0 2 0
2624 0 0 0 1 0
2625 0 0 0 2 0
2627 0 0 0 1 0
2630 0 0 0 1 0
2631 0 0 0 2 0
2632 0 0 0 1 0
2633 0 0 0 1 0
2633 0 0 0 2 0
2636 0 0 0 2 0
2638 0 0 0 2 0
2639 0 0 0 1 0
2640 0 0 0 1 0
2641 0 0 0 2 0
2645 0 0 0 2 0
2647 0 0 0 2 0
2648 0 0 0 2 0
2650 0 0 0 2 0
2651 0 0 0 2 0
2657 0 0 0 2 0
2658 0 0 0 2 0
2661 0 0 0 2 0
2663 0 0 0 2 0
2666 0 0 0 2 0
2667 0 0 0 2 0
2668 0 0 0 1 0
2669 0 0 0 1 0
2672 0 0 0 2 0
2673 0 0 0 2 0
2674 0 0 0 2 0
2675 0 0 0 2 0
2676 0 0 0 2 0
2678 0 0 0 2 0
2679 0 0 0 2 0
2681 0 0 0 2 0
2682 0 0 0 2 0
2683 0 0 0 2 0
2684 0 0 0 2 0
2685 0 0 0 2 0
2686 0 0 0 1 0
2688 0 0 0 1 0
2691 0 0 0 1 0
2693 0 0 0 1 0
2695 0 0 0 2 0
2696 0 0 0 2 0
2698 0 0 0 2 0
2698 0 1 0 2 0
2699 0 0 0 1 0
2704 0 0 0 1 0
2705 0 0 0 1 0
2707 0 0 0 2 0
2709 0 0 0 2 0
2710 0 0 0 1 0
2713 0 0 0 1 0
2716 0 0 0 2 0
2718 0 0 0 2 0
2720 0 0 0 2 0
2728 0 0 0 2 0
2731 0 0 0 2 0
2732 0 0 0 2 0
2733 0 0 0 2 0
2735 0 0 0 1 0
2737 0 0 0 2 0
2739 0 0 0 1 0
2740 0 0 0 2 0
2742 0 0 0 2 0
2743 0 0 0 2 0
2745 0 0 0 2 0
2746 0 0 0 2 0
2751 0 0 0 2 0
2752 0 0 0 2 0
2753 0 0 0 2 0
2753 0 0 0 2 0
2754 0 0 0 1 0
2756 0 0 0 2 0
2756 0 0 0 2 0
2757 0 0 0 2 0
2758 0 0 0 1 0
2759 0 0 0 2 0
2760 0 0 0 2 0
2761 0 0 0 2 0
2763 0 0 0 2 0
2764 0 0 0 2 0
2765 0 0 0 2 0
2767 0 0 0 2 0
2769 0 0 0 1 0
2771 0 0 0 2 0
2773 0 0 0 1 0
2776 0 0 0 1 0
2778 0 0 0 1 0
2779 0 0 0 2 0
2780 0 0 0 2 0
2781 0 0 0 2 0
2782 0 0 0 1 0
2784 0 0 0 1 0
2785 0 0 0 1 0
2786 0 0 0 1 0
2788 0 0 0 2 0
2790 0 0 0 1 0
2792 0 0 0 2 0
2793 0 0 0 2 0
2795 0 1 0 2 0
2796 0 0 0 1 0
2798 0 0 0 2 0
2800 0 0 0 1 0
2802 0 0 0 1 0
2803 0 0 0 1 0
2804 0 0 0 1 0
2807 0 0 0 2 0
2808 0 0 0 2 0
2810 0 0 0 1 0
2811 0 0 0 1 0
2812 0 0 0 1 0
2814 0 0 0 2 0
2816 0 0 0 1 0
2817 0 0 0 2 0
2820 0 0 0 2 0
2821 0 0 0 2 0
2822 0 0 0 1 0
2822 0 0 0 2 0
2825 0 0 0 2 0
2828 0 0 0 2 0
2831 0 0 0 2 0
2832 0 0 0 1 0
2835 0 0 0 2 0
2837 0 0 0 2 0
2839 0 0 0 2 0
2840 0 0 0 1 0
2843 0 0 0 2 0
2845 0 0 0 2 0
2846 0 0 0 1 0
2847 0 0 0 1 0
2848 0 0 0 2 0
2849 0 0 0 2 0
2851 0 0 0 2 0
2854 0 0 0 2 0
2855 0 0 0 3 0
2857 0 0 0 2 0
2858 0 0 0 2 0
2859 0 0 0 1 0
2861 0 0 0 2 0
2863 0 0 0 2 0
2864 0 0 0 1 0
2865 0 0 0 1 0
2867 0 0 0 2 0
2869 0 0 0 2 0
2872 0 0 0 1 0
2875 0 0 0 1 0
2876 0 0 0 2 0
2878 0 0 0 1 0
2879 0 0 0 2 0
2880 0 1 0 2 0
2881 0 0 0 1 0
2883 0 0 0 2 0
2885 0 0 0 2 0
2886 0 0 0 2 0
2888 0 0 0 1 0
2888 0 0 0 2 0
2889 0 0 0 2 0
2890 0 0 0 2 0
2892 0 0 0 2 0
2893 0 0 0 2 0
2894 0 0 0 1 0
2895 0 0 0 2 0
2896 0 0 0 1 0
2899 0 0 0 2 0
2901 0 0 0 2 0
2903 0 0 0 2 0
2906 0 0 0 1 0
2908 0 0 0 2 0
2909 0 0 0 2 0
2911 0 0 0 2 0
2914 0 0 0 2 0
2915 0 0 0 2 0
2919 0 0 0 1 0
2920 0 0 0 2 0
2922 0 0 0 1 0
2923 0 0 0 2 0
2924 0 0 0 2 0
2926 0 0 0 2 0
2926 0 0 0 2 0
2928 0 0 0 1 0
2930 0 0 0 2 0
2932 0 0 0 2 0
2932 0 0 0 2 0
2935 0 0 0 2 0
2937 0 0 0 2 0
2939 0 0 0 2 0
2940 0 0 0 2 0
2941 0 0 0 1 0
2945 0 0 0 1 0
2946 0 0 0 1 0
2947 0 0 0 2 0
2950 0 0 0 1 0
2952 0 0 0 2 0
2954 0 0 0 1 0
2954 0 0 0 2 0
2956 0 0 0 2 0
2957 0 0 0 1 0
2959 0 0 0 1 0
2960 0 0 0 2 0
2961 0 0 0 3 0
2964 0 0 0 1 0
2966 0 0 0 2 0
2967 0 0 0 2 0
2968 0 0 0 2 0
2969 0 0 0 2 0
2970 0 0 0 2 0
2971 0 0 0 2 0
2972 0 0 0 2 0
2973 0 0 0 2 0
2974 0 0 0 1 0
2976 0 0 0 1 0
2979 0 0 0 1 0
2981 0 0 0 1 0
2983 0 0 0 2 0
2984 0 0 0 2 0
2986 0 0 0 2 0
2989 0 0 0 1 0
2992 0 0 0 2 0
2993 0 0 0 2 0
2996 0 0 0 2 0
2997 0 0 0 2 0
2999 0 0 0 1 0
2999 0 0 0 2 0
3000 0 0 0 2 0
3001 0 0 0 1 0
3002 0 0 0 2 0
3003 0 0 0 2 0
3004 0 0 0 2 0
3005 0 0 0 3 0
3007 0 0 0 1 0
3007 0 0 0 2 0
3008 0 0 0 1 0
3009 0 0 0 1 0
3012 0 0 0 1 0
3013 0 0 0 2 0
3015 0 0 0 2 0
3016 0 0 0 2 0
3016 0 0 0 2 0
3017 0 0 0 1 0
3018 0 0 0 2 0
3019 0 0 0 1 0
3023 0 0 0 1 0
3026 0 0 0 2 0
3027 0 0 0 2 0
3032 0 0 0 1 0
3035 0 0 0 2 0
3039 0 0 0 2 0
3041 0 0 0 2 0
3043 0 0 0 1 0
3047 0 0 0 2 0
3048 0 0 0 2 0
3049 0 0 0 2 0
3050 0 0 0 2 0
3051 0 0 0 2 0
3053 0 0 0 1 0
3054 0 0 0 1 0
3056 0 0 0 2 0
3057 0 0 0 1 0
3061 0 0 0 1 0
3062 0 0 0 2 0
3065 0 0 0 2 0
3067 0 0 0 2 0
3068 0 0 0 1 0
3069 0 0 0 1 0
3070 0 0 0 2 0
3071 0 0 0 2 0
3074 0 0 0 1 0
3076 0 0 0 2 0
3077 0 0 0 1 0
3077 0 0 0 2 0
3078 0 0 0 2 0
3079 0 0 0 1 0
3082 0 0 0 2 0
3084 0 0 0 2 0
3085 0 0 0 1 0
3087 0 0 0 1 0
3088 0 0 0 1 0
3092 0 0 0 2 0
3093 0 0 0 2 0
3097 0 0 0 2 0
3098 0 0 0 2 0
3098 0 0 0 1 0
3102 0 0 0 2 0
3103 0 0 0 2 0
3105 0 0 0 1 0
3106 0 0 0 2 0
3107 0 0 0 2 0
3108 0 0 0 1 0
3109 0 0 0 1 0
3111 0 0 0 2 0
3111 0 0 0 1 0
3112 0 0 0 2 0
3114 0 0 0 1 0
3118 0 0 0 2 0
3119 0 0 0 2 0
3120 0 0 0 2 0
3121 0 0 0 3 0
3122 0 0 0 1 0
3123 0 0 0 1 0
3124 0 0 0 2 0
3127 0 0 0 2 0
3128 0 0 0 2 0
3129 0 0 0 1 0
3131 0 0 0 2 0
3132 0 0 0 2 0
3134 0 0 0 2 0
3137 0 0 0 2 0
3139 0 0 0 1 0
3141 0 0 0 2 0
3143 0 0 0 2 0
3144 0 0 0 1 0
3146 0 0 0 2 0
3147 0 0 0 1 0
3148 0 0 0 2 0
3150 0 0 0 1 0
3151 0 0 0 1 0
3154 0 0 0 1 0
3155 0 0 0 2 0
3156 0 0 0 2 0
3157 0 0 0 1 0
3158 0 0 0 2 0
3161 0 0 0 1 0
3162 0 0 0 1 0
3163 0 0 0 2 0
3164 0 0 0 2 0
3165 0 0 0 1 0
3166 0 0 0 2 0
3168 0 0 0 1 0
3169 0 0 0 2 0
3170 0 0 0 2 0
3172 0 0 0 1 0
3173 0 0 0 2 0
3175 0 0 0 1 0
3176 0 0 0 1 0
3177 0 0 0 2 0
3180 0 0 0 1 0
3181 0 0 0 2 0
3183 0 0 0 1 0
3184 0 0 0 1 0
3185 0 0 0 1 0
3186 0 0 0 2 0
3188 0 0 0 2 0
3191 0 0 0 2 0
3193 0 0 0 2 0
3194 0 0 0 1 0
3195 0 0 0 2 0
3197 0 0 0 2 0
3198 0 0 0 1 0
3199 0 0 0 1 0
3200 0 0 0 2 0
3202 0 0 0 2 0
3204 0 0 0 2 0
3206 0 0 0 2 0
3211 0 0 0 2 0
3212 0 0 0 2 0
3215 0 0 0 2 0
3218 0 0 0 1 0
3221 0 0 0 2 0
3223 0 0 0 1 0
3225 0 0 0 2 0
3226 0 0 0 1 0
3227 0 0 0 2 0
3228 0 0 0 1 0
3229 0 0 0 1 0
3230 0 0 0 1 0
3233 0 0 0 2 0
3236 0 0 0 2 0
3238 0 0 0 3 0
3239 0 0 0 2 0
