0 0 2160 0 0
1 2160 0 1
2 2160 0 2
3 2160 0 3
4 2160 0 4
5 2160 0 5
6 2160 0 6
7 2160 0 7
8 2160 0 8
9 2160 0 9
10 2160 0 10
11 2160 0 11
12 2160 0 12
13 2160 0 13
14 2160 0 14
15 2160 0 15
16 2160 0 16
17 2160 0 17
18 2160 0 18
19 2160 0 19
20 2160 0 20
21 2160 0 21
22 2160 0 22
23 2160 0 23
24 2160 0 24
25 2160 0 25
26 2160 0 26
27 2160 0 27
28 2160 0 28
29 2160 0 29
30 2160 0 30
31 2160 0 31
32 2160 0 32
33 2160 0 33
34 2160 0 34
35 2160 0 35
36 2160 0 36
37 2160 0 37
38 2160 0 38
39 2160 0 39
40 2160 0 39
41 2160 0 40
42 2160 0 41
43 2160 0 42
44 2160 0 43
45 2160 0 44
46 2160 0 45
47 2160 0 46
48 2160 0 47
49 2160 0 48
50 2160 0 49
51 2160 0 50
52 2160 0 51
53 2160 0 52
54 2160 0 53
55 2160 0 54
56 2160 0 55
57 2160 0 56
58 2160 0 57
59 2160 0 58
60 2160 0 59
61 2160 0 60
62 2160 0 61
63 2160 0 62
64 2160 0 63
65 2160 0 64
66 2160 0 65
67 2160 0 66
68 0 2159 0 65
68 2375 0 65
69 2375 0 66
70 2375 0 67
71 2375 0 68
72 2375 0 69
73 2375 0 70
74 2375 0 71
75 2375 0 72
76 2375 0 73
77 2375 0 74
78 2375 0 73
79 2374 0 72
80 2374 0 73
81 2374 0 74
82 2374 0 75
83 2374 0 76
84 2374 0 77
85 2374 0 78
86 2374 0 79
87 2374 0 80
88 2374 0 79
89 2374 0 80
90 2374 0 81
91 2374 0 82
92 2374 0 83
93 2374 0 84
94 2374 0 85
95 2374 0 86
96 2374 0 87
97 2373 0 86
98 2373 0 87
99 2373 0 88
100 2373 0 89
101 2373 0 88
102 2373 0 89
103 2373 0 89
104 2373 0 90
105 2373 0 91
106 2373 0 92
107 2373 0 93
108 2373 0 94
109 2373 0 95
110 2373 0 96
111 2373 0 97
112 2373 0 98
113 2373 0 99
114 2373 0 100
115 2373 0 99
116 2373 0 98
117 2373 0 98
118 2373 0 97
119 2373 0 97
120 2373 0 98
121 2373 0 98
122 2373 0 99
123 2373 0 100
124 2373 0 97
125 2373 0 98
126 2373 0 99
127 2372 0 98
128 2372 0 99
129 2372 0 98
130 2372 0 97
131 2372 0 97
132 2372 0 98
133 2372 0 99
134 2371 0 97
135 2371 0 98
136 2371 0 99
137 2371 0 100
138 2370 0 99
139 2370 0 99
140 2370 0 98
141 2370 0 97
142 2370 0 96
143 2370 0 97
144 2370 0 96
145 2370 0 95
146 2370 0 96
147 2370 0 97
148 2370 0 98
149 2370 0 97
150 2369 0 95
151 2369 0 96
152 2369 0 96
153 2369 0 97
154 2369 0 98
155 2369 0 99
156 2369 0 100
157 2369 0 99
158 2369 0 98
159 2369 0 99
160 2369 0 98
161 2369 0 99
162 2369 0 100
163 2369 0 97
164 2369 0 98
165 2369 0 99
166 2369 0 100
167 2369 0 99
168 2369 0 98
169 2369 0 99
170 2369 0 98
171 2369 0 99
172 2368 0 98
173 2368 0 99
174 2368 0 100
175 2368 0 99
176 2368 0 96
177 2368 0 96
178 2368 0 97
179 2367 0 96
180 2367 0 97
181 2367 0 97
182 2367 0 98
183 2367 0 97
184 2367 0 98
185 2367 0 98
186 2367 0 98
187 2367 0 97
188 2367 0 98
189 2367 0 99
190 2367 0 98
191 2367 0 98
192 2367 0 99
193 2367 0 100
194 2366 0 99
195 2366 0 100
196 2366 0 100
197 2366 0 101
198 2366 0 102
199 2366 0 103
200 2366 0 104
201 2366 0 105
202 2365 0 104
203 2365 0 105
204 2365 0 105
205 2365 0 106
206 2364 0 103
207 2364 0 104
208 2364 0 103
209 2364 0 104
210 2364 0 105
211 2364 0 106
212 2364 0 106
213 2364 0 107
214 2364 0 108
215 2364 0 109
216 2364 0 109
217 2364 0 109
218 2364 0 107
219 2364 0 108
220 2364 0 108
221 2364 0 109
222 2364 0 108
223 2364 0 106
224 2364 0 106
225 2364 0 107
226 2364 0 108
227 2364 0 108
228 2364 0 107
229 2364 0 107
230 2364 0 108
231 2363 0 105
232 2363 0 105
233 2363 0 106
234 2363 0 107
235 2363 0 107
236 2363 0 107
237 2363 0 106
238 2363 0 107
239 2363 0 108
240 2363 0 107
241 2363 0 108
242 2363 0 107
243 2363 0 106
244 2363 0 107
245 2363 0 108
246 2363 0 107
247 2363 0 107
248 2363 0 106
249 2363 0 107
250 2363 0 104
251 2363 0 103
252 2363 0 103
253 2363 0 102
254 2363 0 101
255 2363 0 101
256 2363 0 102
257 2363 0 103
258 2363 0 103
259 2363 0 102
260 2363 0 101
261 2363 0 101
262 2363 0 100
263 2363 0 99
264 2363 0 100
265 2363 0 101
266 2363 0 100
267 2363 0 101
268 2363 0 102
269 2363 0 101
270 2363 0 100
271 2363 0 100
272 2362 0 99
273 2362 0 100
274 2362 0 101
275 2362 0 102
276 2362 0 101
277 2362 0 99
278 2362 0 100
279 2362 0 99
280 2362 0 98
281 2362 0 99
282 2362 0 98
283 2362 0 97
284 2362 0 97
285 2362 0 97
286 2362 0 97
287 2362 0 98
288 2362 0 99
289 2362 0 98
290 2362 0 97
291 2362 0 98
292 2362 0 98
293 2362 0 98
294 2362 0 99
295 2362 0 98
296 2362 0 99
297 2362 0 98
298 2362 0 98
299 2362 0 99
300 2362 0 98
301 2362 0 99
302 2362 0 100
303 2362 0 101
304 2362 0 101
305 2362 0 102
306 2362 0 103
307 2362 0 104
308 2362 0 104
309 2362 0 103
310 2362 0 102
311 2362 0 102
312 2362 0 103
313 2362 0 102
314 2362 0 103
315 2362 0 102
316 2361 0 99
317 2361 0 98
318 2361 0 97
319 2361 0 98
320 2361 0 99
321 2361 0 98
322 2361 0 97
323 2361 0 97
324 2361 0 98
325 2361 0 97
326 2361 0 98
327 2361 0 99
328 2361 0 98
329 2361 0 99
330 2361 0 100
331 2361 0 101
332 2361 0 100
333 2361 0 101
334 2361 0 100
335 2361 0 101
336 2361 0 100
337 2361 0 99
338 2361 0 98
339 2361 0 99
340 2361 0 98
341 2361 0 99
342 2361 0 99
343 2361 0 98
344 2361 0 99
345 2361 0 100
346 2361 0 99
347 2361 0 98
348 2361 0 99
349 2361 0 98
350 2361 0 99
351 2361 0 98
352 2360 0 97
353 2360 0 97
354 2360 0 96
355 2360 0 97
356 2360 0 96
357 2360 0 97
358 2360 0 98
359 2360 0 99
360 2360 0 100
361 2360 0 99
362 2360 0 100
363 2360 0 100
364 2360 0 101
365 2360 0 102
366 2360 0 103
367 2360 0 103
368 2360 0 104
369 2360 0 105
370 2360 0 106
371 2360 0 107
372 2360 0 108
373 2360 0 107
374 2360 0 108
375 2360 0 106
376 2360 0 105
377 2360 0 105
378 2360 0 106
379 2360 0 106
380 2360 0 105
381 2360 0 106
382 2360 0 107
383 2360 0 104
384 2360 0 104
385 2360 0 105
386 2360 0 104
387 2360 0 105
388 2360 0 105
389 2360 0 103
390 2360 0 104
391 2360 0 105
392 2360 0 106
393 2360 0 106
394 2360 0 107
395 2360 0 106
396 2360 0 107
397 2359 0 106
398 2359 0 107
399 2359 0 108
400 2359 0 105
401 2359 0 104
402 2359 0 105
403 2359 0 106
404 2359 0 105
405 2359 0 106
406 2359 0 107
407 2359 0 108
408 2359 0 107
409 2359 0 105
410 2359 0 106
411 2359 0 105
412 2359 0 106
413 2359 0 105
414 2359 0 104
415 2359 0 103
416 2359 0 102
417 2359 0 101
418 2359 0 102
419 2359 0 103
420 2359 0 104
421 2359 0 105
422 2359 0 106
423 2359 0 107
424 2359 0 106
425 2359 0 107
426 2359 0 108
427 2359 0 109
428 2359 0 110
429 2359 0 111
430 2359 0 112
431 2359 0 111
432 2359 0 110
433 2359 0 110
434 2359 0 110
435 2359 0 111
436 2359 0 112
437 2359 0 111
438 2359 0 110
439 2359 0 111
440 2359 0 110
441 2359 0 109
442 2359 0 108
443 2359 0 107
444 2359 0 106
445 2359 0 107
446 2359 0 106
447 2359 0 105
448 2359 0 104
449 2359 0 105
450 2359 0 105
451 2359 0 106
452 2359 0 105
453 2359 0 106
454 2359 0 107
455 2359 0 107
456 2359 0 106
457 2359 0 107
458 2359 0 106
459 2359 0 107
460 2359 0 104
461 2359 0 103
462 2359 0 104
463 2359 0 103
464 2359 0 104
465 2359 0 103
466 2359 0 104
467 2359 0 105
468 2359 0 105
469 2359 0 106
470 2359 0 107
471 2359 0 108
472 2359 0 107
473 2359 0 106
474 2359 0 106
475 2359 0 107
476 2359 0 108
477 2359 0 107
478 2359 0 107
479 2359 0 107
480 2359 0 108
481 2359 0 105
482 2359 0 106
483 2359 0 106
484 2359 0 107
485 2359 0 108
486 2359 0 108
487 2359 0 109
488 2359 0 108
489 2359 0 107
490 2359 0 108
491 2359 0 105
492 2359 0 106
493 2359 0 105
494 2359 0 106
495 2359 0 106
496 2359 0 103
497 2359 0 104
498 2359 0 104
499 2358 0 103
500 2358 0 103
501 2358 0 103
502 2358 0 102
503 2358 0 102
504 2358 0 103
505 2358 0 104
506 2358 0 103
507 2358 0 104
508 2358 0 103
509 2358 0 104
510 2358 0 105
511 2358 0 106
512 2358 0 107
513 2358 0 108
514 2358 0 107
515 2358 0 107
516 2358 0 104
517 2358 0 105
518 2358 0 103
519 2358 0 102
520 2358 0 102
521 2358 0 101
522 2358 0 102
523 2358 0 102
524 2358 0 102
525 2358 0 103
526 2358 0 102
527 2358 0 103
528 2358 0 102
529 2358 0 101
530 2358 0 102
531 2358 0 103
532 2358 0 102
533 2358 0 102
534 2358 0 103
535 2358 0 104
536 2358 0 105
537 2358 0 104
538 2358 0 103
539 2358 0 104
540 2358 0 101
541 2358 0 102
542 2358 0 103
543 2358 0 102
544 2358 0 103
545 2358 0 102
546 2358 0 101
547 2358 0 101
548 2358 0 101
549 2358 0 102
550 2358 0 103
551 2358 0 102
552 2358 0 101
553 2358 0 100
554 2358 0 99
555 2358 0 98
556 2358 0 99
557 2358 0 98
558 2358 0 97
559 2358 0 98
560 2358 0 98
561 2358 0 97
562 2358 0 98
563 2358 0 97
564 2358 0 96
565 2358 0 95
566 2358 0 96
567 2358 0 96
568 2358 0 97
569 2358 0 98
570 2358 0 99
571 2358 0 100
572 2358 0 100
573 2358 0 101
574 2358 0 102
575 2358 0 102
576 2358 0 101
577 2358 0 102
578 2358 0 101
579 2358 0 100
580 2358 0 100
581 2358 0 101
582 2358 0 102
583 2358 0 102
584 2358 0 103
585 2358 0 103
586 2358 0 104
587 2358 0 104
588 2358 0 105
589 2358 0 106
590 2358 0 105
591 2358 0 106
592 2358 0 107
593 2358 0 106
594 2358 0 107
595 2358 0 108
596 2358 0 107
597 2358 0 107
598 2358 0 108
599 2358 0 107
600 2358 0 106
601 2358 0 105
602 2358 0 104
603 2358 0 105
604 2358 0 106
605 2357 0 104
606 2357 0 103
607 2357 0 104
608 2357 0 105
609 2357 0 106
610 2357 0 106
611 2357 0 107
612 2357 0 107
613 2356 0 106
614 2356 0 107
615 2356 0 107
616 2356 0 108
617 2356 0 107
618 2356 0 108
619 2356 0 107
620 2356 0 108
621 2356 0 107
622 2356 0 106
623 2356 0 106
624 2356 0 105
625 2356 0 104
626 2356 0 105
627 2356 0 106
628 2356 0 105
629 2356 0 104
630 2356 0 103
631 2356 0 104
632 2356 0 105
633 2356 0 106
634 2356 0 105
635 2356 0 104
636 2356 0 105
637 2356 0 105
638 2356 0 106
639 2356 0 105
640 2356 0 106
641 2356 0 107
642 2356 0 107
643 2356 0 106
644 2356 0 107
645 2356 0 108
646 2356 0 109
647 2356 0 108
648 2356 0 108
649 2356 0 107
650 2356 0 106
651 2356 0 105
652 2356 0 106
653 2356 0 105
654 2356 0 106
655 2356 0 106
656 2356 0 106
657 2356 0 107
658 2356 0 104
659 2356 0 103
660 2356 0 102
661 2356 0 103
662 2356 0 102
663 2356 0 103
664 2356 0 104
665 2356 0 105
666 2356 0 104
667 2356 0 105
668 2356 0 104
669 2356 0 104
670 2356 0 105
671 2356 0 106
672 2356 0 105
673 2356 0 104
674 2356 0 105
675 2356 0 104
676 2356 0 103
677 2356 0 104
678 2356 0 105
679 2356 0 104
680 2356 0 103
681 2356 0 104
682 2356 0 105
683 2356 0 104
684 2356 0 105
685 2356 0 105
686 2356 0 105
687 2356 0 106
688 2356 0 106
689 2356 0 107
690 2356 0 107
691 2356 0 107
692 2356 0 108
693 2356 0 107
694 2356 0 107
695 2356 0 106
696 2356 0 105
697 2356 0 106
698 2356 0 107
699 2356 0 106
700 2356 0 105
701 2356 0 106
702 2356 0 107
703 2356 0 106
704 2356 0 106
705 2356 0 106
706 2356 0 106
707 2356 0 105
708 2356 0 104
709 2356 0 105
710 2356 0 104
711 2356 0 105
712 2356 0 105
713 2356 0 104
714 2356 0 105
715 2356 0 106
716 2356 0 107
717 2356 0 108
718 2356 0 107
719 2356 0 106
720 2356 0 104
721 2356 0 104
722 2356 0 103
723 2356 0 104
724 2356 0 103
725 2356 0 104
726 2356 0 103
727 2356 0 102
728 2356 0 103
729 2356 0 102
730 2356 0 103
731 2356 0 104
732 2356 0 104
733 2356 0 104
734 2356 0 105
735 2356 0 104
736 2356 0 103
737 2356 0 104
738 2356 0 103
739 2356 0 103
740 2356 0 104
741 2356 0 105
742 2356 0 104
743 2356 0 105
744 2356 0 105
745 2356 0 104
746 2356 0 105
747 2356 0 106
748 2356 0 106
749 2356 0 105
750 2356 0 106
751 2356 0 105
752 2356 0 105
753 2356 0 106
754 2356 0 105
755 2356 0 106
756 2356 0 104
757 2356 0 103
758 2356 0 102
759 2356 0 103
760 2356 0 104
761 2356 0 104
762 2356 0 103
763 2356 0 104
764 2356 0 103
765 2356 0 102
766 2356 0 103
767 2356 0 104
768 2356 0 105
769 2356 0 105
770 2356 0 106
771 2356 0 105
772 2356 0 106
773 2356 0 107
774 2356 0 107
775 2356 0 108
776 2356 0 109
777 2356 0 110
778 2356 0 109
779 2356 0 110
780 2356 0 111
781 2356 0 111
782 2356 0 110
783 2356 0 107
784 2356 0 108
785 2356 0 107
786 2356 0 106
787 2356 0 106
788 2356 0 107
789 2356 0 107
790 2356 0 106
791 2356 0 107
792 2356 0 107
793 2356 0 107
794 2356 0 106
795 2356 0 107
796 2356 0 107
797 2356 0 108
798 2356 0 107
799 2356 0 107
800 2356 0 107
801 2356 0 107
802 2356 0 108
803 2356 0 109
804 2356 0 109
805 2356 0 110
806 2356 0 111
807 2356 0 110
808 2356 0 109
809 2356 0 108
810 2356 0 107
811 2356 0 106
812 2356 0 105
813 2356 0 106
814 2356 0 105
815 2356 0 104
816 2356 0 104
817 2356 0 103
818 2356 0 102
819 2356 0 102
820 2356 0 102
821 2356 0 101
822 2356 0 102
823 2356 0 103
824 2356 0 104
825 2356 0 103
826 2356 0 104
827 2356 0 103
828 2356 0 102
829 2356 0 101
830 2356 0 102
831 2356 0 103
832 2355 0 102
833 2355 0 102
834 2355 0 103
835 2355 0 102
836 2355 0 103
837 2355 0 102
838 2355 0 101
839 2355 0 102
840 2355 0 102
841 2355 0 103
842 2355 0 103
843 2355 0 103
844 2355 0 102
845 2355 0 103
846 2355 0 103
847 2355 0 104
848 2355 0 104
849 2355 0 103
850 2355 0 102
851 2355 0 103
852 2355 0 103
853 2355 0 104
854 2355 0 105
855 2355 0 106
856 2355 0 107
857 2355 0 108
858 2355 0 107
859 2355 0 106
860 2355 0 105
861 2355 0 106
862 2355 0 106
863 2355 0 105
864 2355 0 106
865 2355 0 104
866 2355 0 103
867 2355 0 104
868 2354 0 103
869 2354 0 102
870 2354 0 101
871 2354 0 102
872 2354 0 102
873 2354 0 101
874 2354 0 102
875 2354 0 101
876 2354 0 100
877 2354 0 101
878 2354 0 102
879 2354 0 102
880 2353 0 100
881 2353 0 101
882 2353 0 100
883 2353 0 101
884 2353 0 102
885 2353 0 101
886 2353 0 102
887 2353 0 101
888 2353 0 102
889 2353 0 102
890 2353 0 101
891 2353 0 102
892 2353 0 101
893 2353 0 102
894 2353 0 101
895 2353 0 102
896 2353 0 103
897 2353 0 102
898 2353 0 101
899 2353 0 100
900 2353 0 101
901 2353 0 102
902 2353 0 103
903 2353 0 102
904 2353 0 102
905 2353 0 103
906 2353 0 104
907 2353 0 105
908 2353 0 106
909 2353 0 105
910 2353 0 104
911 2353 0 105
912 2353 0 104
913 2353 0 103
914 2353 0 104
915 2353 0 104
916 2353 0 105
917 2353 0 106
918 2353 0 105
919 2353 0 104
920 2353 0 103
921 2353 0 104
922 2353 0 103
923 2353 0 102
924 2353 0 101
925 2353 0 102
926 2353 0 103
927 2353 0 104
928 2353 0 105
929 2353 0 106
930 2353 0 105
931 2353 0 106
932 2353 0 106
933 2353 0 107
934 2353 0 106
935 2353 0 106
936 2353 0 105
937 2353 0 104
938 2353 0 103
939 2353 0 103
940 2353 0 104
941 2353 0 103
942 2353 0 104
943 2353 0 105
944 2353 0 104
945 2353 0 103
946 2353 0 102
947 2353 0 102
948 2353 0 103
949 2353 0 102
950 2353 0 103
951 2353 0 102
952 2353 0 103
953 2353 0 102
954 2353 0 103
955 2353 0 102
956 2353 0 103
957 2353 0 102
958 2353 0 103
959 2353 0 104
960 2353 0 105
961 2353 0 104
962 2353 0 102
963 2353 0 103
964 2353 0 104
965 2353 0 105
966 2353 0 106
967 2353 0 105
968 2353 0 106
969 2353 0 105
970 2353 0 106
971 2353 0 107
972 2353 0 107
973 2353 0 108
974 2353 0 105
975 2353 0 105
976 2353 0 106
977 2353 0 105
978 2353 0 105
979 2353 0 102
980 2353 0 103
981 2353 0 102
982 2353 0 102
983 2353 0 101
984 2353 0 102
985 2353 0 101
986 2353 0 100
987 2353 0 101
988 2353 0 102
989 2353 0 103
990 2353 0 103
991 2353 0 104
992 2353 0 101
993 2353 0 102
994 2353 0 103
995 2353 0 102
996 2353 0 102
997 2353 0 103
998 2353 0 100
999 2353 0 99
1000 2353 0 100
1001 2353 0 101
1002 2353 0 100
1003 2353 0 99
1004 2353 0 100
1005 2353 0 101
1006 2353 0 98
1007 2353 0 99
1008 2353 0 100
1009 2353 0 99
1010 2353 0 100
1011 2353 0 101
1012 2353 0 102
1013 2353 0 101
1014 2353 0 102
1015 2353 0 103
1016 2353 0 102
1017 2353 0 103
1018 2353 0 104
1019 2353 0 103
1020 2353 0 103
1021 2353 0 102
1022 2353 0 102
1023 2353 0 101
1024 2353 0 102
1025 2353 0 102
1026 2353 0 101
1027 2353 0 102
1028 2353 0 101
1029 2353 0 100
1030 2353 0 101
1031 2353 0 102
1032 2353 0 103
1033 2353 0 102
1034 2353 0 103
1035 2353 0 102
1036 2353 0 103
1037 2353 0 104
1038 2353 0 105
1039 2353 0 105
1040 2353 0 104
1041 2353 0 104
1042 2353 0 104
1043 2353 0 104
1044 2353 0 105
1045 2353 0 105
1046 2353 0 106
1047 2353 0 105
1048 2353 0 105
1049 2353 0 106
1050 2353 0 107
1051 2353 0 106
1052 2353 0 107
1053 2353 0 106
1054 2353 0 107
1055 2353 0 106
1056 2353 0 105
1057 2353 0 104
1058 2353 0 105
1059 2353 0 104
1060 2353 0 104
1061 2353 0 103
1062 2353 0 102
1063 2353 0 101
1064 2353 0 101
1065 2353 0 101
1066 2353 0 102
1067 2353 0 103
1068 2353 0 103
1069 2353 0 102
1070 2353 0 103
1071 2353 0 104
1072 2353 0 102
1073 2353 0 103
1074 2353 0 103
1075 2353 0 104
1076 2353 0 104
1077 2353 0 104
1078 2353 0 103
1079 2353 0 103
1080 2353 0 102
1081 2353 0 103
1082 2353 0 104
1083 2353 0 105
1084 2353 0 106
1085 2353 0 105
1086 2353 0 106
1087 2353 0 107
1088 2353 0 107
1089 2353 0 108
1090 2353 0 108
1091 2353 0 109
1092 2353 0 110
1093 2353 0 109
1094 2353 0 108
1095 2353 0 107
1096 2353 0 106
1097 2353 0 105
1098 2353 0 106
1099 2353 0 105
1100 2353 0 104
1101 2353 0 104
1102 2353 0 103
1103 2353 0 103
1104 2353 0 103
1105 2353 0 103
1106 2353 0 104
1107 2353 0 105
1108 2353 0 104
1109 2353 0 105
1110 2353 0 104
1111 2353 0 103
1112 2353 0 104
1113 2353 0 103
1114 2353 0 102
1115 2353 0 101
1116 2353 0 102
1117 2353 0 102
1118 2353 0 99
1119 2353 0 98
1120 2353 0 98
1121 2353 0 97
1122 2353 0 98
1123 2353 0 98
1124 2353 0 99
1125 2353 0 100
1126 2353 0 99
1127 2353 0 99
1128 2353 0 98
1129 2353 0 99
1130 2353 0 100
1131 2353 0 100
1132 2353 0 99
1133 2353 0 100
1134 2353 0 101
1135 2353 0 100
1136 2353 0 101
1137 2353 0 101
1138 2353 0 100
1139 2353 0 101
1140 2353 0 101
1141 2353 0 100
1142 2353 0 101
1143 2353 0 102
1144 2353 0 103
1145 2353 0 104
1146 2353 0 101
1147 2353 0 101
1148 2353 0 102
1149 2353 0 103
1150 2353 0 103
1151 2353 0 104
1152 2353 0 105
1153 2353 0 106
1154 2353 0 107
1155 2353 0 106
1156 2353 0 103
1157 2353 0 102
1158 2353 0 103
1159 2353 0 103
1160 2353 0 104
1161 2353 0 105
1162 2353 0 105
1163 2353 0 104
1164 2353 0 105
1165 2353 0 106
1166 2353 0 107
1167 2353 0 105
1168 2353 0 104
1169 2353 0 105
1170 2353 0 106
1171 2353 0 107
1172 2353 0 107
1173 2353 0 106
1174 2353 0 107
1175 2353 0 108
1176 2353 0 108
1177 2353 0 109
1178 2353 0 109
1179 2353 0 108
1180 2353 0 107
1181 2353 0 108
1182 2353 0 109
1183 2353 0 108
1184 2353 0 109
1185 2353 0 110
1186 2353 0 111
1187 2353 0 110
1188 2353 0 111
1189 2353 0 111
1190 2353 0 110
1191 2353 0 109
1192 2353 0 110
1193 2353 0 109
1194 2353 0 109
1195 2353 0 110
1196 2353 0 108
1197 2353 0 109
1198 2353 0 109
1199 2353 0 108
1200 2353 0 107
1201 2353 0 107
1202 2353 0 108
1203 2353 0 108
1204 2353 0 108
1205 2353 0 108
1206 2353 0 109
1207 2353 0 110
1208 2353 0 111
1209 2353 0 110
1210 2353 0 111
1211 2353 0 112
1212 2353 0 113
1213 2353 0 112
1214 2353 0 112
1215 2353 0 112
1216 2353 0 112
1217 2353 0 113
1218 2353 0 112
1219 2353 0 111
1220 2353 0 110
1221 2353 0 111
1222 2353 0 111
1223 2353 0 110
1224 2353 0 110
1225 2353 0 111
1226 2353 0 111
1227 2353 0 111
1228 2353 0 110
1229 2353 0 111
1230 2353 0 112
1231 2353 0 113
1232 2353 0 113
1233 2353 0 112
1234 2353 0 111
1235 2353 0 110
1236 2353 0 111
1237 2353 0 110
1238 2353 0 109
1239 2353 0 108
1240 2353 0 107
1241 2353 0 107
1242 2353 0 108
1243 2353 0 109
1244 2353 0 108
1245 2353 0 107
1246 2353 0 106
1247 2353 0 105
1248 2353 0 106
1249 2353 0 105
1250 2353 0 105
1251 2353 0 104
1252 2353 0 103
1253 2353 0 102
1254 2353 0 103
1255 2353 0 103
1256 2353 0 103
1257 2353 0 104
1258 2353 0 105
1259 2353 0 106
1260 2353 0 105
1261 2353 0 104
1262 2353 0 105
1263 2353 0 104
1264 2353 0 103
1265 2353 0 102
1266 2353 0 103
1267 2353 0 104
1268 2353 0 105
1269 2353 0 104
1270 2353 0 105
1271 2353 0 104
1272 2353 0 105
1273 2353 0 106
1274 2353 0 106
1275 2353 0 107
1276 2353 0 108
1277 2353 0 107
1278 2353 0 106
1279 2353 0 107
1280 2353 0 108
1281 2353 0 107
1282 2353 0 106
1283 2353 0 105
1284 2353 0 106
1285 2353 0 105
1286 2353 0 104
1287 2353 0 104
1288 2353 0 105
1289 2353 0 105
1290 2353 0 106
1291 2353 0 107
1292 2353 0 106
1293 2353 0 106
1294 2353 0 105
1295 2353 0 104
1296 2353 0 105
1297 2353 0 106
1298 2353 0 107
1299 2353 0 106
1300 2353 0 105
1301 2353 0 103
1302 2353 0 103
1303 2353 0 104
1304 2353 0 105
1305 2353 0 104
1306 2353 0 103
1307 2353 0 104
1308 2353 0 105
1309 2353 0 106
1310 2353 0 105
1311 2353 0 104
1312 2353 0 103
1313 2353 0 104
1314 2353 0 104
1315 2353 0 105
1316 2353 0 106
1317 2353 0 105
1318 2353 0 106
1319 2353 0 106
1320 2353 0 105
1321 2353 0 104
1322 2353 0 104
1323 2353 0 103
1324 2353 0 102
1325 2353 0 101
1326 2353 0 102
1327 2353 0 100
1328 2353 0 100
1329 2353 0 101
1330 2353 0 102
1331 2353 0 103
1332 2353 0 103
1333 2353 0 104
1334 2353 0 103
1335 2353 0 102
1336 2353 0 101
1337 2353 0 101
1338 2353 0 102
1339 2353 0 102
1340 2353 0 103
1341 2353 0 104
1342 2353 0 103
1343 2353 0 103
1344 2353 0 104
1345 2353 0 105
1346 2353 0 104
1347 2353 0 105
1348 2353 0 106
1349 2353 0 105
1350 2353 0 104
1351 2353 0 105
1352 2353 0 106
1353 2353 0 105
1354 2353 0 105
1355 2353 0 106
1356 2353 0 105
1357 2353 0 106
1358 2353 0 107
1359 2353 0 105
1360 2353 0 104
1361 2353 0 103
1362 2353 0 104
1363 2353 0 103
1364 2353 0 103
1365 2353 0 102
1366 2353 0 101
1367 2353 0 101
1368 2353 0 100
1369 2353 0 99
1370 2353 0 98
1371 2353 0 99
1372 2353 0 98
1373 2353 0 98
1374 2353 0 97
1375 2353 0 98
1376 2353 0 99
1377 2353 0 98
1378 2353 0 98
1379 2353 0 99
1380 2353 0 100
1381 2353 0 101
1382 2353 0 100
1383 2353 0 99
1384 2353 0 100
1385 2353 0 100
1386 2353 0 99
1387 2353 0 98
1388 2353 0 99
1389 2353 0 100
1390 2353 0 101
1391 2353 0 101
1392 2353 0 102
1393 2353 0 100
1394 2353 0 99
1395 2353 0 100
1396 2353 0 101
1397 2353 0 101
1398 2353 0 100
1399 2353 0 99
1400 2353 0 98
1401 2353 0 99
1402 2353 0 98
1403 2353 0 97
1404 2353 0 96
1405 2353 0 97
1406 2353 0 96
1407 2353 0 95
1408 2353 0 96
1409 2353 0 97
1410 2353 0 96
1411 2353 0 96
1412 2353 0 97
1413 2353 0 98
1414 2353 0 98
1415 2353 0 98
1416 2353 0 97
1417 2353 0 98
1418 2353 0 97
1419 2353 0 96
1420 2353 0 97
1421 2353 0 96
1422 2353 0 97
1423 2353 0 98
1424 2353 0 97
1425 2353 0 97
1426 2353 0 98
1427 2353 0 99
1428 2353 0 100
1429 2353 0 101
1430 2353 0 100
1431 2353 0 100
1432 2353 0 99
1433 2353 0 98
1434 2353 0 97
1435 2353 0 98
1436 2353 0 98
1437 2353 0 99
1438 2353 0 100
1439 2353 0 101
1440 2353 0 102
1441 2352 0 101
1442 2352 0 102
1443 2352 0 103
1444 2352 0 104
1445 2352 0 105
1446 2352 0 103
1447 2352 0 102
1448 2352 0 102
1449 2352 0 101
1450 2352 0 102
1451 2352 0 103
1452 2352 0 104
1453 2352 0 103
1454 2352 0 104
1455 2352 0 103
1456 2352 0 104
1457 2352 0 103
1458 2352 0 104
1459 2352 0 105
1460 2352 0 102
1461 2352 0 103
1462 2352 0 102
1463 2352 0 102
1464 2352 0 103
1465 2352 0 104
1466 2352 0 104
1467 2352 0 105
1468 2352 0 105
1469 2352 0 105
1470 2352 0 104
1471 2352 0 103
1472 2352 0 102
1473 2352 0 103
1474 2352 0 102
1475 2352 0 103
1476 2352 0 103
1477 2352 0 103
1478 2352 0 102
1479 2352 0 101
1480 2352 0 100
1481 2352 0 101
1482 2352 0 102
1483 2352 0 103
1484 2352 0 103
1485 2352 0 102
1486 2352 0 101
1487 2352 0 99
1488 2352 0 100
1489 2352 0 101
1490 2352 0 102
1491 2352 0 103
1492 2352 0 104
1493 2352 0 105
1494 2352 0 104
1495 2352 0 104
1496 2352 0 105
1497 2352 0 106
1498 2352 0 107
1499 2352 0 106
1500 2352 0 106
1501 2352 0 105
1502 2352 0 105
1503 2352 0 106
1504 2352 0 107
1505 2352 0 106
1506 2352 0 106
1507 2352 0 105
1508 2352 0 104
1509 2352 0 105
1510 2352 0 106
1511 2352 0 107
1512 2352 0 108
1513 2352 0 109
1514 2352 0 107
1515 2352 0 107
1516 2352 0 108
1517 2352 0 108
1518 2352 0 107
1519 2352 0 106
1520 2352 0 107
1521 2352 0 107
1522 2352 0 106
1523 2352 0 105
1524 2352 0 105
1525 2352 0 106
1526 2352 0 107
1527 2352 0 108
1528 2352 0 108
1529 2352 0 108
1530 2352 0 107
1531 2352 0 108
1532 2352 0 109
1533 2352 0 110
1534 2352 0 111
1535 2352 0 110
1536 2352 0 111
1537 2352 0 109
1538 2352 0 106
1539 2352 0 107
1540 2352 0 106
1541 2352 0 107
1542 2352 0 106
1543 2352 0 103
1544 2352 0 102
1545 2352 0 103
1546 2352 0 102
1547 2352 0 102
1548 2352 0 103
1549 2352 0 104
1550 2352 0 105
1551 2352 0 105
1552 2352 0 106
1553 2352 0 107
1554 2352 0 108
1555 2352 0 107
1556 2352 0 106
1557 2352 0 107
1558 2352 0 105
1559 2352 0 104
1560 2352 0 105
1561 2352 0 104
1562 2352 0 103
1563 2352 0 102
1564 2352 0 103
1565 2352 0 102
1566 2352 0 103
1567 2352 0 102
1568 2352 0 102
1569 2352 0 102
1570 2352 0 103
1571 2352 0 102
1572 2352 0 103
1573 2352 0 103
1574 2352 0 104
1575 2352 0 105
1576 2352 0 104
1577 2352 0 105
1578 2352 0 106
1579 2352 0 107
1580 2352 0 106
1581 2352 0 107
1582 2352 0 107
1583 2352 0 108
1584 2352 0 107
1585 2352 0 106
1586 2352 0 105
1587 2352 0 104
1588 2352 0 105
1589 2352 0 106
1590 2352 0 106
1591 2352 0 106
1592 2352 0 105
1593 2352 0 106
1594 2352 0 107
1595 2352 0 108
1596 2352 0 108
1597 2352 0 109
1598 2352 0 110
1599 2352 0 111
1600 2352 0 111
1601 2352 0 110
1602 2352 0 109
1603 2352 0 109
1604 2352 0 109
1605 2352 0 108
1606 2352 0 107
1607 2352 0 108
1608 2352 0 108
1609 2352 0 109
1610 2352 0 109
1611 2352 0 110
1612 2352 0 110
1613 2352 0 110
1614 2352 0 109
1615 2352 0 108
1616 2352 0 109
1617 2352 0 110
1618 2352 0 111
1619 2352 0 110
1620 2352 0 109
1621 2352 0 108
1622 2352 0 109
1623 2352 0 110
1624 2352 0 110
1625 2352 0 110
1626 2352 0 110
1627 2352 0 111
1628 2352 0 110
1629 2352 0 109
1630 2352 0 108
1631 2352 0 109
1632 2352 0 110
1633 2352 0 111
1634 2352 0 112
1635 2352 0 113
1636 2352 0 112
1637 2352 0 113
1638 2352 0 112
1639 2352 0 113
1640 2352 0 112
1641 2352 0 113
1642 2352 0 112
1643 2352 0 113
1644 2352 0 110
1645 2352 0 110
1646 2352 0 111
1647 2352 0 111
1648 2352 0 112
1649 2352 0 112
1650 2352 0 112
1651 2352 0 111
1652 2352 0 112
1653 2352 0 111
1654 2352 0 110
1655 2352 0 109
1656 2352 0 108
1657 2352 0 109
1658 2352 0 108
1659 2352 0 108
1660 2352 0 109
1661 2352 0 108
1662 2352 0 108
1663 2352 0 109
1664 2352 0 108
1665 2352 0 109
1666 2352 0 108
1667 2352 0 107
1668 2352 0 108
1669 2352 0 107
1670 2352 0 108
1671 2352 0 107
1672 2352 0 107
1673 2352 0 106
1674 2352 0 105
1675 2352 0 104
1676 2352 0 104
1677 2352 0 103
1678 2352 0 104
1679 2352 0 105
1680 2352 0 106
1681 2352 0 106
1682 2352 0 107
1683 2352 0 107
1684 2352 0 108
1685 2352 0 107
1686 2352 0 107
1687 2352 0 106
1688 2352 0 107
1689 2352 0 106
1690 2352 0 106
1691 2352 0 105
1692 2352 0 104
1693 2352 0 105
1694 2352 0 106
1695 2352 0 106
1696 2352 0 107
1697 2352 0 107
1698 2352 0 108
1699 2352 0 108
1700 2352 0 107
1701 2352 0 107
1702 2352 0 106
1703 2352 0 105
1704 2352 0 106
1705 2352 0 107
1706 2352 0 105
1707 2352 0 106
1708 2352 0 106
1709 2352 0 106
1710 2352 0 105
1711 2352 0 106
1712 2352 0 105
1713 2352 0 106
1714 2352 0 107
1715 2352 0 106
1716 2352 0 107
1717 2352 0 106
1718 2352 0 105
1719 2352 0 106
1720 2352 0 107
1721 2352 0 106
1722 2351 0 105
1723 2351 0 106
1724 2351 0 107
1725 2351 0 108
1726 2351 0 107
1727 2351 0 106
1728 2351 0 105
1729 2351 0 104
1730 2351 0 104
1731 2351 0 103
1732 2351 0 103
1733 2351 0 103
1734 2351 0 102
1735 2351 0 101
1736 2351 0 102
1737 2351 0 102
1738 2351 0 101
1739 2351 0 102
1740 2351 0 103
1741 2351 0 102
1742 2351 0 102
1743 2351 0 100
1744 2351 0 99
1745 2351 0 100
1746 2351 0 100
1747 2351 0 99
1748 2351 0 100
1749 2351 0 100
1750 2351 0 101
1751 2351 0 102
1752 2351 0 101
1753 2351 0 100
1754 2351 0 99
1755 2351 0 100
1756 2351 0 100
1757 2351 0 101
1758 2351 0 100
1759 2351 0 99
1760 2351 0 100
1761 2351 0 99
1762 2351 0 98
1763 2351 0 97
1764 2351 0 96
1765 2351 0 95
1766 2351 0 96
1767 2351 0 97
1768 2351 0 96
1769 2351 0 97
1770 2351 0 98
1771 2351 0 99
1772 2351 0 98
1773 2351 0 99
1774 2351 0 100
1775 2350 0 99
1776 2350 0 98
1777 2350 0 99
1778 2350 0 100
1779 2350 0 101
1780 2350 0 102
1781 2349 0 101
1782 2349 0 101
1783 2349 0 102
1784 2349 0 103
1785 2349 0 104
1786 2349 0 104
1787 2349 0 103
1788 2349 0 104
1789 2349 0 104
1790 2349 0 105
1791 2349 0 104
1792 2349 0 103
1793 2349 0 104
1794 2349 0 103
1795 2349 0 104
1796 2349 0 105
1797 2349 0 106
1798 2349 0 105
1799 2349 0 104
1800 2349 0 104
1801 2349 0 103
1802 2349 0 102
1803 2349 0 101
1804 2349 0 102
1805 2349 0 103
1806 2349 0 104
1807 2349 0 104
1808 2349 0 105
1809 2349 0 106
1810 2349 0 107
1811 2349 0 108
1812 2349 0 107
1813 2349 0 107
1814 2349 0 106
1815 2349 0 104
1816 2349 0 105
1817 2349 0 106
1818 2349 0 107
1819 2349 0 106
1820 2349 0 107
1821 2349 0 108
1822 2349 0 107
1823 2349 0 107
1824 2349 0 106
1825 2349 0 105
1826 2349 0 106
1827 2349 0 107
1828 2349 0 106
1829 2349 0 105
1830 2349 0 106
1831 2349 0 105
1832 2349 0 104
1833 2349 0 105
1834 2349 0 106
1835 2349 0 106
1836 2349 0 107
1837 2349 0 108
1838 2349 0 104
1839 2349 0 105
1840 2349 0 106
1841 2349 0 105
1842 2349 0 104
1843 2349 0 103
1844 2349 0 104
1845 2349 0 105
1846 2349 0 104
1847 2349 0 105
1848 2349 0 105
1849 2349 0 104
1850 2349 0 105
1851 2349 0 104
1852 2349 0 105
1853 2349 0 105
1854 2349 0 106
1855 2349 0 107
1856 2349 0 106
1857 2349 0 105
1858 2349 0 106
1859 2349 0 107
1860 2349 0 108
1861 2349 0 109
1862 2349 0 108
1863 2349 0 109
1864 2349 0 108
1865 2349 0 107
1866 2349 0 108
1867 2349 0 109
1868 2349 0 106
1869 2349 0 107
1870 2349 0 106
1871 2349 0 105
1872 2349 0 105
1873 2349 0 106
1874 2349 0 106
1875 2349 0 107
1876 2349 0 108
1877 2349 0 108
1878 2349 0 107
1879 2349 0 108
1880 2349 0 109
1881 2349 0 108
1882 2349 0 106
1883 2349 0 106
1884 2349 0 106
1885 2349 0 106
1886 2349 0 107
1887 2348 0 106
1888 2348 0 105
1889 2348 0 106
1890 2348 0 107
1891 2348 0 106
1892 2348 0 107
1893 2348 0 106
1894 2348 0 107
1895 2348 0 108
1896 2348 0 107
1897 2348 0 107
1898 2348 0 107
1899 2348 0 108
1900 2348 0 107
1901 2348 0 106
1902 2348 0 107
1903 2348 0 106
1904 2348 0 106
1905 2348 0 107
1906 2348 0 106
1907 2348 0 107
1908 2348 0 108
1909 2348 0 109
1910 2348 0 108
1911 2348 0 107
1912 2348 0 107
1913 2348 0 107
1914 2348 0 108
1915 2348 0 108
1916 2348 0 109
1917 2348 0 106
1918 2348 0 106
1919 2348 0 105
1920 2348 0 106
1921 2348 0 107
1922 2348 0 108
1923 2348 0 109
1924 2348 0 108
1925 2348 0 105
1926 2348 0 105
1927 2348 0 106
1928 2348 0 105
1929 2348 0 104
1930 2348 0 104
1931 2348 0 103
1932 2348 0 104
1933 2348 0 105
1934 2348 0 105
1935 2348 0 106
1936 2348 0 107
1937 2348 0 108
1938 2348 0 109
1939 2348 0 108
1940 2348 0 108
1941 2348 0 109
1942 2348 0 108
1943 2348 0 107
1944 2348 0 105
1945 2348 0 106
1946 2348 0 107
1947 2348 0 107
1948 2348 0 108
1949 2348 0 108
1950 2348 0 107
1951 2348 0 108
1952 2348 0 108
1953 2348 0 107
1954 2348 0 106
1955 2348 0 104
1956 2348 0 103
1957 2348 0 104
1958 2348 0 105
1959 2348 0 105
1960 2348 0 104
1961 2348 0 105
1962 2348 0 106
1963 2348 0 106
1964 2348 0 107
1965 2348 0 108
1966 2348 0 107
1967 2348 0 108
1968 2348 0 109
1969 2348 0 109
1970 2348 0 108
1971 2348 0 109
1972 2348 0 108
1973 2348 0 109
1974 2348 0 110
1975 2348 0 108
1976 2348 0 107
1977 2348 0 107
1978 2348 0 107
1979 2348 0 107
1980 2348 0 108
1981 2348 0 107
1982 2348 0 106
1983 2348 0 105
1984 2348 0 106
1985 2348 0 105
1986 2348 0 104
1987 2348 0 105
1988 2348 0 104
1989 2348 0 105
1990 2348 0 106
1991 2348 0 106
1992 2348 0 107
1993 2348 0 106
1994 2348 0 107
1995 2348 0 108
1996 2348 0 109
1997 2348 0 108
1998 2348 0 107
1999 2348 0 108
2000 2348 0 109
2001 2348 0 109
2002 2348 0 105
2003 2348 0 106
2004 2348 0 106
2005 2348 0 107
2006 2348 0 107
2007 2348 0 107
2008 2348 0 106
2009 2348 0 107
2010 2348 0 106
2011 2348 0 105
2012 2348 0 105
2013 2348 0 106
2014 2348 0 107
2015 2348 0 106
2016 2348 0 107
2017 2348 0 107
2018 2348 0 106
2019 2348 0 105
2020 2348 0 106
2021 2348 0 107
2022 2348 0 106
2023 2348 0 105
2024 2348 0 105
2025 2348 0 104
2026 2348 0 105
2027 2348 0 104
2028 2348 0 104
2029 2348 0 105
2030 2348 0 104
2031 2348 0 103
2032 2348 0 104
2033 2348 0 105
2034 2348 0 106
2035 2348 0 105
2036 2348 0 106
2037 2348 0 107
2038 2348 0 108
2039 2348 0 109
2040 2348 0 110
2041 2348 0 107
2042 2348 0 106
2043 2348 0 106
2044 2347 0 104
2045 2347 0 105
2046 2347 0 105
2047 2347 0 104
2048 2347 0 105
2049 2347 0 106
2050 2347 0 105
2051 2347 0 105
2052 2347 0 104
2053 2347 0 105
2054 2347 0 104
2055 2347 0 105
2056 2347 0 105
2057 2347 0 105
2058 2347 0 106
2059 2347 0 106
2060 2347 0 105
2061 2347 0 104
2062 2347 0 105
2063 2347 0 104
2064 2347 0 105
2065 2347 0 105
2066 2347 0 106
2067 2347 0 105
2068 2347 0 104
2069 2347 0 104
2070 2347 0 105
2071 2347 0 104
2072 2347 0 105
2073 2347 0 104
2074 2347 0 105
2075 2347 0 104
2076 2347 0 105
2077 2347 0 106
2078 2347 0 106
2079 2347 0 107
2080 2347 0 106
2081 2347 0 107
2082 2347 0 106
2083 2347 0 107
2084 2347 0 108
2085 2347 0 105
2086 2347 0 105
2087 2347 0 104
2088 2347 0 105
2089 2347 0 104
2090 2347 0 104
2091 2347 0 103
2092 2347 0 104
2093 2347 0 103
2094 2347 0 104
2095 2347 0 103
2096 2347 0 103
2097 2347 0 104
2098 2347 0 104
2099 2347 0 104
2100 2347 0 105
2101 2347 0 106
2102 2347 0 105
2103 2347 0 106
2104 2347 0 105
2105 2347 0 105
2106 2347 0 104
2107 2347 0 104
2108 2347 0 105
2109 2347 0 106
2110 2347 0 105
2111 2347 0 106
2112 2347 0 107
2113 2347 0 106
2114 2347 0 107
2115 2347 0 106
2116 2347 0 107
2117 2347 0 106
2118 2347 0 105
2119 2347 0 104
2120 2347 0 104
2121 2347 0 105
2122 2347 0 106
2123 2347 0 107
2124 2347 0 108
2125 2347 0 105
2126 2347 0 106
2127 2347 0 107
2128 2347 0 108
2129 2347 0 109
2130 2347 0 108
2131 2347 0 108
2132 2347 0 109
2133 2347 0 108
2134 2347 0 107
2135 2347 0 106
2136 2347 0 107
2137 2347 0 108
2138 2347 0 107
2139 2347 0 108
2140 2347 0 107
2141 2347 0 107
2142 2347 0 106
2143 2347 0 107
2144 2347 0 108
2145 2347 0 108
2146 2347 0 107
2147 2347 0 106
2148 2347 0 106
2149 2347 0 105
2150 2347 0 105
2151 2347 0 104
2152 2347 0 104
2153 2347 0 105
2154 2347 0 104
2155 2347 0 105
2156 2347 0 104
2157 2347 0 103
2158 2347 0 102
2159 2347 0 102
2160 2347 0 102
2161 2347 0 103
2162 2347 0 102
2163 2347 0 103
2164 2347 0 103
2165 2347 0 103
2166 2347 0 102
2167 2347 0 103
2168 2347 0 104
2169 2347 0 105
2170 2347 0 106
2171 2347 0 106
2172 2347 0 105
2173 2347 0 106
2174 2347 0 107
2175 2347 0 107
2176 2347 0 106
2177 2347 0 107
2178 2347 0 106
2179 2347 0 107
2180 2347 0 107
2181 2347 0 105
2182 2347 0 106
2183 2347 0 106
2184 2347 0 107
2185 2347 0 108
2186 2347 0 109
2187 2347 0 110
2188 2347 0 110
2189 2347 0 110
2190 2347 0 110
2191 2347 0 111
2192 2347 0 110
2193 2347 0 109
2194 2347 0 110
2195 2347 0 111
2196 2347 0 110
2197 2347 0 111
2198 2347 0 110
2199 2347 0 109
2200 2347 0 109
2201 2347 0 108
2202 2347 0 109
2203 2347 0 108
2204 2347 0 107
2205 2347 0 108
2206 2347 0 105
2207 2347 0 106
2208 2347 0 105
2209 2347 0 105
2210 2347 0 105
2211 2347 0 106
2212 2347 0 103
2213 2347 0 104
2214 2347 0 103
2215 2347 0 103
2216 2347 0 103
2217 2347 0 102
2218 2347 0 103
2219 2347 0 102
2220 2347 0 102
2221 2347 0 102
2222 2347 0 103
2223 2347 0 103
2224 2347 0 102
2225 2347 0 102
2226 2347 0 102
2227 2347 0 103
2228 2347 0 102
2229 2347 0 103
2230 2347 0 104
2231 2347 0 104
2232 2347 0 105
2233 2347 0 106
2234 2347 0 105
2235 2347 0 105
2236 2347 0 104
2237 2347 0 103
2238 2347 0 104
2239 2347 0 103
2240 2347 0 104
2241 2347 0 103
2242 2347 0 104
2243 2347 0 105
2244 2347 0 106
2245 2347 0 106
2246 2347 0 105
2247 2347 0 105
2248 2347 0 105
2249 2347 0 104
2250 2347 0 105
2251 2347 0 105
2252 2347 0 105
2253 2347 0 106
2254 2347 0 105
2255 2347 0 105
2256 2347 0 106
2257 2347 0 107
2258 2347 0 108
2259 2347 0 109
2260 2347 0 110
2261 2347 0 110
2262 2347 0 110
2263 2347 0 109
2264 2347 0 109
2265 2347 0 109
2266 2347 0 108
2267 2347 0 108
2268 2347 0 107
2269 2347 0 108
2270 2347 0 107
2271 2347 0 108
2272 2347 0 107
2273 2347 0 105
2274 2347 0 106
2275 2347 0 105
2276 2347 0 106
2277 2347 0 107
2278 2347 0 107
2279 2347 0 106
2280 2347 0 107
2281 2347 0 108
2282 2347 0 107
2283 2347 0 106
2284 2347 0 105
2285 2347 0 105
2286 2347 0 106
2287 2347 0 107
2288 2347 0 106
2289 2347 0 106
2290 2347 0 107
2291 2347 0 108
2292 2347 0 109
2293 2347 0 108
2294 2347 0 108
2295 2347 0 109
2296 2347 0 110
2297 2347 0 109
2298 2347 0 110
2299 2347 0 110
2300 2347 0 109
2301 2347 0 109
2302 2347 0 110
2303 2347 0 109
2304 2347 0 108
2305 2347 0 107
2306 2347 0 108
2307 2347 0 109
2308 2347 0 110
2309 2347 0 111
2310 2347 0 109
2311 2347 0 108
2312 2347 0 109
2313 2347 0 110
2314 2347 0 111
2315 2347 0 110
2316 2347 0 107
2317 2347 0 107
2318 2347 0 108
2319 2347 0 107
2320 2347 0 108
2321 2347 0 107
2322 2347 0 107
2323 2347 0 108
2324 2347 0 107
2325 2347 0 108
2326 2347 0 109
2327 2347 0 108
2328 2347 0 107
2329 2347 0 106
2330 2347 0 105
2331 2347 0 106
2332 2347 0 107
2333 2347 0 107
2334 2347 0 106
2335 2347 0 105
2336 2347 0 105
2337 2347 0 106
2338 2347 0 105
2339 2347 0 106
2340 2347 0 105
2341 2347 0 104
2342 2347 0 104
2343 2347 0 105
2344 2347 0 106
2345 2347 0 105
2346 2347 0 106
2347 2347 0 107
2348 2347 0 108
2349 2347 0 108
2350 2347 0 107
2351 2347 0 106
2352 2347 0 107
2353 2347 0 107
2354 2347 0 107
2355 2347 0 108
2356 2347 0 107
2357 2347 0 107
2358 2347 0 106
2359 2347 0 105
2360 2347 0 104
2361 2347 0 105
2362 2347 0 106
2363 2347 0 105
2364 2347 0 106
2365 2347 0 107
2366 2347 0 108
2367 2347 0 109
2368 2347 0 110
2369 2347 0 109
2370 2347 0 109
2371 2347 0 109
2372 2347 0 108
2373 2347 0 107
2374 2347 0 107
2375 2347 0 108
2376 2347 0 108
2377 2347 0 107
2378 2347 0 108
2379 2347 0 108
2380 2347 0 107
2381 2347 0 108
2382 2347 0 109
2383 2347 0 108
2384 2347 0 107
2385 2347 0 108
2386 2347 0 107
2387 2347 0 106
2388 2347 0 105
2389 2347 0 105
2390 2347 0 104
2391 2347 0 104
2392 2347 0 103
2393 2347 0 102
2394 2347 0 102
2395 2347 0 103
2396 2347 0 103
2397 2347 0 104
2398 2347 0 104
2399 2347 0 103
2400 2347 0 103
2401 2347 0 102
2402 2347 0 102
2403 2347 0 103
2404 2347 0 104
2405 2347 0 103
2406 2347 0 104
2407 2347 0 103
2408 2347 0 102
2409 2347 0 102
2410 2347 0 103
2411 2347 0 102
2412 2347 0 103
2413 2347 0 104
2414 2347 0 103
2415 2347 0 104
2416 2347 0 103
2417 2347 0 102
2418 2347 0 101
2419 2347 0 100
2420 2347 0 101
2421 2347 0 102
2422 2347 0 101
2423 2347 0 101
2424 2347 0 102
2425 2347 0 101
2426 2347 0 100
2427 2347 0 99
2428 2347 0 100
2429 2347 0 101
2430 2347 0 102
2431 2347 0 101
2432 2347 0 102
2433 2347 0 102
2434 2347 0 101
2435 2347 0 102
2436 2347 0 102
2437 2347 0 103
2438 2347 0 102
2439 2347 0 101
2440 2347 0 102
2441 2347 0 102
2442 2347 0 102
2443 2347 0 101
2444 2347 0 101
2445 2347 0 101
2446 2347 0 102
2447 2347 0 101
2448 2347 0 101
2449 2347 0 102
2450 2347 0 103
2451 2347 0 104
2452 2347 0 103
2453 2347 0 104
2454 2347 0 103
2455 2347 0 104
2456 2347 0 105
2457 2347 0 105
2458 2347 0 104
2459 2347 0 104
2460 2347 0 102
2461 2347 0 103
2462 2347 0 104
2463 2347 0 104
2464 2347 0 105
2465 2347 0 104
2466 2347 0 105
2467 2347 0 104
2468 2347 0 103
2469 2347 0 103
2470 2347 0 104
2471 2347 0 104
2472 2347 0 104
2473 2347 0 103
2474 2347 0 103
2475 2347 0 104
2476 2347 0 103
2477 2347 0 104
2478 2347 0 105
2479 2347 0 104
2480 2347 0 105
2481 2347 0 106
2482 2347 0 107
2483 2347 0 106
2484 2347 0 106
2485 2347 0 104
2486 2347 0 103
2487 2347 0 104
2488 2347 0 105
2489 2347 0 106
2490 2347 0 107
2491 2347 0 107
2492 2347 0 106
2493 2347 0 107
2494 2347 0 107
2495 2347 0 108
2496 2347 0 107
2497 2347 0 107
2498 2347 0 107
2499 2347 0 105
2500 2347 0 104
2501 2347 0 104
2502 2347 0 105
2503 2347 0 106
2504 2346 0 105
2505 2346 0 106
2506 2346 0 105
2507 2346 0 104
2508 2346 0 103
2509 2346 0 104
2510 2346 0 105
2511 2346 0 104
2512 2346 0 104
2513 2346 0 103
2514 2346 0 104
2515 2346 0 101
2516 2346 0 102
2517 2346 0 102
2518 2346 0 103
2519 2346 0 103
2520 2346 0 104
2521 2346 0 104
2522 2346 0 103
2523 2346 0 102
2524 2346 0 103
2525 2346 0 104
2526 2346 0 105
2527 2346 0 106
2528 2346 0 105
2529 2346 0 106
2530 2346 0 107
2531 2346 0 106
2532 2346 0 103
2533 2346 0 102
2534 2346 0 102
2535 2346 0 103
2536 2346 0 104
2537 2346 0 103
2538 2346 0 103
2539 2346 0 103
2540 2346 0 104
2541 2346 0 103
2542 2346 0 102
2543 2346 0 103
2544 2346 0 104
2545 2346 0 103
2546 2346 0 104
2547 2346 0 105
2548 2346 0 105
2549 2346 0 105
2550 2346 0 106
2551 2346 0 107
2552 2346 0 107
2553 2346 0 108
2554 2346 0 107
2555 2346 0 107
2556 2346 0 107
2557 2346 0 106
2558 2346 0 105
2559 2346 0 104
2560 2346 0 105
2561 2346 0 106
2562 2346 0 107
2563 2346 0 106
2564 2346 0 105
2565 2346 0 106
2566 2346 0 107
2567 2346 0 108
2568 2346 0 106
2569 2346 0 107
2570 2346 0 107
2571 2346 0 108
2572 2346 0 108
2573 2346 0 109
2574 2346 0 110
2575 2346 0 109
2576 2346 0 109
2577 2346 0 109
2578 2346 0 108
2579 2346 0 107
2580 2346 0 107
2581 2346 0 108
2582 2346 0 106
2583 2346 0 107
2584 2346 0 106
2585 2346 0 106
2586 2346 0 106
2587 2346 0 105
2588 2346 0 106
2589 2346 0 105
2590 2346 0 105
2591 2346 0 106
2592 2346 0 105
2593 2346 0 106
2594 2346 0 105
2595 2346 0 106
2596 2346 0 107
2597 2346 0 108
2598 2346 0 107
2599 2346 0 106
2600 2346 0 106
2601 2346 0 105
2602 2346 0 104
2603 2346 0 105
2604 2346 0 105
2605 2346 0 106
2606 2346 0 105
2607 2346 0 105
2608 2346 0 106
2609 2346 0 107
2610 2346 0 106
2611 2346 0 106
2612 2346 0 106
2613 2346 0 106
2614 2346 0 107
2615 2346 0 107
2616 2346 0 108
2617 2346 0 109
2618 2346 0 110
2619 2346 0 109
2620 2346 0 109
2621 2346 0 106
2622 2346 0 107
2623 2346 0 106
2624 2346 0 106
2625 2346 0 105
2626 2346 0 106
2627 2346 0 106
2628 2346 0 107
2629 2346 0 108
2630 2346 0 108
2631 2346 0 107
2632 2346 0 107
2633 2346 0 105
2634 2346 0 106
2635 2346 0 107
2636 2346 0 106
2637 2346 0 107
2638 2346 0 106
2639 2346 0 106
2640 2346 0 106
2641 2346 0 105
2642 2346 0 106
2643 2346 0 107
2644 2346 0 108
2645 2346 0 107
2646 2346 0 108
2647 2346 0 107
2648 2346 0 106
2649 2346 0 107
2650 2346 0 106
2651 2346 0 105
2652 2346 0 106
2653 2346 0 107
2654 2346 0 108
2655 2346 0 109
2656 2346 0 110
2657 2346 0 109
2658 2346 0 108
2659 2346 0 109
2660 2346 0 110
2661 2346 0 109
2662 2346 0 110
2663 2346 0 109
2664 2346 0 110
2665 2346 0 111
2666 2346 0 110
2667 2346 0 109
2668 2346 0 109
2669 2346 0 109
2670 2346 0 110
2671 2346 0 111
2672 2346 0 110
2673 2346 0 109
2674 2346 0 108
2675 2346 0 107
2676 2346 0 106
2677 2346 0 107
2678 2346 0 106
2679 2346 0 105
2680 2346 0 106
2681 2346 0 105
2682 2346 0 104
2683 2346 0 103
2684 2346 0 102
2685 2346 0 101
2686 2346 0 101
2687 2346 0 102
2688 2346 0 102
2689 2346 0 103
2690 2346 0 104
2691 2346 0 104
2692 2346 0 105
2693 2346 0 105
2694 2346 0 106
2695 2346 0 105
2696 2346 0 104
2697 2346 0 105
2698 2345 0 102
2699 2345 0 102
2700 2345 0 103
2701 2345 0 104
2702 2345 0 105
2703 2345 0 106
2704 2345 0 106
2705 2345 0 106
2706 2345 0 107
2707 2345 0 106
2708 2345 0 107
2709 2345 0 106
2710 2345 0 106
2711 2345 0 107
2712 2345 0 108
2713 2345 0 108
2714 2345 0 109
2715 2345 0 110
2716 2345 0 109
2717 2345 0 110
2718 2345 0 109
2719 2345 0 110
2720 2345 0 109
2721 2345 0 110
2722 2345 0 111
2723 2345 0 112
2724 2345 0 113
2725 2345 0 114
2726 2345 0 115
2727 2345 0 116
2728 2345 0 115
2729 2345 0 116
2730 2345 0 117
2731 2345 0 116
2732 2345 0 115
2733 2345 0 114
2734 2345 0 115
2735 2345 0 115
2736 2345 0 116
2737 2345 0 115
2738 2345 0 116
2739 2345 0 116
2740 2345 0 115
2741 2345 0 116
2742 2345 0 115
2743 2345 0 114
2744 2345 0 115
2745 2345 0 114
2746 2345 0 113
2747 2345 0 114
2748 2345 0 115
2749 2345 0 116
2750 2345 0 117
2751 2345 0 116
2752 2345 0 115
2753 2345 0 112
2754 2345 0 112
2755 2345 0 113
2756 2345 0 110
2757 2345 0 109
2758 2345 0 109
2759 2345 0 108
2760 2345 0 107
2761 2345 0 106
2762 2345 0 107
2763 2345 0 106
2764 2345 0 105
2765 2345 0 104
2766 2345 0 105
2767 2345 0 104
2768 2345 0 105
2769 2345 0 105
2770 2345 0 106
2771 2345 0 105
2772 2345 0 106
2773 2345 0 106
2774 2345 0 107
2775 2345 0 108
2776 2345 0 108
2777 2345 0 109
2778 2345 0 109
2779 2345 0 108
2780 2345 0 107
2781 2345 0 106
2782 2345 0 106
2783 2345 0 107
2784 2345 0 107
2785 2345 0 107
2786 2345 0 107
2787 2345 0 108
2788 2345 0 107
2789 2345 0 108
2790 2345 0 108
2791 2345 0 109
2792 2345 0 108
2793 2345 0 107
2794 2345 0 108
2795 2344 0 107
2796 2344 0 107
2797 2344 0 108
2798 2344 0 107
2799 2344 0 108
2800 2344 0 108
2801 2344 0 109
2802 2344 0 109
2803 2344 0 109
2804 2344 0 109
2805 2344 0 110
2806 2344 0 111
2807 2344 0 110
2808 2344 0 109
2809 2344 0 110
2810 2344 0 110
2811 2344 0 110
2812 2344 0 110
2813 2344 0 111
2814 2344 0 110
2815 2344 0 111
2816 2344 0 111
2817 2344 0 110
2818 2344 0 111
2819 2344 0 112
2820 2344 0 111
2821 2344 0 110
2822 2344 0 108
2823 2344 0 109
2824 2344 0 110
2825 2344 0 109
2826 2344 0 110
2827 2344 0 111
2828 2344 0 110
2829 2344 0 111
2830 2344 0 112
2831 2344 0 111
2832 2344 0 111
2833 2344 0 112
2834 2344 0 113
2835 2344 0 112
2836 2344 0 113
2837 2344 0 112
2838 2344 0 113
2839 2344 0 112
2840 2344 0 112
2841 2344 0 113
2842 2344 0 114
2843 2344 0 113
2844 2344 0 114
2845 2344 0 113
2846 2344 0 113
2847 2344 0 113
2848 2344 0 112
2849 2344 0 111
2850 2344 0 112
2851 2344 0 111
2852 2344 0 112
2853 2344 0 113
2854 2344 0 112
2855 2344 0 110
2856 2344 0 111
2857 2344 0 110
2858 2344 0 109
2859 2344 0 109
2860 2344 0 110
2861 2344 0 109
2862 2344 0 110
2863 2344 0 109
2864 2344 0 109
2865 2344 0 109
2866 2344 0 110
2867 2344 0 109
2868 2344 0 110
2869 2344 0 109
2870 2344 0 110
2871 2344 0 111
2872 2344 0 111
2873 2344 0 112
2874 2344 0 113
2875 2344 0 113
2876 2344 0 112
2877 2344 0 113
2878 2344 0 113
2879 2344 0 112
2880 2343 0 111
2881 2343 0 111
2882 2343 0 112
2883 2343 0 111
2884 2343 0 112
2885 2343 0 111
2886 2343 0 110
2887 2343 0 111
2888 2343 0 109
2889 2343 0 108
2890 2343 0 107
2891 2343 0 108
2892 2343 0 107
2893 2343 0 106
2894 2343 0 106
2895 2343 0 105
2896 2343 0 105
2897 2343 0 106
2898 2343 0 107
2899 2343 0 106
2900 2343 0 107
2901 2343 0 106
2902 2343 0 107
2903 2343 0 106
2904 2343 0 107
2905 2343 0 108
2906 2343 0 108
2907 2343 0 109
2908 2343 0 108
2909 2343 0 107
2910 2343 0 108
2911 2343 0 107
2912 2343 0 108
2913 2343 0 109
2914 2343 0 108
2915 2343 0 107
2916 2343 0 108
2917 2343 0 109
2918 2343 0 110
2919 2343 0 110
2920 2343 0 109
2921 2343 0 110
2922 2343 0 110
2923 2343 0 109
2924 2343 0 108
2925 2343 0 109
2926 2343 0 106
2927 2343 0 107
2928 2343 0 107
2929 2343 0 108
2930 2343 0 107
2931 2343 0 108
2932 2343 0 105
2933 2343 0 106
2934 2343 0 107
2935 2343 0 106
2936 2343 0 107
2937 2343 0 106
2938 2343 0 107
2939 2343 0 106
2940 2343 0 105
2941 2343 0 105
2942 2343 0 106
2943 2343 0 107
2944 2343 0 108
2945 2343 0 108
2946 2343 0 108
2947 2343 0 107
2948 2343 0 108
2949 2343 0 109
2950 2343 0 109
2951 2343 0 110
2952 2343 0 109
2953 2343 0 110
2954 2343 0 108
2955 2343 0 109
2956 2343 0 108
2957 2343 0 108
2958 2343 0 109
2959 2343 0 109
2960 2343 0 108
2961 2343 0 106
2962 2343 0 107
2963 2343 0 108
2964 2343 0 108
2965 2343 0 109
2966 2343 0 108
2967 2343 0 107
2968 2343 0 106
2969 2343 0 105
2970 2343 0 104
2971 2343 0 103
2972 2343 0 102
2973 2343 0 101
2974 2343 0 101
2975 2343 0 102
2976 2343 0 102
2977 2343 0 103
2978 2343 0 104
2979 2343 0 104
2980 2343 0 105
2981 2343 0 105
2982 2343 0 106
2983 2343 0 105
2984 2343 0 104
2985 2343 0 105
2986 2343 0 104
2987 2343 0 105
2988 2343 0 106
2989 2343 0 106
2990 2343 0 107
2991 2343 0 108
2992 2343 0 107
2993 2343 0 106
2994 2343 0 107
2995 2343 0 108
2996 2343 0 107
2997 2343 0 106
2998 2343 0 107
2999 2343 0 105
3000 2343 0 104
3001 2343 0 104
3002 2343 0 103
3003 2343 0 102
3004 2343 0 101
3005 2343 0 99
3006 2343 0 100
3007 2343 0 98
3008 2343 0 98
3009 2343 0 98
3010 2343 0 99
3011 2343 0 100
3012 2343 0 100
3013 2343 0 99
3014 2343 0 100
3015 2343 0 99
3016 2343 0 96
3017 2343 0 96
3018 2343 0 95
3019 2343 0 95
3020 2343 0 96
3021 2343 0 97
3022 2343 0 98
3023 2343 0 98
3024 2343 0 99
3025 2343 0 100
3026 2343 0 99
3027 2343 0 98
3028 2343 0 99
3029 2343 0 100
3030 2343 0 101
3031 2343 0 102
3032 2343 0 102
3033 2343 0 103
3034 2343 0 104
3035 2343 0 103
3036 2343 0 104
3037 2343 0 105
3038 2343 0 106
3039 2343 0 105
3040 2343 0 106
3041 2343 0 105
3042 2343 0 106
3043 2343 0 106
3044 2343 0 107
3045 2343 0 108
3046 2343 0 109
3047 2343 0 108
3048 2343 0 107
3049 2343 0 106
3050 2343 0 105
3051 2343 0 104
3052 2343 0 105
3053 2343 0 105
3054 2343 0 105
3055 2343 0 106
3056 2343 0 105
3057 2343 0 105
3058 2343 0 106
3059 2343 0 107
3060 2343 0 108
3061 2343 0 108
3062 2343 0 107
3063 2343 0 108
3064 2343 0 109
3065 2343 0 108
3066 2343 0 109
3067 2343 0 108
3068 2343 0 108
3069 2343 0 108
3070 2343 0 107
3071 2343 0 106
3072 2343 0 107
3073 2343 0 108
3074 2343 0 108
3075 2343 0 109
3076 2343 0 108
3077 2343 0 106
3078 2343 0 105
3079 2343 0 105
3080 2343 0 106
3081 2343 0 107
3082 2343 0 106
3083 2343 0 107
3084 2343 0 106
3085 2343 0 106
3086 2343 0 107
3087 2343 0 107
3088 2343 0 107
3089 2343 0 108
3090 2343 0 109
3091 2343 0 110
3092 2343 0 109
3093 2343 0 108
3094 2343 0 109
3095 2343 0 110
3096 2343 0 111
3097 2343 0 110
3098 2343 0 108
3099 2343 0 109
3100 2343 0 110
3101 2343 0 111
3102 2343 0 110
3103 2343 0 109
3104 2343 0 110
3105 2343 0 110
3106 2343 0 109
3107 2343 0 108
3108 2343 0 108
3109 2343 0 108
3110 2343 0 109
3111 2343 0 107
3112 2343 0 106
3113 2343 0 107
3114 2343 0 107
3115 2343 0 108
3116 2343 0 109
3117 2343 0 110
3118 2343 0 109
3119 2343 0 108
3120 2343 0 107
3121 2343 0 105
3122 2343 0 105
3123 2343 0 105
3124 2343 0 104
3125 2343 0 105
3126 2343 0 106
3127 2343 0 105
3128 2343 0 104
3129 2343 0 104
3130 2343 0 105
3131 2343 0 104
3132 2343 0 103
3133 2343 0 104
3134 2343 0 103
3135 2343 0 104
3136 2343 0 105
3137 2343 0 104
3138 2343 0 105
3139 2343 0 105
3140 2343 0 106
3141 2343 0 105
3142 2343 0 106
3143 2343 0 105
3144 2343 0 105
3145 2343 0 106
3146 2343 0 105
3147 2343 0 105
3148 2343 0 104
3149 2343 0 105
3150 2343 0 105
3151 2343 0 105
3152 2343 0 106
3153 2343 0 107
3154 2343 0 107
3155 2343 0 106
3156 2343 0 105
3157 2343 0 105
3158 2343 0 104
3159 2343 0 105
3160 2343 0 106
3161 2343 0 106
3162 2343 0 106
3163 2343 0 105
3164 2343 0 104
3165 2343 0 104
3166 2343 0 103
3167 2343 0 104
3168 2343 0 104
3169 2343 0 103
3170 2343 0 102
3171 2343 0 103
3172 2343 0 103
3173 2343 0 102
3174 2343 0 103
3175 2343 0 103
3176 2343 0 103
3177 2343 0 102
3178 2343 0 103
3179 2343 0 104
3180 2343 0 104
3181 2343 0 103
3182 2343 0 104
3183 2343 0 104
3184 2343 0 104
3185 2343 0 104
3186 2343 0 103
3187 2343 0 104
3188 2343 0 103
3189 2343 0 104
3190 2343 0 105
3191 2343 0 104
3192 2343 0 105
3193 2343 0 104
3194 2343 0 104
3195 2343 0 103
3196 2343 0 104
3197 2343 0 103
3198 2343 0 103
3199 2343 0 103
3200 2343 0 102
3201 2343 0 103
3202 2343 0 102
3203 2343 0 103
3204 2343 0 102
3205 2343 0 103
3206 2343 0 102
3207 2343 0 103
3208 2343 0 104
3209 2343 0 105
3210 2343 0 106
3211 2343 0 105
3212 2343 0 104
3213 2343 0 105
3214 2343 0 106
3215 2343 0 105
3216 2343 0 106
3217 2343 0 107
3218 2343 0 107
3219 2343 0 108
3220 2343 0 109
3221 2343 0 108
3222 2343 0 109
3223 2343 0 109
3224 2343 0 110
3225 2343 0 109
3226 2343 0 109
3227 2343 0 108
3228 2343 0 108
3229 2343 0 108
3230 2343 0 108
3231 2343 0 109
3232 2343 0 110
3233 2343 0 109
3234 2343 0 110
3235 2343 0 111
3236 2343 0 110
3237 2343 0 111
3238 2343 0 109
3239 2343 0 108
3240 2343 0 109
