2 0 0 0 0 1
3 0 0 0 0 1
4 0 0 0 0 1
4 2 1 0 2 0
4 4 0 0 2 0
5 0 0 0 0 1
5 2 0 0 2 0
6 0 0 0 0 1
6 0 1 0 1 0
6 1 0 0 2 0
7 0 1 0 2 0
7 0 0 0 0 1
7 0 0 0 1 0
7 0 0 0 2 0
7 5 0 0 2 0
7 7 1 0 3 0
8 0 0 0 0 1
8 0 1 0 3 0
8 5 1 0 2 0
8 5 1 0 2 0
8 6 1 0 2 0
8 9 1 0 3 0
9 0 0 0 0 1
9 6 0 0 2 0
9 9 1 0 2 0
10 0 1 0 3 0
10 0 0 0 0 1
10 0 1 0 2 0
10 10 0 0 2 0
11 0 0 0 0 1
11 0 1 0 2 0
11 3 0 0 2 0
11 4 1 0 2 0
11 8 0 0 2 0
11 8 0 0 2 0
11 8 1 0 2 0
12 0 0 0 0 1
12 0 1 0 2 0
12 1 1 0 2 0
12 5 1 0 2 0
12 6 0 0 2 0
13 0 0 0 0 1
13 0 0 0 2 0
13 1 1 0 2 0
13 5 1 0 2 0
13 6 0 0 2 0
13 10 1 0 2 0
14 0 0 0 0 1
14 9 0 0 2 0
14 10 0 0 2 0
15 0 0 0 1 0
15 0 0 0 0 1
15 0 1 0 3 0
15 0 1 0 2 0
15 0 0 0 2 0
15 0 1 0 2 0
15 1 1 0 2 0
15 1 0 0 2 0
15 2 0 0 2 0
15 7 0 0 2 0
15 8 0 0 2 0
16 0 0 0 0 1
16 0 1 0 2 0
16 0 1 0 2 0
16 1 1 0 2 0
16 10 0 0 2 0
17 0 0 0 0 1
17 0 2 0 3 0
17 1 0 0 2 0
17 2 0 0 2 0
17 4 0 0 2 0
17 7 0 0 2 0
18 0 0 0 0 1
18 0 1 0 2 0
18 0 1 0 2 0
18 4 0 0 2 0
18 5 0 0 2 0
18 7 0 0 2 0
18 8 0 0 2 0
19 0 0 0 0 1
19 0 1 0 2 0
19 0 1 0 2 0
19 1 1 0 2 0
19 2 0 0 2 0
19 5 1 0 3 0
20 0 1 0 2 0
20 0 1 0 1 0
20 0 0 0 0 1
20 6 0 0 2 0
20 8 0 0 2 0
21 0 0 0 0 1
21 0 1 0 2 0
21 0 1 0 2 0
21 0 1 0 2 0
21 3 1 0 2 0
21 9 0 0 2 0
22 0 0 0 0 1
22 0 1 0 3 0
22 3 1 0 2 0
22 4 1 0 2 0
22 6 0 0 2 0
22 8 0 0 2 0
23 0 0 0 0 1
23 6 0 0 2 0
23 9 0 0 2 0
23 9 1 0 2 0
24 0 0 0 0 1
24 0 1 0 2 0
24 3 1 0 2 0
24 4 0 0 2 0
24 5 0 0 2 0
24 10 1 0 2 0
25 0 0 0 0 1
25 0 2 0 2 0
25 0 1 0 2 0
25 2 0 0 2 0
25 5 1 0 2 0
25 6 0 0 2 0
26 0 0 0 0 1
26 0 1 0 3 0
26 0 1 0 3 0
26 3 0 0 2 0
26 5 1 0 2 0
26 8 0 0 2 0
27 0 0 0 0 1
27 0 1 0 2 0
27 0 1 0 1 0
27 4 1 0 2 0
27 10 1 0 2 0
28 0 0 0 0 1
28 0 1 0 3 0
28 0 2 0 2 0
28 2 0 0 2 0
28 4 0 0 2 0
28 7 0 0 2 0
29 0 0 0 0 1
29 0 1 0 2 0
29 2 0 0 2 0
29 3 1 0 2 0
29 5 0 0 2 0
29 7 0 0 2 0
29 8 0 0 2 0
30 0 0 0 0 1
30 0 0 0 1 0
30 0 1 0 3 0
30 0 1 0 2 0
30 2 1 0 2 0
30 4 1 0 2 0
30 10 0 0 2 0
